251-nods-found-batch-output,JON_188_idf_sha_nods_p1_r100_t518400_5M_25d_15h_52m_11s_square.retrofit-ae28c3d=retrofit2.adapter.rxjava.CompletableThrowingSafeSubscriberTest.throwingInOnCompleteDeliveredToPlugin_output_1590439935,1590440589,1590440191,398
251-nods-found-batch-output,JON_188_idf_sha_nods_p1_r100_t518400_5M_25d_15h_52m_11s_square.retrofit-ae28c3d=retrofit2.CallTest.cancelOkHttpRequest_output_1590439935,1590440888,1590440210,678
251-nods-found-batch-output,JON_188_idf_sha_nods_p1_r100_t518400_5M_25d_15h_52m_11s_square.retrofit-ae28c3d=retrofit2.CallTest.cancelRequest_output_1590439935,1590440811,1590440210,601
251-nods-found-batch-output,JON_188_idf_sha_nods_p1_r100_t518400_5M_25d_15h_52m_11s_tootallnate.java-websocket-fa3909c=org.java_websocket.issues.Issue256Test.runReconnectBlockingScenario1_output_1590439935,1590440605,1590440210,395
251-nods-found-batch-output,JON_188_idf_sha_nods_p1_r100_t518400_5M_25d_15h_52m_11s_tootallnate.java-websocket-fa3909c=org.java_websocket.issues.Issue256Test.runReconnectBlockingScenario2_output_1590439935,1590440673,1590440212,461
251-nods-found-batch-output,JON_188_idf_sha_nods_p1_r100_t518400_5M_25d_15h_52m_11s_tootallnate.java-websocket-fa3909c=org.java_websocket.issues.Issue256Test.runReconnectBlockingScenario3_output_1590439935,1590440612,1590440210,402
251-nods-found-batch-output,JON_188_idf_sha_nods_p1_r100_t518400_5M_25d_15h_52m_11s_tootallnate.java-websocket-fa3909c=org.java_websocket.issues.Issue256Test.runReconnectBlockingScenario4_output_1590439935,1590440686,1590440214,472
251-nods-found-batch-output,JON_188_idf_sha_nods_p1_r100_t518400_5M_25d_15h_52m_11s_tootallnate.java-websocket-fa3909c=org.java_websocket.issues.Issue256Test.runReconnectBlockingScenario5_output_1590439935,1590440630,1590440210,420
251-nods-found-batch-output,JON_188_idf_sha_nods_p1_r100_t518400_5M_25d_15h_52m_11s_tootallnate.java-websocket-fa3909c=org.java_websocket.issues.Issue256Test.runReconnectBlockingScenario6_output_1590439935,1590440632,1590440211,421
251-nods-found-batch-output,JON_188_idf_sha_nods_p1_r100_t518400_5M_25d_15h_52m_11s_tootallnate.java-websocket-fa3909c=org.java_websocket.issues.Issue256Test.runReconnectBlockingScenario7_output_1590439935,1590440634,1590440214,420
251-nods-found-batch-output,JON_188_idf_sha_nods_p1_r100_t518400_5M_25d_15h_52m_11s_tootallnate.java-websocket-fa3909c=org.java_websocket.issues.Issue256Test.runReconnectBlockingScenario8_output_1590439935,1590440688,1590440217,471
251-nods-found-batch-output,JON_188_idf_sha_nods_p1_r100_t518400_5M_25d_15h_52m_11s_tootallnate.java-websocket-fa3909c=org.java_websocket.issues.Issue256Test.runReconnectBlockingScenario9_output_1590439935,1590440681,1590440219,462
251-nods-found-batch-output,JON_188_idf_sha_nods_p1_r100_t518400_5M_25d_15h_52m_11s_tootallnate.java-websocket-fa3909c=org.java_websocket.issues.Issue256Test.runReconnectScenario0_output_1590439935,1590440798,1590440217,581
251-nods-found-batch-output,JON_188_idf_sha_nods_p1_r100_t518400_5M_25d_15h_52m_11s_tootallnate.java-websocket-fa3909c=org.java_websocket.issues.Issue256Test.runReconnectScenario1_output_1590439935,1590440740,1590440219,521
251-nods-found-batch-output,JON_188_idf_sha_nods_p1_r100_t518400_5M_25d_15h_52m_11s_tootallnate.java-websocket-fa3909c=org.java_websocket.issues.Issue256Test.runReconnectScenario2_output_1590439935,1590440795,1590440221,574
251-nods-found-batch-output,JON_188_idf_sha_nods_p1_r100_t518400_5M_25d_15h_52m_11s_tootallnate.java-websocket-fa3909c=org.java_websocket.issues.Issue256Test.runReconnectScenario3_output_1590439935,1590440783,1590440219,564
251-nods-found-batch-output,JON_188_idf_sha_nods_p1_r100_t518400_5M_25d_15h_52m_11s_tootallnate.java-websocket-fa3909c=org.java_websocket.issues.Issue256Test.runReconnectScenario4_output_1590439935,1590440744,1590440202,542
251-nods-found-batch-output,JON_188_idf_sha_nods_p1_r100_t518400_5M_25d_15h_52m_11s_tootallnate.java-websocket-fa3909c=org.java_websocket.issues.Issue256Test.runReconnectScenario5_output_1590439935,1590440774,1590440221,553
251-nods-found-batch-output,JON_188_idf_sha_nods_p1_r100_t518400_5M_25d_15h_52m_11s_tootallnate.java-websocket-fa3909c=org.java_websocket.issues.Issue256Test.runReconnectScenario6_output_1590439935,1590440681,1590440226,455
251-nods-found-batch-output,JON_188_idf_sha_nods_p1_r100_t518400_5M_25d_15h_52m_11s_tootallnate.java-websocket-fa3909c=org.java_websocket.issues.Issue256Test.runReconnectScenario7_output_1590439935,1590440775,1590440223,552
251-nods-found-batch-output,JON_188_idf_sha_nods_p1_r100_t518400_5M_25d_15h_52m_11s_tootallnate.java-websocket-fa3909c=org.java_websocket.issues.Issue256Test.runReconnectScenario8_output_1590439935,1590440775,1590440230,545
251-nods-found-batch-output,JON_188_idf_sha_nods_p1_r100_t518400_5M_25d_15h_52m_11s_tootallnate.java-websocket-fa3909c=org.java_websocket.issues.Issue256Test.runReconnectScenario9_output_1590439935,1590440769,1590440223,546
251-nods-found-batch-output,JON_188_idf_sha_nods_p1_r100_t518400_5M_25d_15h_52m_11s_tootallnate.java-websocket-fa3909c=org.java_websocket.issues.Issue580Test.runNoCloseBlockingTestScenario0_output_1590439935,1590440667,1590440224,443
251-nods-found-batch-output,JON_188_idf_sha_nods_p1_r100_t518400_5M_25d_15h_52m_11s_tootallnate.java-websocket-fa3909c=org.java_websocket.issues.Issue580Test.runNoCloseBlockingTestScenario2_output_1590439935,1590440698,1590440228,470
251-nods-found-batch-output,JON_188_idf_sha_nods_p1_r100_t518400_5M_25d_15h_52m_11s_tootallnate.java-websocket-fa3909c=org.java_websocket.issues.Issue580Test.runNoCloseBlockingTestScenario3_output_1590439935,1590440724,1590440228,496
251-nods-found-batch-output,JON_188_idf_sha_nods_p1_r100_t518400_5M_25d_15h_52m_11s_tootallnate.java-websocket-fa3909c=org.java_websocket.issues.Issue580Test.runNoCloseBlockingTestScenario4_output_1590439935,1590440675,1590440230,445
251-nods-found-batch-output,JON_188_idf_sha_nods_p1_r100_t518400_5M_25d_15h_52m_11s_tootallnate.java-websocket-fa3909c=org.java_websocket.issues.Issue580Test.runNoCloseBlockingTestScenario5_output_1590439935,1590440710,1590440228,482
251-nods-found-batch-output,JON_188_idf_sha_nods_p1_r100_t518400_5M_25d_15h_52m_11s_tootallnate.java-websocket-fa3909c=org.java_websocket.issues.Issue580Test.runNoCloseBlockingTestScenario8_output_1590439935,1590440672,1590440226,446
251-nods-found-batch-output,JON_188_idf_sha_nods_p1_r100_t518400_5M_25d_15h_52m_11s_tootallnate.java-websocket-fa3909c=org.java_websocket.issues.Issue677Test.testIssue_output_1590439935,1590440680,1590440230,450
251-nods-found-batch-output,JON_188_idf_sha_nods_p1_r100_t518400_5M_25d_15h_52m_11s_tootallnate.java-websocket-fa3909c=org.java_websocket.issues.Issue713Test.testIssue_output_1590439935,1590440705,1590440228,477
251-nods-found-batch-output,JON_188_idf_sha_nods_p1_r100_t518400_5M_25d_15h_52m_11s_tootallnate.java-websocket-fa3909c=org.java_websocket.misc.OpeningHandshakeRejectionTest.testHandshakeRejectionTestCase10_output_1590439935,1590440768,1590440230,538
251-nods-found-batch-output,JON_188_idf_sha_nods_p1_r100_t518400_5M_25d_15h_52m_11s_tootallnate.java-websocket-fa3909c=org.java_websocket.misc.OpeningHandshakeRejectionTest.testHandshakeRejectionTestCase11_output_1590439935,1590440650,1590440235,415
251-nods-found-batch-output,JON_188_idf_sha_nods_p1_r100_t518400_5M_25d_15h_52m_11s_tootallnate.java-websocket-fa3909c=org.java_websocket.misc.OpeningHandshakeRejectionTest.testHandshakeRejectionTestCase2_output_1590439935,1590440614,1590440237,377
251-nods-found-batch-output,JON_188_idf_sha_nods_p1_r100_t518400_5M_25d_15h_52m_11s_tootallnate.java-websocket-fa3909c=org.java_websocket.misc.OpeningHandshakeRejectionTest.testHandshakeRejectionTestCase3_output_1590439935,1590440695,1590440233,462
251-nods-found-batch-output,JON_188_idf_sha_nods_p1_r100_t518400_5M_25d_15h_52m_11s_tootallnate.java-websocket-fa3909c=org.java_websocket.misc.OpeningHandshakeRejectionTest.testHandshakeRejectionTestCase4_output_1590439935,1590440703,1590440232,471
251-nods-found-batch-output,JON_188_idf_sha_nods_p1_r100_t518400_5M_25d_15h_52m_11s_tootallnate.java-websocket-fa3909c=org.java_websocket.misc.OpeningHandshakeRejectionTest.testHandshakeRejectionTestCase5_output_1590439935,1590440679,1590440232,447
251-nods-found-batch-output,JON_188_idf_sha_nods_p1_r100_t518400_5M_25d_15h_52m_11s_tootallnate.java-websocket-fa3909c=org.java_websocket.misc.OpeningHandshakeRejectionTest.testHandshakeRejectionTestCase6_output_1590439935,1590440658,1590440237,421
251-nods-found-batch-output,JON_188_idf_sha_nods_p1_r100_t518400_5M_25d_15h_52m_11s_tootallnate.java-websocket-fa3909c=org.java_websocket.misc.OpeningHandshakeRejectionTest.testHandshakeRejectionTestCase7_output_1590439935,1590440725,1590440237,488
251-nods-found-batch-output,JON_188_idf_sha_nods_p1_r100_t518400_5M_25d_15h_52m_11s_tootallnate.java-websocket-fa3909c=org.java_websocket.misc.OpeningHandshakeRejectionTest.testHandshakeRejectionTestCase8_output_1590439935,1590440628,1590440239,389
251-nods-found-batch-output,JON_188_idf_sha_nods_p1_r100_t518400_5M_25d_15h_52m_11s_tootallnate.java-websocket-fa3909c=org.java_websocket.misc.OpeningHandshakeRejectionTest.testHandshakeRejectionTestCase9_output_1590439935,1590440603,1590440242,361
251-nods-found-batch-output,JON_188_idf_sha_nods_p1_r100_t518400_5M_25d_15h_52m_11s_tootallnate.java-websocket-fa3909c=org.java_websocket.protocols.ProtoclHandshakeRejectionTest.testHandshakeRejectionTestCase10_output_1590439935,1590440665,1590440241,424
251-nods-found-batch-output,JON_188_idf_sha_nods_p1_r100_t518400_5M_25d_15h_52m_11s_tootallnate.java-websocket-fa3909c=org.java_websocket.protocols.ProtoclHandshakeRejectionTest.testHandshakeRejectionTestCase11_output_1590439935,1590440626,1590440242,384
251-nods-found-batch-output,JON_188_idf_sha_nods_p1_r100_t518400_5M_25d_15h_52m_11s_tootallnate.java-websocket-fa3909c=org.java_websocket.protocols.ProtoclHandshakeRejectionTest.testHandshakeRejectionTestCase13_output_1590439935,1590440639,1590440241,398
251-nods-found-batch-output,JON_188_idf_sha_nods_p1_r100_t518400_5M_25d_15h_52m_11s_tootallnate.java-websocket-fa3909c=org.java_websocket.protocols.ProtoclHandshakeRejectionTest.testHandshakeRejectionTestCase14_output_1590439935,1590440605,1590440241,364
251-nods-found-batch-output,JON_188_idf_sha_nods_p1_r100_t518400_5M_25d_15h_52m_11s_tootallnate.java-websocket-fa3909c=org.java_websocket.protocols.ProtoclHandshakeRejectionTest.testHandshakeRejectionTestCase16_output_1590439935,1590440604,1590440245,359
251-nods-found-batch-output,JON_188_idf_sha_nods_p1_r100_t518400_5M_25d_15h_52m_11s_tootallnate.java-websocket-fa3909c=org.java_websocket.protocols.ProtoclHandshakeRejectionTest.testHandshakeRejectionTestCase17_output_1590439935,1590440643,1590440247,396
251-nods-found-batch-output,JON_188_idf_sha_nods_p1_r100_t518400_5M_25d_15h_52m_11s_tootallnate.java-websocket-fa3909c=org.java_websocket.protocols.ProtoclHandshakeRejectionTest.testHandshakeRejectionTestCase2_output_1590439935,1590440669,1590440247,422
251-nods-found-batch-output,JON_188_idf_sha_nods_p1_r100_t518400_5M_25d_15h_52m_11s_tootallnate.java-websocket-fa3909c=org.java_websocket.protocols.ProtoclHandshakeRejectionTest.testHandshakeRejectionTestCase3_output_1590439935,1590440684,1590440247,437
251-nods-found-batch-output,JON_188_idf_sha_nods_p1_r100_t518400_5M_25d_15h_52m_11s_tootallnate.java-websocket-fa3909c=org.java_websocket.protocols.ProtoclHandshakeRejectionTest.testHandshakeRejectionTestCase4_output_1590439935,1590440689,1590440245,444
251-nods-found-batch-output,JON_188_idf_sha_nods_p1_r100_t518400_5M_25d_15h_52m_11s_tootallnate.java-websocket-fa3909c=org.java_websocket.protocols.ProtoclHandshakeRejectionTest.testHandshakeRejectionTestCase6_output_1590439935,1590440602,1590440205,397
251-nods-found-batch-output,JON_188_idf_sha_nods_p1_r100_t518400_5M_25d_15h_52m_11s_tootallnate.java-websocket-fa3909c=org.java_websocket.protocols.ProtoclHandshakeRejectionTest.testHandshakeRejectionTestCase8_output_1590439935,1590440700,1590440247,453
251-nods-found-batch-output,JON_188_idf_sha_nods_p1_r100_t518400_5M_25d_15h_52m_11s_tootallnate.java-websocket-fa3909c=org.java_websocket.protocols.ProtoclHandshakeRejectionTest.testHandshakeRejectionTestCase9_output_1590439935,1590440705,1590440249,456
251-nods-found-batch-output,JON_188_idf_sha_nods_p1_r100_t518400_5M_25d_15h_52m_11s_undertow-io.undertow-d0efffa=io.undertow.websockets.jsr.test.JsrWebSocketServer07Test.testErrorHandling_output_1590439935,1590441069,1590440249,820
251-nods-found-batch-output,JON_188_idf_sha_nods_p1_r100_t518400_5M_25d_15h_52m_11s_undertow-io.undertow-d0efffa=io.undertow.websockets.jsr.test.JsrWebSocketServer08Test.testErrorHandling_output_1590439935,1590441092,1590440290,802
251-nods-found-batch-output,JON_188_idf_sha_nods_p1_r100_t518400_5M_25d_15h_52m_11s_undertow-io.undertow-d0efffa=io.undertow.websockets.jsr.test.JsrWebSocketServer13Test.testErrorHandling_output_1590439935,1590441157,1590440253,904
251-nods-found-batch-output,JON_188_idf_sha_nods_p1_r100_t518400_5M_25d_15h_52m_11s_undertow-io.undertow-d0efffa=io.undertow.websockets.jsr.test.reconnect.ClientEndpointReconnectTestCase.testAnnotatedClientEndpoint_output_1590439935,1590441192,1590440248,944
251-nods-found-batch-output,JON_188_idf_sha_nods_p1_r100_t518400_5M_25d_15h_52m_11s_vert-x3.vertx-mqtt-c8213e0=io.vertx.mqtt.test.server.MqttServerClientIdentifierTest.testValidClientIdentifier_output_1590439935,1590440302,1590440288,14
251-nods-found-batch-output,JON_188_idf_sha_nods_p1_r100_t518400_5M_25d_15h_52m_11s_vert-x3.vertx-mqtt-c8213e0=io.vertx.mqtt.test.server.MqttServerClientPublishTest.publishQos0_output_1590439935,1590440264,1590440248,16
251-nods-found-batch-output,JON_188_idf_sha_nods_p1_r100_t518400_5M_25d_15h_52m_11s_vert-x3.vertx-mqtt-c8213e0=io.vertx.mqtt.test.server.MqttServerConnectionTest.accepted_output_1590439935,1590440263,1590440249,14
251-nods-found-batch-output,JON_188_idf_sha_nods_p1_r100_t518400_5M_25d_15h_52m_11s_vert-x3.vertx-mqtt-c8213e0=io.vertx.mqtt.test.server.MqttServerConnectionTest.connectionAlreadyAccepted_output_1590439935,1590440301,1590440286,15
251-nods-found-batch-output,JON_188_idf_sha_nods_p1_r100_t518400_5M_25d_15h_52m_11s_vert-x3.vertx-mqtt-c8213e0=io.vertx.mqtt.test.server.MqttServerConnectionTest.noConnectSent_output_1590439935,1590440349,1590440333,16
251-nods-found-batch-output,JON_188_idf_sha_nods_p1_r100_t518400_5M_25d_15h_52m_11s_vert-x3.vertx-mqtt-c8213e0=io.vertx.mqtt.test.server.MqttServerUnsubscribeTest.unsubscribe_output_1590439935,1590440222,1590440208,14
251-nods-found-batch-output,JON_188_idf_sha_nods_p1_r100_t518400_5M_25d_15h_52m_11s_vert-x3.vertx-rabbitmq-client-7305bcd=io.vertx.rabbitmq.RabbitMQClientReconnectTest.testReconnect_output_1590439935,1590440928,1590440329,599
251-nods-found-batch-output,JON_188_idf_sha_nods_p1_r100_t518400_5M_25d_15h_52m_11s_vert-x3.vertx-rabbitmq-client-7305bcd=io.vertx.rabbitmq.RabbitMQConsumptionStreamingTest.keepMostRecentOptionShouldWorks_output_1590439935,1590440927,1590440292,635
251-nods-found-batch-output,JON_188_idf_sha_nods_p1_r100_t518400_5M_25d_15h_52m_11s_vert-x3.vertx-rabbitmq-client-7305bcd=io.vertx.rabbitmq.RabbitMQConsumptionStreamingTest.pauseAndResumeShouldWork_output_1590439935,1590440938,1590440295,643
251-nods-found-batch-output,JON_188_idf_sha_nods_p1_r100_t518400_5M_25d_15h_52m_11s_vert-x3.vertx-rabbitmq-client-7305bcd=io.vertx.rabbitmq.RabbitMQServiceTest.testBasicCancel_output_1590439935,1590440912,1590440267,645
251-nods-found-batch-output,JON_188_idf_sha_nods_p1_r100_t518400_5M_25d_15h_52m_11s_vert-x3.vertx-rabbitmq-client-7305bcd=io.vertx.rabbitmq.RabbitMQServiceTest.testBasicConsume_output_1590439935,1590440907,1590440266,641
251-nods-found-batch-output,JON_188_idf_sha_nods_p1_r100_t518400_5M_25d_15h_52m_11s_vert-x3.vertx-rabbitmq-client-7305bcd=io.vertx.rabbitmq.RabbitMQServiceTest.testGetMessageCount_output_1590439935,1590440967,1590440334,633
251-nods-found-batch-output,JON_188_idf_sha_nods_p1_r100_t518400_5M_25d_15h_52m_11s_vert-x3.vertx-rabbitmq-client-7305bcd=io.vertx.rabbitmq.RabbitMQServiceTest.testMessageOrderingWhenConsumingNewApi_output_1590439935,1590441062,1590440300,762
251-nods-found-batch-output,JON_188_idf_sha_nods_p1_r100_t518400_5M_25d_15h_52m_11s_visallo.vertexium-f1fd59e=org.vertexium.accumulo.AccumuloGraphTest.testFindPathsMultiplePaths_output_1590439935,1590440346,1590440302,44
251-nods-found-batch-output,JON_188_idf_sha_nods_p1_r100_t518400_5M_25d_15h_52m_11s_visallo.vertexium-f1fd59e=org.vertexium.accumulo.AccumuloGraphTest.testFindRelatedEdgesPerformance_output_1590439935,1590440339,1590440302,37
251-nods-found-batch-output,JON_188_idf_sha_nods_p1_r100_t518400_5M_25d_15h_52m_11s_visallo.vertexium-f1fd59e=org.vertexium.inmemory.InMemoryGraphTest.manyVisibilities_output_1590439935,1590440338,1590440305,33
251-nods-found-batch-output,JON_188_idf_sha_nods_p1_r100_t518400_5M_25d_15h_52m_11s_visallo.vertexium-f1fd59e=org.vertexium.inmemory.InMemoryGraphTest.testMarkPropertyVisible_output_1590439935,1590440328,1590440304,24
251-nods-found-batch-output,JON_188_idf_sha_nods_p1_r100_t518400_5M_25d_15h_52m_11s_visallo.vertexium-f1fd59e=org.vertexium.util.IncreasingTimeTest.currentTimeMillisReturnsTimeGreaterThanSystemTime_output_1590439935,1590440333,1590440305,28
251-nods-found-batch-output,JON_188_idf_sha_nods_p1_r100_t518400_5M_25d_15h_52m_11s_vmware.admiral-e4b0293=com.vmware.admiral.adapter.registry.service.RegistryAdapterServiceProxyTest.testInitWithProxyWithList_output_1590439935,1590441078,1590440333,745
251-nods-found-batch-output,JON_188_idf_sha_nods_p1_r100_t518400_5M_25d_15h_52m_11s_vmware.admiral-e4b0293=com.vmware.admiral.adapter.registry.service.RegistryAdapterServiceTest.testDockerHubListImageTags_output_1590439935,1590441053,1590440304,749
251-nods-found-batch-output,JON_188_idf_sha_nods_p1_r100_t518400_5M_25d_15h_52m_11s_vmware.admiral-e4b0293=com.vmware.admiral.adapter.registry.service.RegistryAdapterServiceTest.testSameRegistryAsGlobalAndProject_output_1590439935,1590441152,1590440327,825
251-nods-found-batch-output,JON_188_idf_sha_nods_p1_r100_t518400_5M_25d_15h_52m_11s_vmware.admiral-e4b0293=com.vmware.admiral.adapter.registry.service.RegistryAdapterServiceTest.testSameRegistryTwoDifferentProjectsNotRemoveOldTenantLinkShouldFail_output_1590439935,1590441096,1590440325,771
251-nods-found-batch-output,JON_188_idf_sha_nods_p1_r100_t518400_5M_25d_15h_52m_11s_vmware.admiral-e4b0293=com.vmware.admiral.adapter.registry.service.RegistryAdapterServiceTest.testV1Ping_output_1590439935,1590441198,1590440320,878
251-nods-found-batch-output,JON_188_idf_sha_nods_p1_r100_t518400_5M_25d_15h_52m_11s_wro4j.wro4j-185ab60=ro.isdc.wro.extensions.processor.TestBourbonCssProcessor.shouldBeThreadSafe_output_1590439935,1590441511,1590440333,1178
251-nods-found-batch-output,JON_188_idf_sha_nods_p1_r100_t518400_5M_25d_15h_52m_11s_wro4j.wro4j-185ab60=ro.isdc.wro.extensions.processor.TestRubySassCssProcessor.shouldBeThreadSafeWhenInitializingProcessor_output_1590439935,1590441560,1590440327,1233
251-nods-found-batch-output,JON_188_idf_sha_nods_p1_r100_t518400_5M_25d_15h_52m_11s_wso2.carbon-apimgt-a82213e=org.wso2.carbon.apimgt.throttling.siddhi.extension.ThrottleTimeBatchWindowTestCase.throttleTimeWindowBatchTest1_output_1590439935,1590442714,1590440333,2381
251-nods-found-batch-output,JON_188_idf_sha_nods_p1_r100_t518400_5M_25d_15h_52m_11s_zalando.riptide-8277e11=org.zalando.riptide.backup.BackupRequestPluginTest.shouldUseBackupRequest_output_1590439935,1590441373,1590440333,1040
251-nods-found-batch-output,JON_188_idf_sha_nods_p1_r100_t518400_5M_25d_15h_52m_11s_zalando.riptide-8277e11=org.zalando.riptide.failsafe.RetryAfterDelayFunctionTest.shouldRetryOnDemandWithDynamicDelay_output_1590439935,1590441165,1590440336,829
251-nods-found-batch-output,JON_188_idf_sha_nods_p1_r100_t518400_5M_25d_15h_55m_9s_square.retrofit-ae28c3d=retrofit2.adapter.rxjava.CompletableThrowingSafeSubscriberTest.throwingInOnCompleteDeliveredToPlugin_output_1590440113,1590440808,1590440409,399
251-nods-found-batch-output,JON_188_idf_sha_nods_p1_r100_t518400_5M_25d_15h_55m_9s_square.retrofit-ae28c3d=retrofit2.CallTest.cancelOkHttpRequest_output_1590440113,1590441068,1590440413,655
251-nods-found-batch-output,JON_188_idf_sha_nods_p1_r100_t518400_5M_25d_15h_55m_9s_square.retrofit-ae28c3d=retrofit2.CallTest.cancelRequest_output_1590440113,1590441172,1590440413,759
251-nods-found-batch-output,JON_188_idf_sha_nods_p1_r100_t518400_5M_25d_15h_55m_9s_tootallnate.java-websocket-fa3909c=org.java_websocket.issues.Issue256Test.runReconnectBlockingScenario1_output_1590440113,1590440894,1590440420,474
251-nods-found-batch-output,JON_188_idf_sha_nods_p1_r100_t518400_5M_25d_15h_55m_9s_tootallnate.java-websocket-fa3909c=org.java_websocket.issues.Issue256Test.runReconnectBlockingScenario2_output_1590440113,1590440890,1590440420,470
251-nods-found-batch-output,JON_188_idf_sha_nods_p1_r100_t518400_5M_25d_15h_55m_9s_tootallnate.java-websocket-fa3909c=org.java_websocket.issues.Issue256Test.runReconnectBlockingScenario3_output_1590440113,1590440872,1590440416,456
251-nods-found-batch-output,JON_188_idf_sha_nods_p1_r100_t518400_5M_25d_15h_55m_9s_tootallnate.java-websocket-fa3909c=org.java_websocket.issues.Issue256Test.runReconnectBlockingScenario4_output_1590440113,1590440862,1590440409,453
251-nods-found-batch-output,JON_188_idf_sha_nods_p1_r100_t518400_5M_25d_15h_55m_9s_tootallnate.java-websocket-fa3909c=org.java_websocket.issues.Issue256Test.runReconnectBlockingScenario5_output_1590440113,1590440890,1590440418,472
251-nods-found-batch-output,JON_188_idf_sha_nods_p1_r100_t518400_5M_25d_15h_55m_9s_tootallnate.java-websocket-fa3909c=org.java_websocket.issues.Issue256Test.runReconnectBlockingScenario6_output_1590440113,1590440901,1590440416,485
251-nods-found-batch-output,JON_188_idf_sha_nods_p1_r100_t518400_5M_25d_15h_55m_9s_tootallnate.java-websocket-fa3909c=org.java_websocket.issues.Issue256Test.runReconnectBlockingScenario7_output_1590440113,1590440869,1590440420,449
251-nods-found-batch-output,JON_188_idf_sha_nods_p1_r100_t518400_5M_25d_15h_55m_9s_tootallnate.java-websocket-fa3909c=org.java_websocket.issues.Issue256Test.runReconnectBlockingScenario8_output_1590440113,1590440880,1590440416,464
251-nods-found-batch-output,JON_188_idf_sha_nods_p1_r100_t518400_5M_25d_15h_55m_9s_tootallnate.java-websocket-fa3909c=org.java_websocket.issues.Issue256Test.runReconnectBlockingScenario9_output_1590440113,1590440906,1590440420,486
251-nods-found-batch-output,JON_188_idf_sha_nods_p1_r100_t518400_5M_25d_15h_55m_9s_tootallnate.java-websocket-fa3909c=org.java_websocket.issues.Issue256Test.runReconnectScenario0_output_1590440113,1590440956,1590440420,536
251-nods-found-batch-output,JON_188_idf_sha_nods_p1_r100_t518400_5M_25d_15h_55m_9s_tootallnate.java-websocket-fa3909c=org.java_websocket.issues.Issue256Test.runReconnectScenario1_output_1590440113,1590440961,1590440422,539
251-nods-found-batch-output,JON_188_idf_sha_nods_p1_r100_t518400_5M_25d_15h_55m_9s_tootallnate.java-websocket-fa3909c=org.java_websocket.issues.Issue256Test.runReconnectScenario2_output_1590440113,1590440992,1590440422,570
251-nods-found-batch-output,JON_188_idf_sha_nods_p1_r100_t518400_5M_25d_15h_55m_9s_tootallnate.java-websocket-fa3909c=org.java_websocket.issues.Issue256Test.runReconnectScenario3_output_1590440113,1590440975,1590440425,550
251-nods-found-batch-output,JON_188_idf_sha_nods_p1_r100_t518400_5M_25d_15h_55m_9s_tootallnate.java-websocket-fa3909c=org.java_websocket.issues.Issue256Test.runReconnectScenario4_output_1590440113,1590440956,1590440425,531
251-nods-found-batch-output,JON_188_idf_sha_nods_p1_r100_t518400_5M_25d_15h_55m_9s_tootallnate.java-websocket-fa3909c=org.java_websocket.issues.Issue256Test.runReconnectScenario5_output_1590440113,1590440970,1590440427,543
251-nods-found-batch-output,JON_188_idf_sha_nods_p1_r100_t518400_5M_25d_15h_55m_9s_tootallnate.java-websocket-fa3909c=org.java_websocket.issues.Issue256Test.runReconnectScenario6_output_1590440113,1590440990,1590440422,568
251-nods-found-batch-output,JON_188_idf_sha_nods_p1_r100_t518400_5M_25d_15h_55m_9s_tootallnate.java-websocket-fa3909c=org.java_websocket.issues.Issue256Test.runReconnectScenario7_output_1590440113,1590440962,1590440429,533
251-nods-found-batch-output,JON_188_idf_sha_nods_p1_r100_t518400_5M_25d_15h_55m_9s_tootallnate.java-websocket-fa3909c=org.java_websocket.issues.Issue256Test.runReconnectScenario8_output_1590440113,1590440936,1590440427,509
251-nods-found-batch-output,JON_188_idf_sha_nods_p1_r100_t518400_5M_25d_15h_55m_9s_tootallnate.java-websocket-fa3909c=org.java_websocket.issues.Issue256Test.runReconnectScenario9_output_1590440113,1590440984,1590440429,555
251-nods-found-batch-output,JON_188_idf_sha_nods_p1_r100_t518400_5M_25d_15h_55m_9s_tootallnate.java-websocket-fa3909c=org.java_websocket.issues.Issue580Test.runNoCloseBlockingTestScenario0_output_1590440113,1590440902,1590440429,473
251-nods-found-batch-output,JON_188_idf_sha_nods_p1_r100_t518400_5M_25d_15h_55m_9s_tootallnate.java-websocket-fa3909c=org.java_websocket.issues.Issue580Test.runNoCloseBlockingTestScenario2_output_1590440113,1590440874,1590440427,447
251-nods-found-batch-output,JON_188_idf_sha_nods_p1_r100_t518400_5M_25d_15h_55m_9s_tootallnate.java-websocket-fa3909c=org.java_websocket.issues.Issue580Test.runNoCloseBlockingTestScenario3_output_1590440113,1590440909,1590440429,480
251-nods-found-batch-output,JON_188_idf_sha_nods_p1_r100_t518400_5M_25d_15h_55m_9s_tootallnate.java-websocket-fa3909c=org.java_websocket.issues.Issue580Test.runNoCloseBlockingTestScenario4_output_1590440113,1590440906,1590440434,472
251-nods-found-batch-output,JON_188_idf_sha_nods_p1_r100_t518400_5M_25d_15h_55m_9s_tootallnate.java-websocket-fa3909c=org.java_websocket.issues.Issue580Test.runNoCloseBlockingTestScenario5_output_1590440113,1590440858,1590440409,449
251-nods-found-batch-output,JON_188_idf_sha_nods_p1_r100_t518400_5M_25d_15h_55m_9s_tootallnate.java-websocket-fa3909c=org.java_websocket.issues.Issue580Test.runNoCloseBlockingTestScenario8_output_1590440113,1590440904,1590440431,473
251-nods-found-batch-output,JON_188_idf_sha_nods_p1_r100_t518400_5M_25d_15h_55m_9s_tootallnate.java-websocket-fa3909c=org.java_websocket.issues.Issue677Test.testIssue_output_1590440113,1590440904,1590440429,475
251-nods-found-batch-output,JON_188_idf_sha_nods_p1_r100_t518400_5M_25d_15h_55m_9s_tootallnate.java-websocket-fa3909c=org.java_websocket.issues.Issue713Test.testIssue_output_1590440113,1590440937,1590440429,508
251-nods-found-batch-output,JON_188_idf_sha_nods_p1_r100_t518400_5M_25d_15h_55m_9s_tootallnate.java-websocket-fa3909c=org.java_websocket.misc.OpeningHandshakeRejectionTest.testHandshakeRejectionTestCase10_output_1590440113,1590440889,1590440434,455
251-nods-found-batch-output,JON_188_idf_sha_nods_p1_r100_t518400_5M_25d_15h_55m_9s_tootallnate.java-websocket-fa3909c=org.java_websocket.misc.OpeningHandshakeRejectionTest.testHandshakeRejectionTestCase11_output_1590440113,1590440898,1590440436,462
251-nods-found-batch-output,JON_188_idf_sha_nods_p1_r100_t518400_5M_25d_15h_55m_9s_tootallnate.java-websocket-fa3909c=org.java_websocket.misc.OpeningHandshakeRejectionTest.testHandshakeRejectionTestCase1_output_1590440113,1590440899,1590440453,446
251-nods-found-batch-output,JON_188_idf_sha_nods_p1_r100_t518400_5M_25d_15h_55m_9s_tootallnate.java-websocket-fa3909c=org.java_websocket.misc.OpeningHandshakeRejectionTest.testHandshakeRejectionTestCase2_output_1590440113,1590440894,1590440439,455
251-nods-found-batch-output,JON_188_idf_sha_nods_p1_r100_t518400_5M_25d_15h_55m_9s_tootallnate.java-websocket-fa3909c=org.java_websocket.misc.OpeningHandshakeRejectionTest.testHandshakeRejectionTestCase3_output_1590440113,1590440883,1590440429,454
251-nods-found-batch-output,JON_188_idf_sha_nods_p1_r100_t518400_5M_25d_15h_55m_9s_tootallnate.java-websocket-fa3909c=org.java_websocket.misc.OpeningHandshakeRejectionTest.testHandshakeRejectionTestCase4_output_1590440113,1590440908,1590440436,472
251-nods-found-batch-output,JON_188_idf_sha_nods_p1_r100_t518400_5M_25d_15h_55m_9s_tootallnate.java-websocket-fa3909c=org.java_websocket.misc.OpeningHandshakeRejectionTest.testHandshakeRejectionTestCase5_output_1590440113,1590440916,1590440441,475
251-nods-found-batch-output,JON_188_idf_sha_nods_p1_r100_t518400_5M_25d_15h_55m_9s_tootallnate.java-websocket-fa3909c=org.java_websocket.misc.OpeningHandshakeRejectionTest.testHandshakeRejectionTestCase6_output_1590440113,1590440910,1590440444,466
251-nods-found-batch-output,JON_188_idf_sha_nods_p1_r100_t518400_5M_25d_15h_55m_9s_tootallnate.java-websocket-fa3909c=org.java_websocket.misc.OpeningHandshakeRejectionTest.testHandshakeRejectionTestCase7_output_1590440113,1590440875,1590440444,431
251-nods-found-batch-output,JON_188_idf_sha_nods_p1_r100_t518400_5M_25d_15h_55m_9s_tootallnate.java-websocket-fa3909c=org.java_websocket.misc.OpeningHandshakeRejectionTest.testHandshakeRejectionTestCase8_output_1590440113,1590440908,1590440448,460
251-nods-found-batch-output,JON_188_idf_sha_nods_p1_r100_t518400_5M_25d_15h_55m_9s_tootallnate.java-websocket-fa3909c=org.java_websocket.misc.OpeningHandshakeRejectionTest.testHandshakeRejectionTestCase9_output_1590440113,1590440891,1590440443,448
251-nods-found-batch-output,JON_188_idf_sha_nods_p1_r100_t518400_5M_25d_15h_55m_9s_tootallnate.java-websocket-fa3909c=org.java_websocket.protocols.ProtoclHandshakeRejectionTest.testHandshakeRejectionTestCase10_output_1590440113,1590440904,1590440441,463
251-nods-found-batch-output,JON_188_idf_sha_nods_p1_r100_t518400_5M_25d_15h_55m_9s_tootallnate.java-websocket-fa3909c=org.java_websocket.protocols.ProtoclHandshakeRejectionTest.testHandshakeRejectionTestCase11_output_1590440113,1590440881,1590440447,434
251-nods-found-batch-output,JON_188_idf_sha_nods_p1_r100_t518400_5M_25d_15h_55m_9s_tootallnate.java-websocket-fa3909c=org.java_websocket.protocols.ProtoclHandshakeRejectionTest.testHandshakeRejectionTestCase13_output_1590440113,1590440924,1590440453,471
251-nods-found-batch-output,JON_188_idf_sha_nods_p1_r100_t518400_5M_25d_15h_55m_9s_tootallnate.java-websocket-fa3909c=org.java_websocket.protocols.ProtoclHandshakeRejectionTest.testHandshakeRejectionTestCase14_output_1590440113,1590440893,1590440446,447
251-nods-found-batch-output,JON_188_idf_sha_nods_p1_r100_t518400_5M_25d_15h_55m_9s_tootallnate.java-websocket-fa3909c=org.java_websocket.protocols.ProtoclHandshakeRejectionTest.testHandshakeRejectionTestCase16_output_1590440113,1590440915,1590440446,469
251-nods-found-batch-output,JON_188_idf_sha_nods_p1_r100_t518400_5M_25d_15h_55m_9s_tootallnate.java-websocket-fa3909c=org.java_websocket.protocols.ProtoclHandshakeRejectionTest.testHandshakeRejectionTestCase17_output_1590440113,1590440908,1590440448,460
251-nods-found-batch-output,JON_188_idf_sha_nods_p1_r100_t518400_5M_25d_15h_55m_9s_tootallnate.java-websocket-fa3909c=org.java_websocket.protocols.ProtoclHandshakeRejectionTest.testHandshakeRejectionTestCase2_output_1590440113,1590440914,1590440448,466
251-nods-found-batch-output,JON_188_idf_sha_nods_p1_r100_t518400_5M_25d_15h_55m_9s_tootallnate.java-websocket-fa3909c=org.java_websocket.protocols.ProtoclHandshakeRejectionTest.testHandshakeRejectionTestCase3_output_1590440113,1590440914,1590440448,466
251-nods-found-batch-output,JON_188_idf_sha_nods_p1_r100_t518400_5M_25d_15h_55m_9s_tootallnate.java-websocket-fa3909c=org.java_websocket.protocols.ProtoclHandshakeRejectionTest.testHandshakeRejectionTestCase4_output_1590440113,1590440889,1590440450,439
251-nods-found-batch-output,JON_188_idf_sha_nods_p1_r100_t518400_5M_25d_15h_55m_9s_tootallnate.java-websocket-fa3909c=org.java_websocket.protocols.ProtoclHandshakeRejectionTest.testHandshakeRejectionTestCase6_output_1590440113,1590440894,1590440448,446
251-nods-found-batch-output,JON_188_idf_sha_nods_p1_r100_t518400_5M_25d_15h_55m_9s_tootallnate.java-websocket-fa3909c=org.java_websocket.protocols.ProtoclHandshakeRejectionTest.testHandshakeRejectionTestCase8_output_1590440113,1590440928,1590440453,475
251-nods-found-batch-output,JON_188_idf_sha_nods_p1_r100_t518400_5M_25d_15h_55m_9s_tootallnate.java-websocket-fa3909c=org.java_websocket.protocols.ProtoclHandshakeRejectionTest.testHandshakeRejectionTestCase9_output_1590440113,1590440920,1590440455,465
251-nods-found-batch-output,JON_188_idf_sha_nods_p1_r100_t518400_5M_25d_15h_55m_9s_undertow-io.undertow-d0efffa=io.undertow.websockets.jsr.test.JsrWebSocketServer07Test.testErrorHandling_output_1590440113,1590441353,1590440448,905
251-nods-found-batch-output,JON_188_idf_sha_nods_p1_r100_t518400_5M_25d_15h_55m_9s_undertow-io.undertow-d0efffa=io.undertow.websockets.jsr.test.JsrWebSocketServer08Test.testErrorHandling_output_1590440113,1590441379,1590440453,926
251-nods-found-batch-output,JON_188_idf_sha_nods_p1_r100_t518400_5M_25d_15h_55m_9s_undertow-io.undertow-d0efffa=io.undertow.websockets.jsr.test.JsrWebSocketServer13Test.testErrorHandling_output_1590440113,1590441372,1590440457,915
251-nods-found-batch-output,JON_188_idf_sha_nods_p1_r100_t518400_5M_25d_15h_55m_9s_undertow-io.undertow-d0efffa=io.undertow.websockets.jsr.test.reconnect.ClientEndpointReconnectTestCase.testAnnotatedClientEndpoint_output_1590440113,1590441319,1590440453,866
251-nods-found-batch-output,JON_188_idf_sha_nods_p1_r100_t518400_5M_25d_15h_55m_9s_vert-x3.vertx-mqtt-c8213e0=io.vertx.mqtt.test.server.MqttServerClientIdentifierTest.testValidClientIdentifier_output_1590440113,1590440477,1590440460,17
251-nods-found-batch-output,JON_188_idf_sha_nods_p1_r100_t518400_5M_25d_15h_55m_9s_vert-x3.vertx-mqtt-c8213e0=io.vertx.mqtt.test.server.MqttServerClientPublishTest.publishQos0_output_1590440113,1590440471,1590440455,16
251-nods-found-batch-output,JON_188_idf_sha_nods_p1_r100_t518400_5M_25d_15h_55m_9s_vert-x3.vertx-mqtt-c8213e0=io.vertx.mqtt.test.server.MqttServerConnectionTest.accepted_output_1590440113,1590440473,1590440455,18
251-nods-found-batch-output,JON_188_idf_sha_nods_p1_r100_t518400_5M_25d_15h_55m_9s_vert-x3.vertx-mqtt-c8213e0=io.vertx.mqtt.test.server.MqttServerConnectionTest.connectionAlreadyAccepted_output_1590440113,1590440496,1590440479,17
251-nods-found-batch-output,JON_188_idf_sha_nods_p1_r100_t518400_5M_25d_15h_55m_9s_vert-x3.vertx-mqtt-c8213e0=io.vertx.mqtt.test.server.MqttServerConnectionTest.noConnectSent_output_1590440113,1590440485,1590440470,15
251-nods-found-batch-output,JON_188_idf_sha_nods_p1_r100_t518400_5M_25d_15h_55m_9s_vert-x3.vertx-mqtt-c8213e0=io.vertx.mqtt.test.server.MqttServerUnsubscribeTest.unsubscribe_output_1590440113,1590440484,1590440467,17
251-nods-found-batch-output,JON_188_idf_sha_nods_p1_r100_t518400_5M_25d_15h_55m_9s_vert-x3.vertx-rabbitmq-client-7305bcd=io.vertx.rabbitmq.RabbitMQClientReconnectTest.testReconnect_output_1590440113,1590441270,1590440498,772
251-nods-found-batch-output,JON_188_idf_sha_nods_p1_r100_t518400_5M_25d_15h_55m_9s_vert-x3.vertx-rabbitmq-client-7305bcd=io.vertx.rabbitmq.RabbitMQConsumptionStreamingTest.keepMostRecentOptionShouldWorks_output_1590440113,1590441120,1590440470,650
251-nods-found-batch-output,JON_188_idf_sha_nods_p1_r100_t518400_5M_25d_15h_55m_9s_vert-x3.vertx-rabbitmq-client-7305bcd=io.vertx.rabbitmq.RabbitMQConsumptionStreamingTest.pauseAndResumeShouldWork_output_1590440113,1590441099,1590440474,625
251-nods-found-batch-output,JON_188_idf_sha_nods_p1_r100_t518400_5M_25d_15h_55m_9s_vert-x3.vertx-rabbitmq-client-7305bcd=io.vertx.rabbitmq.RabbitMQServiceTest.testBasicCancel_output_1590440113,1590441110,1590440472,638
251-nods-found-batch-output,JON_188_idf_sha_nods_p1_r100_t518400_5M_25d_15h_55m_9s_vert-x3.vertx-rabbitmq-client-7305bcd=io.vertx.rabbitmq.RabbitMQServiceTest.testBasicConsume_output_1590440113,1590441170,1590440462,708
251-nods-found-batch-output,JON_188_idf_sha_nods_p1_r100_t518400_5M_25d_15h_55m_9s_vert-x3.vertx-rabbitmq-client-7305bcd=io.vertx.rabbitmq.RabbitMQServiceTest.testGetMessageCount_output_1590440113,1590441146,1590440474,672
251-nods-found-batch-output,JON_188_idf_sha_nods_p1_r100_t518400_5M_25d_15h_55m_9s_vert-x3.vertx-rabbitmq-client-7305bcd=io.vertx.rabbitmq.RabbitMQServiceTest.testMessageOrderingWhenConsumingNewApi_output_1590440113,1590441131,1590440486,645
251-nods-found-batch-output,JON_188_idf_sha_nods_p1_r100_t518400_5M_25d_15h_55m_9s_visallo.vertexium-f1fd59e=org.vertexium.accumulo.AccumuloGraphTest.testFindPathsMultiplePaths_output_1590440113,1590440522,1590440476,46
251-nods-found-batch-output,JON_188_idf_sha_nods_p1_r100_t518400_5M_25d_15h_55m_9s_visallo.vertexium-f1fd59e=org.vertexium.accumulo.AccumuloGraphTest.testFindRelatedEdgesPerformance_output_1590440113,1590440525,1590440479,46
251-nods-found-batch-output,JON_188_idf_sha_nods_p1_r100_t518400_5M_25d_15h_55m_9s_visallo.vertexium-f1fd59e=org.vertexium.inmemory.InMemoryGraphTest.manyVisibilities_output_1590440113,1590440509,1590440481,28
251-nods-found-batch-output,JON_188_idf_sha_nods_p1_r100_t518400_5M_25d_15h_55m_9s_visallo.vertexium-f1fd59e=org.vertexium.inmemory.InMemoryGraphTest.testMarkPropertyVisible_output_1590440113,1590440503,1590440476,27
251-nods-found-batch-output,JON_188_idf_sha_nods_p1_r100_t518400_5M_25d_15h_55m_9s_visallo.vertexium-f1fd59e=org.vertexium.util.IncreasingTimeTest.currentTimeMillisReturnsTimeGreaterThanSystemTime_output_1590440113,1590440517,1590440486,31
251-nods-found-batch-output,JON_188_idf_sha_nods_p1_r100_t518400_5M_25d_15h_55m_9s_vmware.admiral-e4b0293=com.vmware.admiral.adapter.registry.service.RegistryAdapterServiceProxyTest.testInitWithProxyWithList_output_1590440113,1590441189,1590440483,706
251-nods-found-batch-output,JON_188_idf_sha_nods_p1_r100_t518400_5M_25d_15h_55m_9s_vmware.admiral-e4b0293=com.vmware.admiral.adapter.registry.service.RegistryAdapterServiceTest.testDockerHubListImageTags_output_1590440113,1590441325,1590440479,846
251-nods-found-batch-output,JON_188_idf_sha_nods_p1_r100_t518400_5M_25d_15h_55m_9s_vmware.admiral-e4b0293=com.vmware.admiral.adapter.registry.service.RegistryAdapterServiceTest.testSameRegistryAsGlobalAndProject_output_1590440113,1590441321,1590440481,840
251-nods-found-batch-output,JON_188_idf_sha_nods_p1_r100_t518400_5M_25d_15h_55m_9s_vmware.admiral-e4b0293=com.vmware.admiral.adapter.registry.service.RegistryAdapterServiceTest.testSameRegistryTwoDifferentProjectsNotRemoveOldTenantLinkShouldFail_output_1590440113,1590441378,1590440488,890
251-nods-found-batch-output,JON_188_idf_sha_nods_p1_r100_t518400_5M_25d_15h_55m_9s_vmware.admiral-e4b0293=com.vmware.admiral.adapter.registry.service.RegistryAdapterServiceTest.testV1Ping_output_1590440113,1590441369,1590440486,883
251-nods-found-batch-output,JON_188_idf_sha_nods_p1_r100_t518400_5M_25d_15h_55m_9s_wro4j.wro4j-185ab60=ro.isdc.wro.extensions.processor.TestBourbonCssProcessor.shouldBeThreadSafe_output_1590440113,1590441778,1590440486,1292
251-nods-found-batch-output,JON_188_idf_sha_nods_p1_r100_t518400_5M_25d_15h_55m_9s_wro4j.wro4j-185ab60=ro.isdc.wro.extensions.processor.TestRubySassCssProcessor.shouldBeThreadSafeWhenInitializingProcessor_output_1590440113,1590441733,1590440490,1243
251-nods-found-batch-output,JON_188_idf_sha_nods_p1_r100_t518400_5M_25d_15h_55m_9s_wso2.carbon-apimgt-a82213e=org.wso2.carbon.apimgt.throttling.siddhi.extension.ThrottleTimeBatchWindowTestCase.throttleTimeWindowBatchTest1_output_1590440113,1590442804,1590440488,2316
251-nods-found-batch-output,JON_188_idf_sha_nods_p1_r100_t518400_5M_25d_15h_58m_9s_square.retrofit-ae28c3d=retrofit2.CallTest.cancelOkHttpRequest_output_1590440293,1590441304,1590440584,720
251-nods-found-batch-output,JON_188_idf_sha_nods_p1_r100_t518400_5M_25d_15h_55m_9s_zalando.riptide-8277e11=org.zalando.riptide.backup.BackupRequestPluginTest.shouldUseBackupRequest_output_1590440113,1590441598,1590440488,1110
251-nods-found-batch-output,JON_188_idf_sha_nods_p1_r100_t518400_5M_25d_15h_55m_9s_zalando.riptide-8277e11=org.zalando.riptide.failsafe.RetryAfterDelayFunctionTest.shouldRetryOnDemandWithDynamicDelay_output_1590440113,1590441461,1590440488,973
251-nods-found-batch-output,JON_188_idf_sha_nods_p1_r100_t518400_5M_25d_15h_58m_9s_square.retrofit-ae28c3d=retrofit2.adapter.rxjava.CompletableThrowingSafeSubscriberTest.throwingInOnCompleteDeliveredToPlugin_output_1590440293,1590440980,1590440568,412
251-nods-found-batch-output,JON_188_idf_sha_nods_p1_r100_t518400_5M_25d_15h_58m_9s_square.retrofit-ae28c3d=retrofit2.CallTest.cancelRequest_output_1590440293,1590441300,1590440580,720
251-nods-found-batch-output,JON_188_idf_sha_nods_p1_r100_t518400_5M_25d_15h_58m_9s_tootallnate.java-websocket-fa3909c=org.java_websocket.issues.Issue256Test.runReconnectBlockingScenario1_output_1590440293,1590441064,1590440584,480
251-nods-found-batch-output,JON_188_idf_sha_nods_p1_r100_t518400_5M_25d_15h_58m_9s_tootallnate.java-websocket-fa3909c=org.java_websocket.issues.Issue256Test.runReconnectBlockingScenario2_output_1590440293,1590441054,1590440589,465
251-nods-found-batch-output,JON_188_idf_sha_nods_p1_r100_t518400_5M_25d_15h_58m_9s_tootallnate.java-websocket-fa3909c=org.java_websocket.issues.Issue256Test.runReconnectBlockingScenario3_output_1590440293,1590441051,1590440586,465
251-nods-found-batch-output,JON_188_idf_sha_nods_p1_r100_t518400_5M_25d_15h_58m_9s_tootallnate.java-websocket-fa3909c=org.java_websocket.issues.Issue256Test.runReconnectBlockingScenario4_output_1590440293,1590441057,1590440589,468
251-nods-found-batch-output,JON_188_idf_sha_nods_p1_r100_t518400_5M_25d_15h_58m_9s_tootallnate.java-websocket-fa3909c=org.java_websocket.issues.Issue256Test.runReconnectBlockingScenario5_output_1590440293,1590441058,1590440589,469
251-nods-found-batch-output,JON_188_idf_sha_nods_p1_r100_t518400_5M_25d_15h_58m_9s_tootallnate.java-websocket-fa3909c=org.java_websocket.issues.Issue256Test.runReconnectBlockingScenario6_output_1590440293,1590441077,1590440592,485
251-nods-found-batch-output,JON_188_idf_sha_nods_p1_r100_t518400_5M_25d_15h_58m_9s_tootallnate.java-websocket-fa3909c=org.java_websocket.issues.Issue256Test.runReconnectBlockingScenario7_output_1590440293,1590441073,1590440596,477
251-nods-found-batch-output,JON_188_idf_sha_nods_p1_r100_t518400_5M_25d_15h_58m_9s_tootallnate.java-websocket-fa3909c=org.java_websocket.issues.Issue256Test.runReconnectBlockingScenario8_output_1590440293,1590441016,1590440566,450
251-nods-found-batch-output,JON_188_idf_sha_nods_p1_r100_t518400_5M_25d_15h_58m_9s_tootallnate.java-websocket-fa3909c=org.java_websocket.issues.Issue256Test.runReconnectBlockingScenario9_output_1590440293,1590441107,1590440596,511
251-nods-found-batch-output,JON_188_idf_sha_nods_p1_r100_t518400_5M_25d_15h_58m_9s_tootallnate.java-websocket-fa3909c=org.java_websocket.issues.Issue256Test.runReconnectScenario0_output_1590440293,1590441161,1590440594,567
251-nods-found-batch-output,JON_188_idf_sha_nods_p1_r100_t518400_5M_25d_15h_58m_9s_tootallnate.java-websocket-fa3909c=org.java_websocket.issues.Issue256Test.runReconnectScenario1_output_1590440293,1590441151,1590440596,555
251-nods-found-batch-output,JON_188_idf_sha_nods_p1_r100_t518400_5M_25d_15h_58m_9s_tootallnate.java-websocket-fa3909c=org.java_websocket.issues.Issue256Test.runReconnectScenario2_output_1590440293,1590441144,1590440601,543
251-nods-found-batch-output,JON_188_idf_sha_nods_p1_r100_t518400_5M_25d_15h_58m_9s_tootallnate.java-websocket-fa3909c=org.java_websocket.issues.Issue256Test.runReconnectScenario3_output_1590440293,1590441076,1590440596,480
251-nods-found-batch-output,JON_188_idf_sha_nods_p1_r100_t518400_5M_25d_15h_58m_9s_tootallnate.java-websocket-fa3909c=org.java_websocket.issues.Issue256Test.runReconnectScenario4_output_1590440293,1590441158,1590440601,557
251-nods-found-batch-output,JON_188_idf_sha_nods_p1_r100_t518400_5M_25d_15h_58m_9s_tootallnate.java-websocket-fa3909c=org.java_websocket.issues.Issue256Test.runReconnectScenario5_output_1590440293,1590441152,1590440601,551
251-nods-found-batch-output,JON_188_idf_sha_nods_p1_r100_t518400_5M_25d_15h_58m_9s_tootallnate.java-websocket-fa3909c=org.java_websocket.issues.Issue256Test.runReconnectScenario6_output_1590440293,1590441136,1590440606,530
251-nods-found-batch-output,JON_188_idf_sha_nods_p1_r100_t518400_5M_25d_15h_58m_9s_tootallnate.java-websocket-fa3909c=org.java_websocket.issues.Issue256Test.runReconnectScenario7_output_1590440293,1590441111,1590440606,505
251-nods-found-batch-output,JON_188_idf_sha_nods_p1_r100_t518400_5M_25d_15h_58m_9s_tootallnate.java-websocket-fa3909c=org.java_websocket.issues.Issue256Test.runReconnectScenario8_output_1590440293,1590441161,1590440603,558
251-nods-found-batch-output,JON_188_idf_sha_nods_p1_r100_t518400_5M_25d_15h_58m_9s_tootallnate.java-websocket-fa3909c=org.java_websocket.issues.Issue256Test.runReconnectScenario9_output_1590440293,1590441129,1590440606,523
251-nods-found-batch-output,JON_188_idf_sha_nods_p1_r100_t518400_5M_25d_15h_58m_9s_tootallnate.java-websocket-fa3909c=org.java_websocket.issues.Issue580Test.runNoCloseBlockingTestScenario0_output_1590440293,1590441066,1590440606,460
251-nods-found-batch-output,JON_188_idf_sha_nods_p1_r100_t518400_5M_25d_15h_58m_9s_tootallnate.java-websocket-fa3909c=org.java_websocket.issues.Issue580Test.runNoCloseBlockingTestScenario2_output_1590440293,1590441089,1590440608,481
251-nods-found-batch-output,JON_188_idf_sha_nods_p1_r100_t518400_5M_25d_15h_58m_9s_tootallnate.java-websocket-fa3909c=org.java_websocket.issues.Issue580Test.runNoCloseBlockingTestScenario3_output_1590440293,1590441073,1590440608,465
251-nods-found-batch-output,JON_188_idf_sha_nods_p1_r100_t518400_5M_25d_15h_58m_9s_tootallnate.java-websocket-fa3909c=org.java_websocket.issues.Issue580Test.runNoCloseBlockingTestScenario4_output_1590440293,1590441011,1590440566,445
251-nods-found-batch-output,JON_188_idf_sha_nods_p1_r100_t518400_5M_25d_15h_58m_9s_tootallnate.java-websocket-fa3909c=org.java_websocket.issues.Issue580Test.runNoCloseBlockingTestScenario5_output_1590440293,1590441157,1590440608,549
251-nods-found-batch-output,JON_188_idf_sha_nods_p1_r100_t518400_5M_25d_15h_58m_9s_tootallnate.java-websocket-fa3909c=org.java_websocket.issues.Issue580Test.runNoCloseBlockingTestScenario8_output_1590440293,1590441070,1590440606,464
251-nods-found-batch-output,JON_188_idf_sha_nods_p1_r100_t518400_5M_25d_15h_58m_9s_tootallnate.java-websocket-fa3909c=org.java_websocket.issues.Issue677Test.testIssue_output_1590440293,1590441082,1590440608,474
251-nods-found-batch-output,JON_188_idf_sha_nods_p1_r100_t518400_5M_25d_15h_58m_9s_tootallnate.java-websocket-fa3909c=org.java_websocket.issues.Issue713Test.testIssue_output_1590440293,1590441121,1590440608,513
251-nods-found-batch-output,JON_188_idf_sha_nods_p1_r100_t518400_5M_25d_15h_58m_9s_tootallnate.java-websocket-fa3909c=org.java_websocket.misc.OpeningHandshakeRejectionTest.testHandshakeRejectionTestCase10_output_1590440293,1590441067,1590440608,459
251-nods-found-batch-output,JON_188_idf_sha_nods_p1_r100_t518400_5M_25d_15h_58m_9s_tootallnate.java-websocket-fa3909c=org.java_websocket.misc.OpeningHandshakeRejectionTest.testHandshakeRejectionTestCase11_output_1590440293,1590441034,1590440610,424
251-nods-found-batch-output,JON_188_idf_sha_nods_p1_r100_t518400_5M_25d_15h_58m_9s_tootallnate.java-websocket-fa3909c=org.java_websocket.misc.OpeningHandshakeRejectionTest.testHandshakeRejectionTestCase1_output_1590440293,1590441067,1590440608,459
251-nods-found-batch-output,JON_188_idf_sha_nods_p1_r100_t518400_5M_25d_15h_58m_9s_tootallnate.java-websocket-fa3909c=org.java_websocket.misc.OpeningHandshakeRejectionTest.testHandshakeRejectionTestCase2_output_1590440293,1590441072,1590440610,462
251-nods-found-batch-output,JON_188_idf_sha_nods_p1_r100_t518400_5M_25d_15h_58m_9s_tootallnate.java-websocket-fa3909c=org.java_websocket.misc.OpeningHandshakeRejectionTest.testHandshakeRejectionTestCase3_output_1590440293,1590441104,1590440615,489
251-nods-found-batch-output,JON_188_idf_sha_nods_p1_r100_t518400_5M_25d_15h_58m_9s_tootallnate.java-websocket-fa3909c=org.java_websocket.misc.OpeningHandshakeRejectionTest.testHandshakeRejectionTestCase4_output_1590440293,1590440982,1590440566,416
251-nods-found-batch-output,JON_188_idf_sha_nods_p1_r100_t518400_5M_25d_15h_58m_9s_tootallnate.java-websocket-fa3909c=org.java_websocket.misc.OpeningHandshakeRejectionTest.testHandshakeRejectionTestCase5_output_1590440293,1590441043,1590440612,431
251-nods-found-batch-output,JON_188_idf_sha_nods_p1_r100_t518400_5M_25d_15h_58m_9s_tootallnate.java-websocket-fa3909c=org.java_websocket.misc.OpeningHandshakeRejectionTest.testHandshakeRejectionTestCase6_output_1590440293,1590441078,1590440615,463
251-nods-found-batch-output,JON_188_idf_sha_nods_p1_r100_t518400_5M_25d_15h_58m_9s_tootallnate.java-websocket-fa3909c=org.java_websocket.misc.OpeningHandshakeRejectionTest.testHandshakeRejectionTestCase7_output_1590440293,1590441180,1590440615,565
251-nods-found-batch-output,JON_188_idf_sha_nods_p1_r100_t518400_5M_25d_15h_58m_9s_tootallnate.java-websocket-fa3909c=org.java_websocket.misc.OpeningHandshakeRejectionTest.testHandshakeRejectionTestCase8_output_1590440293,1590441078,1590440615,463
251-nods-found-batch-output,JON_188_idf_sha_nods_p1_r100_t518400_5M_25d_15h_58m_9s_tootallnate.java-websocket-fa3909c=org.java_websocket.misc.OpeningHandshakeRejectionTest.testHandshakeRejectionTestCase9_output_1590440293,1590441069,1590440615,454
251-nods-found-batch-output,JON_188_idf_sha_nods_p1_r100_t518400_5M_25d_15h_58m_9s_tootallnate.java-websocket-fa3909c=org.java_websocket.protocols.ProtoclHandshakeRejectionTest.testHandshakeRejectionTestCase10_output_1590440293,1590441072,1590440617,455
251-nods-found-batch-output,JON_188_idf_sha_nods_p1_r100_t518400_5M_25d_15h_58m_9s_tootallnate.java-websocket-fa3909c=org.java_websocket.protocols.ProtoclHandshakeRejectionTest.testHandshakeRejectionTestCase11_output_1590440293,1590441057,1590440615,442
251-nods-found-batch-output,JON_188_idf_sha_nods_p1_r100_t518400_5M_25d_15h_58m_9s_tootallnate.java-websocket-fa3909c=org.java_websocket.protocols.ProtoclHandshakeRejectionTest.testHandshakeRejectionTestCase13_output_1590440293,1590441076,1590440619,457
251-nods-found-batch-output,JON_188_idf_sha_nods_p1_r100_t518400_5M_25d_15h_58m_9s_tootallnate.java-websocket-fa3909c=org.java_websocket.protocols.ProtoclHandshakeRejectionTest.testHandshakeRejectionTestCase14_output_1590440293,1590441124,1590440617,507
251-nods-found-batch-output,JON_188_idf_sha_nods_p1_r100_t518400_5M_25d_15h_58m_9s_tootallnate.java-websocket-fa3909c=org.java_websocket.protocols.ProtoclHandshakeRejectionTest.testHandshakeRejectionTestCase16_output_1590440293,1590441105,1590440622,483
251-nods-found-batch-output,JON_188_idf_sha_nods_p1_r100_t518400_5M_25d_15h_58m_9s_tootallnate.java-websocket-fa3909c=org.java_websocket.protocols.ProtoclHandshakeRejectionTest.testHandshakeRejectionTestCase17_output_1590440293,1590441088,1590440617,471
251-nods-found-batch-output,JON_188_idf_sha_nods_p1_r100_t518400_5M_25d_15h_58m_9s_tootallnate.java-websocket-fa3909c=org.java_websocket.protocols.ProtoclHandshakeRejectionTest.testHandshakeRejectionTestCase2_output_1590440293,1590441135,1590440652,483
251-nods-found-batch-output,JON_188_idf_sha_nods_p1_r100_t518400_5M_25d_15h_58m_9s_tootallnate.java-websocket-fa3909c=org.java_websocket.protocols.ProtoclHandshakeRejectionTest.testHandshakeRejectionTestCase3_output_1590440293,1590441055,1590440617,438
251-nods-found-batch-output,JON_188_idf_sha_nods_p1_r100_t518400_5M_25d_15h_58m_9s_tootallnate.java-websocket-fa3909c=org.java_websocket.protocols.ProtoclHandshakeRejectionTest.testHandshakeRejectionTestCase4_output_1590440293,1590441099,1590440622,477
251-nods-found-batch-output,JON_188_idf_sha_nods_p1_r100_t518400_5M_25d_15h_58m_9s_tootallnate.java-websocket-fa3909c=org.java_websocket.protocols.ProtoclHandshakeRejectionTest.testHandshakeRejectionTestCase6_output_1590440293,1590441062,1590440627,435
251-nods-found-batch-output,JON_188_idf_sha_nods_p1_r100_t518400_5M_25d_15h_58m_9s_tootallnate.java-websocket-fa3909c=org.java_websocket.protocols.ProtoclHandshakeRejectionTest.testHandshakeRejectionTestCase8_output_1590440293,1590441080,1590440631,449
251-nods-found-batch-output,JON_188_idf_sha_nods_p1_r100_t518400_5M_25d_15h_58m_9s_tootallnate.java-websocket-fa3909c=org.java_websocket.protocols.ProtoclHandshakeRejectionTest.testHandshakeRejectionTestCase9_output_1590440293,1590441110,1590440653,457
251-nods-found-batch-output,JON_188_idf_sha_nods_p1_r100_t518400_5M_25d_15h_58m_9s_undertow-io.undertow-d0efffa=io.undertow.websockets.jsr.test.JsrWebSocketServer07Test.testErrorHandling_output_1590440293,1590441544,1590440622,922
251-nods-found-batch-output,JON_188_idf_sha_nods_p1_r100_t518400_5M_25d_15h_58m_9s_undertow-io.undertow-d0efffa=io.undertow.websockets.jsr.test.JsrWebSocketServer08Test.testErrorHandling_output_1590440293,1590441550,1590440627,923
251-nods-found-batch-output,JON_188_idf_sha_nods_p1_r100_t518400_5M_25d_15h_58m_9s_undertow-io.undertow-d0efffa=io.undertow.websockets.jsr.test.JsrWebSocketServer13Test.testErrorHandling_output_1590440293,1590441543,1590440625,918
251-nods-found-batch-output,JON_188_idf_sha_nods_p1_r100_t518400_5M_25d_15h_58m_9s_undertow-io.undertow-d0efffa=io.undertow.websockets.jsr.test.reconnect.ClientEndpointReconnectTestCase.testAnnotatedClientEndpoint_output_1590440293,1590441577,1590440647,930
251-nods-found-batch-output,JON_188_idf_sha_nods_p1_r100_t518400_5M_25d_15h_58m_9s_vert-x3.vertx-mqtt-c8213e0=io.vertx.mqtt.test.server.MqttServerClientIdentifierTest.testValidClientIdentifier_output_1590440293,1590440645,1590440631,14
251-nods-found-batch-output,JON_188_idf_sha_nods_p1_r100_t518400_5M_25d_15h_58m_9s_vert-x3.vertx-mqtt-c8213e0=io.vertx.mqtt.test.server.MqttServerClientPublishTest.publishQos0_output_1590440293,1590440650,1590440634,16
251-nods-found-batch-output,JON_188_idf_sha_nods_p1_r100_t518400_5M_25d_15h_58m_9s_vert-x3.vertx-mqtt-c8213e0=io.vertx.mqtt.test.server.MqttServerConnectionTest.accepted_output_1590440293,1590440656,1590440641,15
251-nods-found-batch-output,JON_188_idf_sha_nods_p1_r100_t518400_5M_25d_15h_58m_9s_vert-x3.vertx-mqtt-c8213e0=io.vertx.mqtt.test.server.MqttServerConnectionTest.connectionAlreadyAccepted_output_1590440293,1590440650,1590440634,16
251-nods-found-batch-output,JON_188_idf_sha_nods_p1_r100_t518400_5M_25d_15h_58m_9s_vert-x3.vertx-mqtt-c8213e0=io.vertx.mqtt.test.server.MqttServerConnectionTest.noConnectSent_output_1590440293,1590440690,1590440676,14
251-nods-found-batch-output,JON_188_idf_sha_nods_p1_r100_t518400_5M_25d_15h_58m_9s_vert-x3.vertx-mqtt-c8213e0=io.vertx.mqtt.test.server.MqttServerUnsubscribeTest.unsubscribe_output_1590440293,1590440660,1590440645,15
251-nods-found-batch-output,JON_188_idf_sha_nods_p1_r100_t518400_5M_25d_15h_58m_9s_vert-x3.vertx-rabbitmq-client-7305bcd=io.vertx.rabbitmq.RabbitMQClientReconnectTest.testReconnect_output_1590440293,1590441361,1590440662,699
251-nods-found-batch-output,JON_188_idf_sha_nods_p1_r100_t518400_5M_25d_15h_58m_9s_vert-x3.vertx-rabbitmq-client-7305bcd=io.vertx.rabbitmq.RabbitMQConsumptionStreamingTest.keepMostRecentOptionShouldWorks_output_1590440293,1590441283,1590440612,671
251-nods-found-batch-output,JON_188_idf_sha_nods_p1_r100_t518400_5M_25d_15h_58m_9s_vert-x3.vertx-rabbitmq-client-7305bcd=io.vertx.rabbitmq.RabbitMQConsumptionStreamingTest.pauseAndResumeShouldWork_output_1590440293,1590441312,1590440655,657
251-nods-found-batch-output,JON_188_idf_sha_nods_p1_r100_t518400_5M_25d_15h_58m_9s_vert-x3.vertx-rabbitmq-client-7305bcd=io.vertx.rabbitmq.RabbitMQServiceTest.testBasicCancel_output_1590440293,1590441342,1590440660,682
251-nods-found-batch-output,JON_188_idf_sha_nods_p1_r100_t518400_5M_25d_15h_58m_9s_vert-x3.vertx-rabbitmq-client-7305bcd=io.vertx.rabbitmq.RabbitMQServiceTest.testBasicConsume_output_1590440293,1590441297,1590440650,647
251-nods-found-batch-output,JON_188_idf_sha_nods_p1_r100_t518400_5M_25d_15h_58m_9s_vert-x3.vertx-rabbitmq-client-7305bcd=io.vertx.rabbitmq.RabbitMQServiceTest.testGetMessageCount_output_1590440293,1590441348,1590440652,696
251-nods-found-batch-output,JON_188_idf_sha_nods_p1_r100_t518400_5M_25d_15h_58m_9s_vert-x3.vertx-rabbitmq-client-7305bcd=io.vertx.rabbitmq.RabbitMQServiceTest.testMessageOrderingWhenConsumingNewApi_output_1590440293,1590441335,1590440674,661
251-nods-found-batch-output,JON_188_idf_sha_nods_p1_r100_t518400_5M_25d_15h_58m_9s_visallo.vertexium-f1fd59e=org.vertexium.accumulo.AccumuloGraphTest.testFindPathsMultiplePaths_output_1590440293,1590440719,1590440676,43
251-nods-found-batch-output,JON_188_idf_sha_nods_p1_r100_t518400_5M_25d_15h_58m_9s_visallo.vertexium-f1fd59e=org.vertexium.accumulo.AccumuloGraphTest.testFindRelatedEdgesPerformance_output_1590440293,1590440730,1590440686,44
251-nods-found-batch-output,JON_188_idf_sha_nods_p1_r100_t518400_5M_25d_15h_58m_9s_visallo.vertexium-f1fd59e=org.vertexium.inmemory.InMemoryGraphTest.manyVisibilities_output_1590440293,1590440714,1590440681,33
251-nods-found-batch-output,JON_188_idf_sha_nods_p1_r100_t518400_5M_25d_15h_58m_9s_visallo.vertexium-f1fd59e=org.vertexium.inmemory.InMemoryGraphTest.testMarkPropertyVisible_output_1590440293,1590440714,1590440681,33
251-nods-found-batch-output,JON_188_idf_sha_nods_p1_r100_t518400_5M_25d_15h_58m_9s_visallo.vertexium-f1fd59e=org.vertexium.util.IncreasingTimeTest.currentTimeMillisReturnsTimeGreaterThanSystemTime_output_1590440293,1590440718,1590440686,32
251-nods-found-batch-output,JON_188_idf_sha_nods_p1_r100_t518400_5M_25d_15h_58m_9s_vmware.admiral-e4b0293=com.vmware.admiral.adapter.registry.service.RegistryAdapterServiceProxyTest.testInitWithProxyWithList_output_1590440293,1590441486,1590440676,810
251-nods-found-batch-output,JON_188_idf_sha_nods_p1_r100_t518400_5M_25d_15h_58m_9s_vmware.admiral-e4b0293=com.vmware.admiral.adapter.registry.service.RegistryAdapterServiceTest.testDockerHubListImageTags_output_1590440293,1590441505,1590440691,814
251-nods-found-batch-output,JON_188_idf_sha_nods_p1_r100_t518400_5M_25d_15h_58m_9s_vmware.admiral-e4b0293=com.vmware.admiral.adapter.registry.service.RegistryAdapterServiceTest.testSameRegistryAsGlobalAndProject_output_1590440293,1590441535,1590440691,844
251-nods-found-batch-output,JON_188_idf_sha_nods_p1_r100_t518400_5M_25d_15h_58m_9s_vmware.admiral-e4b0293=com.vmware.admiral.adapter.registry.service.RegistryAdapterServiceTest.testSameRegistryTwoDifferentProjectsNotRemoveOldTenantLinkShouldFail_output_1590440293,1590441480,1590440691,789
251-nods-found-batch-output,JON_188_idf_sha_nods_p1_r100_t518400_5M_25d_15h_58m_9s_vmware.admiral-e4b0293=com.vmware.admiral.adapter.registry.service.RegistryAdapterServiceTest.testV1Ping_output_1590440293,1590441511,1590440702,809
251-nods-found-batch-output,JON_188_idf_sha_nods_p1_r100_t518400_5M_25d_15h_58m_9s_wro4j.wro4j-185ab60=ro.isdc.wro.extensions.processor.TestBourbonCssProcessor.shouldBeThreadSafe_output_1590440293,1590441878,1590440691,1187
251-nods-found-batch-output,JON_188_idf_sha_nods_p1_r100_t518400_5M_25d_15h_58m_9s_wro4j.wro4j-185ab60=ro.isdc.wro.extensions.processor.TestRubySassCssProcessor.shouldBeThreadSafeWhenInitializingProcessor_output_1590440293,1590441953,1590440693,1260
251-nods-found-batch-output,JON_188_idf_sha_nods_p1_r100_t518400_5M_25d_15h_58m_9s_wso2.carbon-apimgt-a82213e=org.wso2.carbon.apimgt.throttling.siddhi.extension.ThrottleTimeBatchWindowTestCase.throttleTimeWindowBatchTest1_output_1590440293,1590443009,1590440697,2312
251-nods-found-batch-output,JON_188_idf_sha_nods_p1_r100_t518400_5M_25d_15h_58m_9s_zalando.riptide-8277e11=org.zalando.riptide.backup.BackupRequestPluginTest.shouldUseBackupRequest_output_1590440293,1590441696,1590440693,1003
251-nods-found-batch-output,JON_188_idf_sha_nods_p1_r100_t518400_5M_25d_15h_58m_9s_zalando.riptide-8277e11=org.zalando.riptide.failsafe.RetryAfterDelayFunctionTest.shouldRetryOnDemandWithDynamicDelay_output_1590440293,1590441668,1590440695,973
251-nods-found-batch-output,JON_188_idf_sha_nods_p1_r100_t518400_5M_25d_16h_10m_9s_square.retrofit-ae28c3d=retrofit2.adapter.rxjava.CompletableThrowingSafeSubscriberTest.throwingInOnCompleteDeliveredToPlugin_output_1590441013,1590441696,1590441300,396
251-nods-found-batch-output,JON_188_idf_sha_nods_p1_r100_t518400_5M_25d_16h_10m_9s_square.retrofit-ae28c3d=retrofit2.CallTest.cancelOkHttpRequest_output_1590441013,1590441853,1590441305,548
251-nods-found-batch-output,JON_188_idf_sha_nods_p1_r100_t518400_5M_25d_16h_10m_9s_square.retrofit-ae28c3d=retrofit2.CallTest.cancelRequest_output_1590441013,1590442009,1590441305,704
251-nods-found-batch-output,JON_188_idf_sha_nods_p1_r100_t518400_5M_25d_16h_10m_9s_tootallnate.java-websocket-fa3909c=org.java_websocket.issues.Issue256Test.runReconnectBlockingScenario1_output_1590441013,1590441681,1590441305,376
251-nods-found-batch-output,JON_188_idf_sha_nods_p1_r100_t518400_5M_25d_16h_10m_9s_tootallnate.java-websocket-fa3909c=org.java_websocket.issues.Issue256Test.runReconnectBlockingScenario2_output_1590441013,1590441765,1590441305,460
251-nods-found-batch-output,JON_188_idf_sha_nods_p1_r100_t518400_5M_25d_16h_10m_9s_tootallnate.java-websocket-fa3909c=org.java_websocket.issues.Issue256Test.runReconnectBlockingScenario3_output_1590441013,1590441713,1590441313,400
251-nods-found-batch-output,JON_188_idf_sha_nods_p1_r100_t518400_5M_25d_16h_10m_9s_tootallnate.java-websocket-fa3909c=org.java_websocket.issues.Issue256Test.runReconnectBlockingScenario4_output_1590441013,1590441841,1590441308,533
251-nods-found-batch-output,JON_188_idf_sha_nods_p1_r100_t518400_5M_25d_16h_10m_9s_tootallnate.java-websocket-fa3909c=org.java_websocket.issues.Issue256Test.runReconnectBlockingScenario5_output_1590441013,1590441706,1590441311,395
251-nods-found-batch-output,JON_188_idf_sha_nods_p1_r100_t518400_5M_25d_16h_10m_9s_tootallnate.java-websocket-fa3909c=org.java_websocket.issues.Issue256Test.runReconnectBlockingScenario6_output_1590441013,1590441721,1590441311,410
251-nods-found-batch-output,JON_188_idf_sha_nods_p1_r100_t518400_5M_25d_16h_10m_9s_tootallnate.java-websocket-fa3909c=org.java_websocket.issues.Issue256Test.runReconnectBlockingScenario7_output_1590441013,1590441859,1590441308,551
251-nods-found-batch-output,JON_188_idf_sha_nods_p1_r100_t518400_5M_25d_16h_10m_9s_tootallnate.java-websocket-fa3909c=org.java_websocket.issues.Issue256Test.runReconnectBlockingScenario8_output_1590441013,1590441774,1590441308,466
251-nods-found-batch-output,JON_188_idf_sha_nods_p1_r100_t518400_5M_25d_16h_10m_9s_tootallnate.java-websocket-fa3909c=org.java_websocket.issues.Issue256Test.runReconnectBlockingScenario9_output_1590441013,1590441761,1590441311,450
251-nods-found-batch-output,JON_188_idf_sha_nods_p1_r100_t518400_5M_25d_16h_10m_9s_tootallnate.java-websocket-fa3909c=org.java_websocket.issues.Issue256Test.runReconnectScenario0_output_1590441013,1590441851,1590441317,534
251-nods-found-batch-output,JON_188_idf_sha_nods_p1_r100_t518400_5M_25d_16h_10m_9s_tootallnate.java-websocket-fa3909c=org.java_websocket.issues.Issue256Test.runReconnectScenario1_output_1590441013,1590441839,1590441317,522
251-nods-found-batch-output,JON_188_idf_sha_nods_p1_r100_t518400_5M_25d_16h_10m_9s_tootallnate.java-websocket-fa3909c=org.java_websocket.issues.Issue256Test.runReconnectScenario2_output_1590441013,1590441845,1590441317,528
251-nods-found-batch-output,JON_188_idf_sha_nods_p1_r100_t518400_5M_25d_16h_10m_9s_tootallnate.java-websocket-fa3909c=org.java_websocket.issues.Issue256Test.runReconnectScenario3_output_1590441013,1590441824,1590441314,510
251-nods-found-batch-output,JON_188_idf_sha_nods_p1_r100_t518400_5M_25d_16h_10m_9s_tootallnate.java-websocket-fa3909c=org.java_websocket.issues.Issue256Test.runReconnectScenario4_output_1590441013,1590441850,1590441317,533
251-nods-found-batch-output,JON_188_idf_sha_nods_p1_r100_t518400_5M_25d_16h_10m_9s_tootallnate.java-websocket-fa3909c=org.java_websocket.issues.Issue256Test.runReconnectScenario5_output_1590441013,1590441844,1590441300,544
251-nods-found-batch-output,JON_188_idf_sha_nods_p1_r100_t518400_5M_25d_16h_10m_9s_tootallnate.java-websocket-fa3909c=org.java_websocket.issues.Issue256Test.runReconnectScenario6_output_1590441013,1590441814,1590441333,481
251-nods-found-batch-output,JON_188_idf_sha_nods_p1_r100_t518400_5M_25d_16h_10m_9s_tootallnate.java-websocket-fa3909c=org.java_websocket.issues.Issue256Test.runReconnectScenario7_output_1590441013,1590441847,1590441320,527
251-nods-found-batch-output,JON_188_idf_sha_nods_p1_r100_t518400_5M_25d_16h_10m_9s_tootallnate.java-websocket-fa3909c=org.java_websocket.issues.Issue256Test.runReconnectScenario8_output_1590441013,1590441844,1590441323,521
251-nods-found-batch-output,JON_188_idf_sha_nods_p1_r100_t518400_5M_25d_16h_10m_9s_tootallnate.java-websocket-fa3909c=org.java_websocket.issues.Issue256Test.runReconnectScenario9_output_1590441013,1590441872,1590441333,539
251-nods-found-batch-output,JON_188_idf_sha_nods_p1_r100_t518400_5M_25d_16h_10m_9s_tootallnate.java-websocket-fa3909c=org.java_websocket.issues.Issue677Test.testIssue_output_1590441013,1590441750,1590441320,430
251-nods-found-batch-output,JON_188_idf_sha_nods_p1_r100_t518400_5M_25d_16h_10m_9s_tootallnate.java-websocket-fa3909c=org.java_websocket.issues.Issue580Test.runNoCloseBlockingTestScenario0_output_1590441013,1590441788,1590441320,468
251-nods-found-batch-output,JON_188_idf_sha_nods_p1_r100_t518400_5M_25d_16h_10m_9s_tootallnate.java-websocket-fa3909c=org.java_websocket.issues.Issue580Test.runNoCloseBlockingTestScenario2_output_1590441013,1590441830,1590441323,507
251-nods-found-batch-output,JON_188_idf_sha_nods_p1_r100_t518400_5M_25d_16h_10m_9s_tootallnate.java-websocket-fa3909c=org.java_websocket.issues.Issue580Test.runNoCloseBlockingTestScenario3_output_1590441013,1590441788,1590441323,465
251-nods-found-batch-output,JON_188_idf_sha_nods_p1_r100_t518400_5M_25d_16h_10m_9s_tootallnate.java-websocket-fa3909c=org.java_websocket.issues.Issue580Test.runNoCloseBlockingTestScenario4_output_1590441013,1590441801,1590441320,481
251-nods-found-batch-output,JON_188_idf_sha_nods_p1_r100_t518400_5M_25d_16h_10m_9s_tootallnate.java-websocket-fa3909c=org.java_websocket.issues.Issue580Test.runNoCloseBlockingTestScenario5_output_1590441013,1590441772,1590441327,445
251-nods-found-batch-output,JON_188_idf_sha_nods_p1_r100_t518400_5M_25d_16h_10m_9s_tootallnate.java-websocket-fa3909c=org.java_websocket.issues.Issue580Test.runNoCloseBlockingTestScenario8_output_1590441013,1590441776,1590441333,443
251-nods-found-batch-output,JON_188_idf_sha_nods_p1_r100_t518400_5M_25d_16h_10m_9s_tootallnate.java-websocket-fa3909c=org.java_websocket.issues.Issue713Test.testIssue_output_1590441013,1590441802,1590441327,475
251-nods-found-batch-output,JON_188_idf_sha_nods_p1_r100_t518400_5M_25d_16h_10m_9s_tootallnate.java-websocket-fa3909c=org.java_websocket.misc.OpeningHandshakeRejectionTest.testHandshakeRejectionTestCase10_output_1590441013,1590441777,1590441336,441
251-nods-found-batch-output,JON_188_idf_sha_nods_p1_r100_t518400_5M_25d_16h_10m_9s_tootallnate.java-websocket-fa3909c=org.java_websocket.misc.OpeningHandshakeRejectionTest.testHandshakeRejectionTestCase11_output_1590441013,1590441791,1590441343,448
251-nods-found-batch-output,JON_188_idf_sha_nods_p1_r100_t518400_5M_25d_16h_10m_9s_tootallnate.java-websocket-fa3909c=org.java_websocket.misc.OpeningHandshakeRejectionTest.testHandshakeRejectionTestCase1_output_1590441013,1590441795,1590441339,456
251-nods-found-batch-output,JON_188_idf_sha_nods_p1_r100_t518400_5M_25d_16h_10m_9s_tootallnate.java-websocket-fa3909c=org.java_websocket.misc.OpeningHandshakeRejectionTest.testHandshakeRejectionTestCase2_output_1590441013,1590441715,1590441354,361
251-nods-found-batch-output,JON_188_idf_sha_nods_p1_r100_t518400_5M_25d_16h_10m_9s_tootallnate.java-websocket-fa3909c=org.java_websocket.misc.OpeningHandshakeRejectionTest.testHandshakeRejectionTestCase3_output_1590441013,1590441723,1590441339,384
251-nods-found-batch-output,JON_188_idf_sha_nods_p1_r100_t518400_5M_25d_16h_10m_9s_tootallnate.java-websocket-fa3909c=org.java_websocket.misc.OpeningHandshakeRejectionTest.testHandshakeRejectionTestCase4_output_1590441013,1590441774,1590441343,431
251-nods-found-batch-output,JON_188_idf_sha_nods_p1_r100_t518400_5M_25d_16h_10m_9s_tootallnate.java-websocket-fa3909c=org.java_websocket.misc.OpeningHandshakeRejectionTest.testHandshakeRejectionTestCase5_output_1590441013,1590441788,1590441343,445
251-nods-found-batch-output,JON_188_idf_sha_nods_p1_r100_t518400_5M_25d_16h_10m_9s_tootallnate.java-websocket-fa3909c=org.java_websocket.misc.OpeningHandshakeRejectionTest.testHandshakeRejectionTestCase6_output_1590441013,1590441787,1590441343,444
251-nods-found-batch-output,JON_188_idf_sha_nods_p1_r100_t518400_5M_25d_16h_10m_9s_tootallnate.java-websocket-fa3909c=org.java_websocket.misc.OpeningHandshakeRejectionTest.testHandshakeRejectionTestCase7_output_1590441013,1590441790,1590441343,447
251-nods-found-batch-output,JON_188_idf_sha_nods_p1_r100_t518400_5M_25d_16h_10m_9s_tootallnate.java-websocket-fa3909c=org.java_websocket.misc.OpeningHandshakeRejectionTest.testHandshakeRejectionTestCase8_output_1590441013,1590441716,1590441343,373
251-nods-found-batch-output,JON_188_idf_sha_nods_p1_r100_t518400_5M_25d_16h_10m_9s_tootallnate.java-websocket-fa3909c=org.java_websocket.misc.OpeningHandshakeRejectionTest.testHandshakeRejectionTestCase9_output_1590441013,1590441808,1590441343,465
251-nods-found-batch-output,JON_188_idf_sha_nods_p1_r100_t518400_5M_25d_16h_10m_9s_tootallnate.java-websocket-fa3909c=org.java_websocket.protocols.ProtoclHandshakeRejectionTest.testHandshakeRejectionTestCase10_output_1590441013,1590441806,1590441345,461
251-nods-found-batch-output,JON_188_idf_sha_nods_p1_r100_t518400_5M_25d_16h_10m_9s_tootallnate.java-websocket-fa3909c=org.java_websocket.protocols.ProtoclHandshakeRejectionTest.testHandshakeRejectionTestCase11_output_1590441013,1590441804,1590441345,459
251-nods-found-batch-output,JON_188_idf_sha_nods_p1_r100_t518400_5M_25d_16h_10m_9s_tootallnate.java-websocket-fa3909c=org.java_websocket.protocols.ProtoclHandshakeRejectionTest.testHandshakeRejectionTestCase13_output_1590441013,1590441808,1590441345,463
251-nods-found-batch-output,JON_188_idf_sha_nods_p1_r100_t518400_5M_25d_16h_10m_9s_tootallnate.java-websocket-fa3909c=org.java_websocket.protocols.ProtoclHandshakeRejectionTest.testHandshakeRejectionTestCase14_output_1590441013,1590441793,1590441345,448
251-nods-found-batch-output,JON_188_idf_sha_nods_p1_r100_t518400_5M_25d_16h_10m_9s_tootallnate.java-websocket-fa3909c=org.java_websocket.protocols.ProtoclHandshakeRejectionTest.testHandshakeRejectionTestCase16_output_1590441013,1590441801,1590441348,453
251-nods-found-batch-output,JON_188_idf_sha_nods_p1_r100_t518400_5M_25d_16h_10m_9s_tootallnate.java-websocket-fa3909c=org.java_websocket.protocols.ProtoclHandshakeRejectionTest.testHandshakeRejectionTestCase17_output_1590441013,1590441813,1590441351,462
251-nods-found-batch-output,JON_188_idf_sha_nods_p1_r100_t518400_5M_25d_16h_10m_9s_tootallnate.java-websocket-fa3909c=org.java_websocket.protocols.ProtoclHandshakeRejectionTest.testHandshakeRejectionTestCase2_output_1590441013,1590441734,1590441354,380
251-nods-found-batch-output,JON_188_idf_sha_nods_p1_r100_t518400_5M_25d_16h_10m_9s_tootallnate.java-websocket-fa3909c=org.java_websocket.protocols.ProtoclHandshakeRejectionTest.testHandshakeRejectionTestCase3_output_1590441013,1590441825,1590441360,465
251-nods-found-batch-output,JON_188_idf_sha_nods_p1_r100_t518400_5M_25d_16h_10m_9s_tootallnate.java-websocket-fa3909c=org.java_websocket.protocols.ProtoclHandshakeRejectionTest.testHandshakeRejectionTestCase4_output_1590441013,1590441775,1590441357,418
251-nods-found-batch-output,JON_188_idf_sha_nods_p1_r100_t518400_5M_25d_16h_10m_9s_tootallnate.java-websocket-fa3909c=org.java_websocket.protocols.ProtoclHandshakeRejectionTest.testHandshakeRejectionTestCase6_output_1590441013,1590441739,1590441357,382
251-nods-found-batch-output,JON_188_idf_sha_nods_p1_r100_t518400_5M_25d_16h_10m_9s_tootallnate.java-websocket-fa3909c=org.java_websocket.protocols.ProtoclHandshakeRejectionTest.testHandshakeRejectionTestCase8_output_1590441013,1590441788,1590441364,424
251-nods-found-batch-output,JON_188_idf_sha_nods_p1_r100_t518400_5M_25d_16h_10m_9s_tootallnate.java-websocket-fa3909c=org.java_websocket.protocols.ProtoclHandshakeRejectionTest.testHandshakeRejectionTestCase9_output_1590441013,1590441825,1590441367,458
251-nods-found-batch-output,JON_188_idf_sha_nods_p1_r100_t518400_5M_25d_16h_10m_9s_undertow-io.undertow-d0efffa=io.undertow.websockets.jsr.test.JsrWebSocketServer07Test.testErrorHandling_output_1590441013,1590442185,1590441367,818
251-nods-found-batch-output,JON_188_idf_sha_nods_p1_r100_t518400_5M_25d_16h_10m_9s_undertow-io.undertow-d0efffa=io.undertow.websockets.jsr.test.JsrWebSocketServer08Test.testErrorHandling_output_1590441013,1590442266,1590441367,899
251-nods-found-batch-output,JON_188_idf_sha_nods_p1_r100_t518400_5M_25d_16h_10m_9s_undertow-io.undertow-d0efffa=io.undertow.websockets.jsr.test.JsrWebSocketServer13Test.testErrorHandling_output_1590441013,1590442309,1590441367,942
251-nods-found-batch-output,JON_188_idf_sha_nods_p1_r100_t518400_5M_25d_16h_10m_9s_undertow-io.undertow-d0efffa=io.undertow.websockets.jsr.test.reconnect.ClientEndpointReconnectTestCase.testAnnotatedClientEndpoint_output_1590441013,1590442290,1590441370,920
251-nods-found-batch-output,JON_188_idf_sha_nods_p1_r100_t518400_5M_25d_16h_10m_9s_vert-x3.vertx-mqtt-c8213e0=io.vertx.mqtt.test.server.MqttServerClientIdentifierTest.testValidClientIdentifier_output_1590441013,1590441390,1590441370,20
251-nods-found-batch-output,JON_188_idf_sha_nods_p1_r100_t518400_5M_25d_16h_10m_9s_vert-x3.vertx-mqtt-c8213e0=io.vertx.mqtt.test.server.MqttServerClientPublishTest.publishQos0_output_1590441013,1590441392,1590441370,22
251-nods-found-batch-output,JON_188_idf_sha_nods_p1_r100_t518400_5M_25d_16h_10m_9s_vert-x3.vertx-mqtt-c8213e0=io.vertx.mqtt.test.server.MqttServerConnectionTest.accepted_output_1590441013,1590441394,1590441376,18
251-nods-found-batch-output,JON_188_idf_sha_nods_p1_r100_t518400_5M_25d_16h_10m_9s_vert-x3.vertx-mqtt-c8213e0=io.vertx.mqtt.test.server.MqttServerConnectionTest.connectionAlreadyAccepted_output_1590441013,1590441392,1590441373,19
251-nods-found-batch-output,JON_188_idf_sha_nods_p1_r100_t518400_5M_25d_16h_10m_9s_visallo.vertexium-f1fd59e=org.vertexium.inmemory.InMemoryGraphTest.manyVisibilities_output_1590441013,1590441443,1590441412,31
251-nods-found-batch-output,JON_188_idf_sha_nods_p1_r100_t518400_5M_25d_16h_10m_9s_vert-x3.vertx-mqtt-c8213e0=io.vertx.mqtt.test.server.MqttServerConnectionTest.noConnectSent_output_1590441013,1590441393,1590441376,17
251-nods-found-batch-output,JON_188_idf_sha_nods_p1_r100_t518400_5M_25d_16h_10m_9s_vert-x3.vertx-mqtt-c8213e0=io.vertx.mqtt.test.server.MqttServerUnsubscribeTest.unsubscribe_output_1590441013,1590441394,1590441374,20
251-nods-found-batch-output,JON_188_idf_sha_nods_p1_r100_t518400_5M_25d_16h_10m_9s_vert-x3.vertx-rabbitmq-client-7305bcd=io.vertx.rabbitmq.RabbitMQClientReconnectTest.testReconnect_output_1590441013,1590442072,1590441373,699
251-nods-found-batch-output,JON_188_idf_sha_nods_p1_r100_t518400_5M_25d_16h_10m_9s_vert-x3.vertx-rabbitmq-client-7305bcd=io.vertx.rabbitmq.RabbitMQConsumptionStreamingTest.keepMostRecentOptionShouldWorks_output_1590441013,1590442071,1590441385,686
251-nods-found-batch-output,JON_188_idf_sha_nods_p1_r100_t518400_5M_25d_16h_10m_9s_vert-x3.vertx-rabbitmq-client-7305bcd=io.vertx.rabbitmq.RabbitMQConsumptionStreamingTest.pauseAndResumeShouldWork_output_1590441013,1590441985,1590441412,573
251-nods-found-batch-output,JON_188_idf_sha_nods_p1_r100_t518400_5M_25d_16h_10m_9s_vert-x3.vertx-rabbitmq-client-7305bcd=io.vertx.rabbitmq.RabbitMQServiceTest.testBasicCancel_output_1590441013,1590442074,1590441376,698
251-nods-found-batch-output,JON_188_idf_sha_nods_p1_r100_t518400_5M_25d_16h_10m_9s_vert-x3.vertx-rabbitmq-client-7305bcd=io.vertx.rabbitmq.RabbitMQServiceTest.testBasicConsume_output_1590441013,1590442077,1590441385,692
251-nods-found-batch-output,JON_188_idf_sha_nods_p1_r100_t518400_5M_25d_16h_10m_9s_vert-x3.vertx-rabbitmq-client-7305bcd=io.vertx.rabbitmq.RabbitMQServiceTest.testGetMessageCount_output_1590441013,1590442062,1590441393,669
251-nods-found-batch-output,JON_188_idf_sha_nods_p1_r100_t518400_5M_25d_16h_10m_9s_vert-x3.vertx-rabbitmq-client-7305bcd=io.vertx.rabbitmq.RabbitMQServiceTest.testMessageOrderingWhenConsumingNewApi_output_1590441013,1590442055,1590441393,662
251-nods-found-batch-output,JON_188_idf_sha_nods_p1_r100_t518400_5M_25d_16h_10m_9s_visallo.vertexium-f1fd59e=org.vertexium.accumulo.AccumuloGraphTest.testFindPathsMultiplePaths_output_1590441013,1590441439,1590441393,46
251-nods-found-batch-output,JON_188_idf_sha_nods_p1_r100_t518400_5M_25d_16h_10m_9s_visallo.vertexium-f1fd59e=org.vertexium.accumulo.AccumuloGraphTest.testFindRelatedEdgesPerformance_output_1590441013,1590441435,1590441396,39
251-nods-found-batch-output,JON_188_idf_sha_nods_p1_r100_t518400_5M_25d_16h_10m_9s_visallo.vertexium-f1fd59e=org.vertexium.inmemory.InMemoryGraphTest.testMarkPropertyVisible_output_1590441013,1590441429,1590441396,33
251-nods-found-batch-output,JON_188_idf_sha_nods_p1_r100_t518400_5M_25d_16h_10m_9s_visallo.vertexium-f1fd59e=org.vertexium.util.IncreasingTimeTest.currentTimeMillisReturnsTimeGreaterThanSystemTime_output_1590441013,1590441421,1590441396,25
251-nods-found-batch-output,JON_188_idf_sha_nods_p1_r100_t518400_5M_25d_16h_10m_9s_vmware.admiral-e4b0293=com.vmware.admiral.adapter.registry.service.RegistryAdapterServiceProxyTest.testInitWithProxyWithList_output_1590441013,1590442106,1590441397,709
251-nods-found-batch-output,JON_188_idf_sha_nods_p1_r100_t518400_5M_25d_16h_10m_9s_vmware.admiral-e4b0293=com.vmware.admiral.adapter.registry.service.RegistryAdapterServiceTest.testDockerHubListImageTags_output_1590441013,1590442256,1590441396,860
251-nods-found-batch-output,JON_188_idf_sha_nods_p1_r100_t518400_5M_25d_16h_10m_9s_vmware.admiral-e4b0293=com.vmware.admiral.adapter.registry.service.RegistryAdapterServiceTest.testSameRegistryAsGlobalAndProject_output_1590441013,1590442283,1590441403,880
251-nods-found-batch-output,JON_188_idf_sha_nods_p1_r100_t518400_5M_25d_16h_10m_9s_vmware.admiral-e4b0293=com.vmware.admiral.adapter.registry.service.RegistryAdapterServiceTest.testSameRegistryTwoDifferentProjectsNotRemoveOldTenantLinkShouldFail_output_1590441013,1590442159,1590441393,766
251-nods-found-batch-output,JON_188_idf_sha_nods_p1_r100_t518400_5M_25d_16h_10m_9s_vmware.admiral-e4b0293=com.vmware.admiral.adapter.registry.service.RegistryAdapterServiceTest.testV1Ping_output_1590441013,1590442220,1590441400,820
251-nods-found-batch-output,JON_188_idf_sha_nods_p1_r100_t518400_5M_25d_16h_10m_9s_wro4j.wro4j-185ab60=ro.isdc.wro.extensions.processor.TestBourbonCssProcessor.shouldBeThreadSafe_output_1590441013,1590442673,1590441411,1262
251-nods-found-batch-output,JON_188_idf_sha_nods_p1_r100_t518400_5M_25d_16h_10m_9s_wro4j.wro4j-185ab60=ro.isdc.wro.extensions.processor.TestRubySassCssProcessor.shouldBeThreadSafeWhenInitializingProcessor_output_1590441013,1590442690,1590441424,1266
251-nods-found-batch-output,JON_188_idf_sha_nods_p1_r100_t518400_5M_25d_16h_10m_9s_zalando.riptide-8277e11=org.zalando.riptide.backup.BackupRequestPluginTest.shouldUseBackupRequest_output_1590441013,1590442546,1590441415,1131
251-nods-found-batch-output,JON_188_idf_sha_nods_p1_r100_t518400_5M_25d_16h_10m_9s_wso2.carbon-apimgt-a82213e=org.wso2.carbon.apimgt.throttling.siddhi.extension.ThrottleTimeBatchWindowTestCase.throttleTimeWindowBatchTest1_output_1590441013,1590443655,1590441412,2243
251-nods-found-batch-output,JON_188_idf_sha_nods_p1_r100_t518400_5M_25d_16h_10m_9s_zalando.riptide-8277e11=org.zalando.riptide.failsafe.RetryAfterDelayFunctionTest.shouldRetryOnDemandWithDynamicDelay_output_1590441013,1590442406,1590441424,982
251-nods-found-batch-output,JON_188_idf_sha_nods_p1_r100_t518400_5M_25d_16h_13m_9s_square.retrofit-ae28c3d=retrofit2.adapter.rxjava.CompletableThrowingSafeSubscriberTest.throwingInOnCompleteDeliveredToPlugin_output_1590441193,1590441863,1590441494,369
251-nods-found-batch-output,JON_188_idf_sha_nods_p1_r100_t518400_5M_25d_16h_13m_9s_square.retrofit-ae28c3d=retrofit2.CallTest.cancelOkHttpRequest_output_1590441193,1590442089,1590441515,574
251-nods-found-batch-output,JON_188_idf_sha_nods_p1_r100_t518400_5M_25d_16h_13m_9s_square.retrofit-ae28c3d=retrofit2.CallTest.cancelRequest_output_1590441193,1590442158,1590441518,640
251-nods-found-batch-output,JON_188_idf_sha_nods_p1_r100_t518400_5M_25d_16h_13m_9s_tootallnate.java-websocket-fa3909c=org.java_websocket.issues.Issue256Test.runReconnectBlockingScenario1_output_1590441193,1590441949,1590441521,428
251-nods-found-batch-output,JON_188_idf_sha_nods_p1_r100_t518400_5M_25d_16h_13m_9s_tootallnate.java-websocket-fa3909c=org.java_websocket.issues.Issue256Test.runReconnectBlockingScenario2_output_1590441193,1590442039,1590441530,509
251-nods-found-batch-output,JON_188_idf_sha_nods_p1_r100_t518400_5M_25d_16h_13m_9s_tootallnate.java-websocket-fa3909c=org.java_websocket.issues.Issue256Test.runReconnectBlockingScenario3_output_1590441193,1590441942,1590441521,421
251-nods-found-batch-output,JON_188_idf_sha_nods_p1_r100_t518400_5M_25d_16h_13m_9s_tootallnate.java-websocket-fa3909c=org.java_websocket.issues.Issue256Test.runReconnectBlockingScenario4_output_1590441193,1590441967,1590441521,446
251-nods-found-batch-output,JON_188_idf_sha_nods_p1_r100_t518400_5M_25d_16h_13m_9s_tootallnate.java-websocket-fa3909c=org.java_websocket.issues.Issue256Test.runReconnectBlockingScenario5_output_1590441193,1590442047,1590441532,515
251-nods-found-batch-output,JON_188_idf_sha_nods_p1_r100_t518400_5M_25d_16h_13m_9s_tootallnate.java-websocket-fa3909c=org.java_websocket.issues.Issue256Test.runReconnectBlockingScenario6_output_1590441193,1590441985,1590441525,460
251-nods-found-batch-output,JON_188_idf_sha_nods_p1_r100_t518400_5M_25d_16h_13m_9s_tootallnate.java-websocket-fa3909c=org.java_websocket.issues.Issue256Test.runReconnectBlockingScenario7_output_1590441193,1590442005,1590441526,479
251-nods-found-batch-output,JON_188_idf_sha_nods_p1_r100_t518400_5M_25d_16h_13m_9s_tootallnate.java-websocket-fa3909c=org.java_websocket.issues.Issue256Test.runReconnectBlockingScenario8_output_1590441193,1590442001,1590441534,467
251-nods-found-batch-output,JON_188_idf_sha_nods_p1_r100_t518400_5M_25d_16h_13m_9s_tootallnate.java-websocket-fa3909c=org.java_websocket.issues.Issue256Test.runReconnectBlockingScenario9_output_1590441193,1590441914,1590441468,446
251-nods-found-batch-output,JON_188_idf_sha_nods_p1_r100_t518400_5M_25d_16h_13m_9s_tootallnate.java-websocket-fa3909c=org.java_websocket.issues.Issue256Test.runReconnectScenario0_output_1590441193,1590442027,1590441537,490
251-nods-found-batch-output,JON_188_idf_sha_nods_p1_r100_t518400_5M_25d_16h_13m_9s_tootallnate.java-websocket-fa3909c=org.java_websocket.issues.Issue256Test.runReconnectScenario1_output_1590441193,1590442036,1590441534,502
251-nods-found-batch-output,JON_188_idf_sha_nods_p1_r100_t518400_5M_25d_16h_13m_9s_tootallnate.java-websocket-fa3909c=org.java_websocket.issues.Issue256Test.runReconnectScenario2_output_1590441193,1590442016,1590441537,479
251-nods-found-batch-output,JON_188_idf_sha_nods_p1_r100_t518400_5M_25d_16h_13m_9s_tootallnate.java-websocket-fa3909c=org.java_websocket.issues.Issue256Test.runReconnectScenario3_output_1590441193,1590442055,1590441541,514
251-nods-found-batch-output,JON_188_idf_sha_nods_p1_r100_t518400_5M_25d_16h_13m_9s_tootallnate.java-websocket-fa3909c=org.java_websocket.issues.Issue256Test.runReconnectScenario4_output_1590441193,1590442015,1590441544,471
251-nods-found-batch-output,JON_188_idf_sha_nods_p1_r100_t518400_5M_25d_16h_13m_9s_tootallnate.java-websocket-fa3909c=org.java_websocket.issues.Issue256Test.runReconnectScenario5_output_1590441193,1590442045,1590441542,503
251-nods-found-batch-output,JON_188_idf_sha_nods_p1_r100_t518400_5M_25d_16h_13m_9s_tootallnate.java-websocket-fa3909c=org.java_websocket.issues.Issue256Test.runReconnectScenario6_output_1590441193,1590442077,1590441545,532
251-nods-found-batch-output,JON_188_idf_sha_nods_p1_r100_t518400_5M_25d_16h_13m_9s_tootallnate.java-websocket-fa3909c=org.java_websocket.issues.Issue256Test.runReconnectScenario7_output_1590441193,1590442103,1590441545,558
251-nods-found-batch-output,JON_188_idf_sha_nods_p1_r100_t518400_5M_25d_16h_13m_9s_tootallnate.java-websocket-fa3909c=org.java_websocket.issues.Issue256Test.runReconnectScenario8_output_1590441193,1590442097,1590441545,552
251-nods-found-batch-output,JON_188_idf_sha_nods_p1_r100_t518400_5M_25d_16h_13m_9s_tootallnate.java-websocket-fa3909c=org.java_websocket.issues.Issue256Test.runReconnectScenario9_output_1590441193,1590442042,1590441546,496
251-nods-found-batch-output,JON_188_idf_sha_nods_p1_r100_t518400_5M_25d_16h_13m_9s_tootallnate.java-websocket-fa3909c=org.java_websocket.issues.Issue580Test.runNoCloseBlockingTestScenario0_output_1590441193,1590441984,1590441545,439
251-nods-found-batch-output,JON_188_idf_sha_nods_p1_r100_t518400_5M_25d_16h_13m_9s_tootallnate.java-websocket-fa3909c=org.java_websocket.issues.Issue580Test.runNoCloseBlockingTestScenario2_output_1590441193,1590442018,1590441545,473
251-nods-found-batch-output,JON_188_idf_sha_nods_p1_r100_t518400_5M_25d_16h_13m_9s_tootallnate.java-websocket-fa3909c=org.java_websocket.issues.Issue580Test.runNoCloseBlockingTestScenario3_output_1590441193,1590441983,1590441546,437
251-nods-found-batch-output,JON_188_idf_sha_nods_p1_r100_t518400_5M_25d_16h_13m_9s_tootallnate.java-websocket-fa3909c=org.java_websocket.issues.Issue580Test.runNoCloseBlockingTestScenario4_output_1590441193,1590442005,1590441546,459
251-nods-found-batch-output,JON_188_idf_sha_nods_p1_r100_t518400_5M_25d_16h_13m_9s_tootallnate.java-websocket-fa3909c=org.java_websocket.issues.Issue580Test.runNoCloseBlockingTestScenario5_output_1590441193,1590442032,1590441548,484
251-nods-found-batch-output,JON_188_idf_sha_nods_p1_r100_t518400_5M_25d_16h_13m_9s_tootallnate.java-websocket-fa3909c=org.java_websocket.issues.Issue580Test.runNoCloseBlockingTestScenario8_output_1590441193,1590441991,1590441548,443
251-nods-found-batch-output,JON_188_idf_sha_nods_p1_r100_t518400_5M_25d_16h_13m_9s_tootallnate.java-websocket-fa3909c=org.java_websocket.issues.Issue677Test.testIssue_output_1590441193,1590442028,1590441551,477
251-nods-found-batch-output,JON_188_idf_sha_nods_p1_r100_t518400_5M_25d_16h_13m_9s_tootallnate.java-websocket-fa3909c=org.java_websocket.issues.Issue713Test.testIssue_output_1590441193,1590442021,1590441550,471
251-nods-found-batch-output,JON_188_idf_sha_nods_p1_r100_t518400_5M_25d_16h_13m_9s_tootallnate.java-websocket-fa3909c=org.java_websocket.misc.OpeningHandshakeRejectionTest.testHandshakeRejectionTestCase10_output_1590441193,1590441955,1590441550,405
251-nods-found-batch-output,JON_188_idf_sha_nods_p1_r100_t518400_5M_25d_16h_13m_9s_tootallnate.java-websocket-fa3909c=org.java_websocket.misc.OpeningHandshakeRejectionTest.testHandshakeRejectionTestCase11_output_1590441193,1590441985,1590441550,435
251-nods-found-batch-output,JON_188_idf_sha_nods_p1_r100_t518400_5M_25d_16h_13m_9s_tootallnate.java-websocket-fa3909c=org.java_websocket.misc.OpeningHandshakeRejectionTest.testHandshakeRejectionTestCase1_output_1590441193,1590441971,1590441548,423
251-nods-found-batch-output,JON_188_idf_sha_nods_p1_r100_t518400_5M_25d_16h_13m_9s_tootallnate.java-websocket-fa3909c=org.java_websocket.misc.OpeningHandshakeRejectionTest.testHandshakeRejectionTestCase2_output_1590441193,1590441994,1590441556,438
251-nods-found-batch-output,JON_188_idf_sha_nods_p1_r100_t518400_5M_25d_16h_13m_9s_tootallnate.java-websocket-fa3909c=org.java_websocket.misc.OpeningHandshakeRejectionTest.testHandshakeRejectionTestCase3_output_1590441193,1590441963,1590441550,413
251-nods-found-batch-output,JON_188_idf_sha_nods_p1_r100_t518400_5M_25d_16h_13m_9s_tootallnate.java-websocket-fa3909c=org.java_websocket.misc.OpeningHandshakeRejectionTest.testHandshakeRejectionTestCase4_output_1590441193,1590441969,1590441550,419
251-nods-found-batch-output,JON_188_idf_sha_nods_p1_r100_t518400_5M_25d_16h_13m_9s_tootallnate.java-websocket-fa3909c=org.java_websocket.misc.OpeningHandshakeRejectionTest.testHandshakeRejectionTestCase5_output_1590441193,1590442016,1590441551,465
251-nods-found-batch-output,JON_188_idf_sha_nods_p1_r100_t518400_5M_25d_16h_13m_9s_tootallnate.java-websocket-fa3909c=org.java_websocket.misc.OpeningHandshakeRejectionTest.testHandshakeRejectionTestCase6_output_1590441193,1590441979,1590441550,429
251-nods-found-batch-output,JON_188_idf_sha_nods_p1_r100_t518400_5M_25d_16h_13m_9s_tootallnate.java-websocket-fa3909c=org.java_websocket.misc.OpeningHandshakeRejectionTest.testHandshakeRejectionTestCase7_output_1590441193,1590441994,1590441553,441
251-nods-found-batch-output,JON_188_idf_sha_nods_p1_r100_t518400_5M_25d_16h_13m_9s_tootallnate.java-websocket-fa3909c=org.java_websocket.misc.OpeningHandshakeRejectionTest.testHandshakeRejectionTestCase8_output_1590441193,1590442027,1590441557,470
251-nods-found-batch-output,JON_188_idf_sha_nods_p1_r100_t518400_5M_25d_16h_13m_9s_tootallnate.java-websocket-fa3909c=org.java_websocket.misc.OpeningHandshakeRejectionTest.testHandshakeRejectionTestCase9_output_1590441193,1590441998,1590441557,441
251-nods-found-batch-output,JON_188_idf_sha_nods_p1_r100_t518400_5M_25d_16h_13m_9s_tootallnate.java-websocket-fa3909c=org.java_websocket.protocols.ProtoclHandshakeRejectionTest.testHandshakeRejectionTestCase10_output_1590441193,1590441920,1590441557,363
251-nods-found-batch-output,JON_188_idf_sha_nods_p1_r100_t518400_5M_25d_16h_13m_9s_tootallnate.java-websocket-fa3909c=org.java_websocket.protocols.ProtoclHandshakeRejectionTest.testHandshakeRejectionTestCase11_output_1590441193,1590441982,1590441557,425
251-nods-found-batch-output,JON_188_idf_sha_nods_p1_r100_t518400_5M_25d_16h_13m_9s_tootallnate.java-websocket-fa3909c=org.java_websocket.protocols.ProtoclHandshakeRejectionTest.testHandshakeRejectionTestCase13_output_1590441193,1590442018,1590441556,462
251-nods-found-batch-output,JON_188_idf_sha_nods_p1_r100_t518400_5M_25d_16h_13m_9s_tootallnate.java-websocket-fa3909c=org.java_websocket.protocols.ProtoclHandshakeRejectionTest.testHandshakeRejectionTestCase14_output_1590441193,1590442019,1590441563,456
251-nods-found-batch-output,JON_188_idf_sha_nods_p1_r100_t518400_5M_25d_16h_13m_9s_tootallnate.java-websocket-fa3909c=org.java_websocket.protocols.ProtoclHandshakeRejectionTest.testHandshakeRejectionTestCase16_output_1590441193,1590442016,1590441560,456
251-nods-found-batch-output,JON_188_idf_sha_nods_p1_r100_t518400_5M_25d_16h_13m_9s_tootallnate.java-websocket-fa3909c=org.java_websocket.protocols.ProtoclHandshakeRejectionTest.testHandshakeRejectionTestCase17_output_1590441193,1590442038,1590441563,475
251-nods-found-batch-output,JON_188_idf_sha_nods_p1_r100_t518400_5M_25d_16h_13m_9s_tootallnate.java-websocket-fa3909c=org.java_websocket.protocols.ProtoclHandshakeRejectionTest.testHandshakeRejectionTestCase2_output_1590441193,1590441988,1590441566,422
251-nods-found-batch-output,JON_188_idf_sha_nods_p1_r100_t518400_5M_25d_16h_13m_9s_tootallnate.java-websocket-fa3909c=org.java_websocket.protocols.ProtoclHandshakeRejectionTest.testHandshakeRejectionTestCase3_output_1590441193,1590442026,1590441563,463
251-nods-found-batch-output,JON_188_idf_sha_nods_p1_r100_t518400_5M_25d_16h_13m_9s_tootallnate.java-websocket-fa3909c=org.java_websocket.protocols.ProtoclHandshakeRejectionTest.testHandshakeRejectionTestCase4_output_1590441193,1590442024,1590441565,459
251-nods-found-batch-output,JON_188_idf_sha_nods_p1_r100_t518400_5M_25d_16h_13m_9s_tootallnate.java-websocket-fa3909c=org.java_websocket.protocols.ProtoclHandshakeRejectionTest.testHandshakeRejectionTestCase6_output_1590441193,1590442008,1590441566,442
251-nods-found-batch-output,JON_188_idf_sha_nods_p1_r100_t518400_5M_25d_16h_13m_9s_tootallnate.java-websocket-fa3909c=org.java_websocket.protocols.ProtoclHandshakeRejectionTest.testHandshakeRejectionTestCase8_output_1590441193,1590442052,1590441565,487
251-nods-found-batch-output,JON_188_idf_sha_nods_p1_r100_t518400_5M_25d_16h_13m_9s_tootallnate.java-websocket-fa3909c=org.java_websocket.protocols.ProtoclHandshakeRejectionTest.testHandshakeRejectionTestCase9_output_1590441193,1590441980,1590441566,414
251-nods-found-batch-output,JON_188_idf_sha_nods_p1_r100_t518400_5M_25d_16h_13m_9s_undertow-io.undertow-d0efffa=io.undertow.websockets.jsr.test.JsrWebSocketServer07Test.testErrorHandling_output_1590441193,1590442571,1590441581,990
251-nods-found-batch-output,JON_188_idf_sha_nods_p1_r100_t518400_5M_25d_16h_13m_9s_undertow-io.undertow-d0efffa=io.undertow.websockets.jsr.test.JsrWebSocketServer08Test.testErrorHandling_output_1590441193,1590442483,1590441568,915
251-nods-found-batch-output,JON_188_idf_sha_nods_p1_r100_t518400_5M_25d_16h_13m_9s_undertow-io.undertow-d0efffa=io.undertow.websockets.jsr.test.JsrWebSocketServer13Test.testErrorHandling_output_1590441193,1590442415,1590441566,849
251-nods-found-batch-output,JON_188_idf_sha_nods_p1_r100_t518400_5M_25d_16h_13m_9s_undertow-io.undertow-d0efffa=io.undertow.websockets.jsr.test.reconnect.ClientEndpointReconnectTestCase.testAnnotatedClientEndpoint_output_1590441193,1590442430,1590441578,852
251-nods-found-batch-output,JON_188_idf_sha_nods_p1_r100_t518400_5M_25d_16h_13m_9s_vert-x3.vertx-mqtt-c8213e0=io.vertx.mqtt.test.server.MqttServerClientIdentifierTest.testValidClientIdentifier_output_1590441193,1590441600,1590441569,31
251-nods-found-batch-output,JON_188_idf_sha_nods_p1_r100_t518400_5M_25d_16h_13m_9s_vert-x3.vertx-mqtt-c8213e0=io.vertx.mqtt.test.server.MqttServerClientPublishTest.publishQos0_output_1590441193,1590441605,1590441581,24
251-nods-found-batch-output,JON_188_idf_sha_nods_p1_r100_t518400_5M_25d_16h_13m_9s_vert-x3.vertx-mqtt-c8213e0=io.vertx.mqtt.test.server.MqttServerConnectionTest.accepted_output_1590441193,1590441514,1590441494,20
251-nods-found-batch-output,JON_188_idf_sha_nods_p1_r100_t518400_5M_25d_16h_13m_9s_vert-x3.vertx-mqtt-c8213e0=io.vertx.mqtt.test.server.MqttServerConnectionTest.connectionAlreadyAccepted_output_1590441193,1590441603,1590441584,19
251-nods-found-batch-output,JON_188_idf_sha_nods_p1_r100_t518400_5M_25d_16h_13m_9s_vert-x3.vertx-mqtt-c8213e0=io.vertx.mqtt.test.server.MqttServerConnectionTest.noConnectSent_output_1590441193,1590441610,1590441581,29
251-nods-found-batch-output,JON_188_idf_sha_nods_p1_r100_t518400_5M_25d_16h_13m_9s_vert-x3.vertx-mqtt-c8213e0=io.vertx.mqtt.test.server.MqttServerUnsubscribeTest.unsubscribe_output_1590441193,1590441627,1590441601,26
251-nods-found-batch-output,JON_188_idf_sha_nods_p1_r100_t518400_5M_25d_16h_13m_9s_vert-x3.vertx-rabbitmq-client-7305bcd=io.vertx.rabbitmq.RabbitMQClientReconnectTest.testReconnect_output_1590441193,1590442316,1590441654,662
251-nods-found-batch-output,JON_188_idf_sha_nods_p1_r100_t518400_5M_25d_16h_13m_9s_vert-x3.vertx-rabbitmq-client-7305bcd=io.vertx.rabbitmq.RabbitMQConsumptionStreamingTest.keepMostRecentOptionShouldWorks_output_1590441193,1590442195,1590441581,614
251-nods-found-batch-output,JON_188_idf_sha_nods_p1_r100_t518400_5M_25d_16h_13m_9s_vert-x3.vertx-rabbitmq-client-7305bcd=io.vertx.rabbitmq.RabbitMQConsumptionStreamingTest.pauseAndResumeShouldWork_output_1590441193,1590442213,1590441584,629
251-nods-found-batch-output,JON_188_idf_sha_nods_p1_r100_t518400_5M_25d_16h_13m_9s_vert-x3.vertx-rabbitmq-client-7305bcd=io.vertx.rabbitmq.RabbitMQServiceTest.testBasicCancel_output_1590441193,1590442212,1590441584,628
251-nods-found-batch-output,JON_188_idf_sha_nods_p1_r100_t518400_5M_25d_16h_13m_9s_vert-x3.vertx-rabbitmq-client-7305bcd=io.vertx.rabbitmq.RabbitMQServiceTest.testBasicConsume_output_1590441193,1590442343,1590441658,685
251-nods-found-batch-output,JON_188_idf_sha_nods_p1_r100_t518400_5M_25d_16h_13m_9s_vert-x3.vertx-rabbitmq-client-7305bcd=io.vertx.rabbitmq.RabbitMQServiceTest.testGetMessageCount_output_1590441193,1590442302,1590441611,691
251-nods-found-batch-output,JON_188_idf_sha_nods_p1_r100_t518400_5M_25d_16h_13m_9s_vert-x3.vertx-rabbitmq-client-7305bcd=io.vertx.rabbitmq.RabbitMQServiceTest.testMessageOrderingWhenConsumingNewApi_output_1590441193,1590442237,1590441607,630
251-nods-found-batch-output,JON_188_idf_sha_nods_p1_r100_t518400_5M_25d_16h_13m_9s_visallo.vertexium-f1fd59e=org.vertexium.accumulo.AccumuloGraphTest.testFindPathsMultiplePaths_output_1590441193,1590441653,1590441611,42
251-nods-found-batch-output,JON_188_idf_sha_nods_p1_r100_t518400_5M_25d_16h_13m_9s_visallo.vertexium-f1fd59e=org.vertexium.accumulo.AccumuloGraphTest.testFindRelatedEdgesPerformance_output_1590441193,1590441694,1590441649,45
251-nods-found-batch-output,JON_188_idf_sha_nods_p1_r100_t518400_5M_25d_16h_13m_9s_visallo.vertexium-f1fd59e=org.vertexium.inmemory.InMemoryGraphTest.manyVisibilities_output_1590441193,1590441631,1590441604,27
251-nods-found-batch-output,JON_188_idf_sha_nods_p1_r100_t518400_5M_25d_16h_13m_9s_visallo.vertexium-f1fd59e=org.vertexium.inmemory.InMemoryGraphTest.testMarkPropertyVisible_output_1590441193,1590441660,1590441631,29
251-nods-found-batch-output,JON_188_idf_sha_nods_p1_r100_t518400_5M_25d_16h_13m_9s_visallo.vertexium-f1fd59e=org.vertexium.util.IncreasingTimeTest.currentTimeMillisReturnsTimeGreaterThanSystemTime_output_1590441193,1590441632,1590441607,25
251-nods-found-batch-output,JON_188_idf_sha_nods_p1_r100_t518400_5M_25d_16h_13m_9s_vmware.admiral-e4b0293=com.vmware.admiral.adapter.registry.service.RegistryAdapterServiceProxyTest.testInitWithProxyWithList_output_1590441193,1590442395,1590441612,783
251-nods-found-batch-output,JON_188_idf_sha_nods_p1_r100_t518400_5M_25d_16h_13m_9s_vmware.admiral-e4b0293=com.vmware.admiral.adapter.registry.service.RegistryAdapterServiceTest.testDockerHubListImageTags_output_1590441193,1590442544,1590441612,932
251-nods-found-batch-output,JON_188_idf_sha_nods_p1_r100_t518400_5M_25d_16h_13m_9s_vmware.admiral-e4b0293=com.vmware.admiral.adapter.registry.service.RegistryAdapterServiceTest.testSameRegistryAsGlobalAndProject_output_1590441193,1590442388,1590441634,754
251-nods-found-batch-output,JON_188_idf_sha_nods_p1_r100_t518400_5M_25d_16h_13m_9s_vmware.admiral-e4b0293=com.vmware.admiral.adapter.registry.service.RegistryAdapterServiceTest.testSameRegistryTwoDifferentProjectsNotRemoveOldTenantLinkShouldFail_output_1590441193,1590442436,1590441634,802
251-nods-found-batch-output,JON_188_idf_sha_nods_p1_r100_t518400_5M_25d_16h_13m_9s_vmware.admiral-e4b0293=com.vmware.admiral.adapter.registry.service.RegistryAdapterServiceTest.testV1Ping_output_1590441193,1590442410,1590441639,771
251-nods-found-batch-output,JON_188_idf_sha_nods_p1_r100_t518400_5M_25d_16h_13m_9s_wro4j.wro4j-185ab60=ro.isdc.wro.extensions.processor.TestBourbonCssProcessor.shouldBeThreadSafe_output_1590441193,1590442911,1590441648,1263
251-nods-found-batch-output,JON_188_idf_sha_nods_p1_r100_t518400_5M_25d_16h_13m_9s_wro4j.wro4j-185ab60=ro.isdc.wro.extensions.processor.TestRubySassCssProcessor.shouldBeThreadSafeWhenInitializingProcessor_output_1590441193,1590442838,1590441651,1187
251-nods-found-batch-output,JON_188_idf_sha_nods_p1_r100_t518400_5M_25d_16h_13m_9s_wso2.carbon-apimgt-a82213e=org.wso2.carbon.apimgt.throttling.siddhi.extension.ThrottleTimeBatchWindowTestCase.throttleTimeWindowBatchTest1_output_1590441193,1590443741,1590441654,2087
251-nods-found-batch-output,JON_188_idf_sha_nods_p1_r100_t518400_5M_25d_16h_13m_9s_zalando.riptide-8277e11=org.zalando.riptide.backup.BackupRequestPluginTest.shouldUseBackupRequest_output_1590441193,1590442600,1590441637,963
251-nods-found-batch-output,JON_188_idf_sha_nods_p1_r100_t518400_5M_25d_16h_13m_9s_zalando.riptide-8277e11=org.zalando.riptide.failsafe.RetryAfterDelayFunctionTest.shouldRetryOnDemandWithDynamicDelay_output_1590441193,1590442604,1590441660,944
251-nods-found-batch-output,JON_188_idf_sha_nods_p1_r100_t518400_5M_25d_16h_16m_9s_square.retrofit-ae28c3d=retrofit2.adapter.rxjava.CompletableThrowingSafeSubscriberTest.throwingInOnCompleteDeliveredToPlugin_output_1590441373,1590442039,1590441668,371
251-nods-found-batch-output,JON_188_idf_sha_nods_p1_r100_t518400_5M_25d_16h_16m_9s_square.retrofit-ae28c3d=retrofit2.CallTest.cancelOkHttpRequest_output_1590441373,1590442332,1590441670,662
251-nods-found-batch-output,JON_188_idf_sha_nods_p1_r100_t518400_5M_25d_16h_16m_9s_square.retrofit-ae28c3d=retrofit2.CallTest.cancelRequest_output_1590441373,1590442327,1590441674,653
251-nods-found-batch-output,JON_188_idf_sha_nods_p1_r100_t518400_5M_25d_16h_16m_9s_tootallnate.java-websocket-fa3909c=org.java_websocket.issues.Issue256Test.runReconnectBlockingScenario1_output_1590441373,1590442158,1590441675,483
251-nods-found-batch-output,JON_188_idf_sha_nods_p1_r100_t518400_5M_25d_16h_16m_9s_tootallnate.java-websocket-fa3909c=org.java_websocket.issues.Issue256Test.runReconnectBlockingScenario2_output_1590441373,1590442126,1590441677,449
251-nods-found-batch-output,JON_188_idf_sha_nods_p1_r100_t518400_5M_25d_16h_16m_9s_tootallnate.java-websocket-fa3909c=org.java_websocket.issues.Issue256Test.runReconnectBlockingScenario3_output_1590441373,1590442113,1590441675,438
251-nods-found-batch-output,JON_188_idf_sha_nods_p1_r100_t518400_5M_25d_16h_16m_9s_tootallnate.java-websocket-fa3909c=org.java_websocket.issues.Issue256Test.runReconnectBlockingScenario4_output_1590441373,1590442219,1590441675,544
251-nods-found-batch-output,JON_188_idf_sha_nods_p1_r100_t518400_5M_25d_16h_16m_9s_tootallnate.java-websocket-fa3909c=org.java_websocket.issues.Issue256Test.runReconnectBlockingScenario5_output_1590441373,1590442135,1590441675,460
251-nods-found-batch-output,JON_188_idf_sha_nods_p1_r100_t518400_5M_25d_16h_16m_9s_tootallnate.java-websocket-fa3909c=org.java_websocket.issues.Issue256Test.runReconnectBlockingScenario6_output_1590441373,1590442160,1590441677,483
251-nods-found-batch-output,JON_188_idf_sha_nods_p1_r100_t518400_5M_25d_16h_16m_9s_tootallnate.java-websocket-fa3909c=org.java_websocket.issues.Issue256Test.runReconnectBlockingScenario7_output_1590441373,1590442101,1590441658,443
251-nods-found-batch-output,JON_188_idf_sha_nods_p1_r100_t518400_5M_25d_16h_16m_9s_tootallnate.java-websocket-fa3909c=org.java_websocket.issues.Issue256Test.runReconnectBlockingScenario8_output_1590441373,1590442104,1590441677,427
251-nods-found-batch-output,JON_188_idf_sha_nods_p1_r100_t518400_5M_25d_16h_16m_9s_tootallnate.java-websocket-fa3909c=org.java_websocket.issues.Issue256Test.runReconnectBlockingScenario9_output_1590441373,1590442168,1590441679,489
251-nods-found-batch-output,JON_188_idf_sha_nods_p1_r100_t518400_5M_25d_16h_16m_9s_tootallnate.java-websocket-fa3909c=org.java_websocket.issues.Issue256Test.runReconnectScenario0_output_1590441373,1590442187,1590441679,508
251-nods-found-batch-output,JON_188_idf_sha_nods_p1_r100_t518400_5M_25d_16h_16m_9s_tootallnate.java-websocket-fa3909c=org.java_websocket.issues.Issue256Test.runReconnectScenario1_output_1590441373,1590442185,1590441679,506
251-nods-found-batch-output,JON_188_idf_sha_nods_p1_r100_t518400_5M_25d_16h_16m_9s_tootallnate.java-websocket-fa3909c=org.java_websocket.issues.Issue256Test.runReconnectScenario2_output_1590441373,1590442198,1590441682,516
251-nods-found-batch-output,JON_188_idf_sha_nods_p1_r100_t518400_5M_25d_16h_16m_9s_tootallnate.java-websocket-fa3909c=org.java_websocket.issues.Issue256Test.runReconnectScenario3_output_1590441373,1590442228,1590441682,546
251-nods-found-batch-output,JON_188_idf_sha_nods_p1_r100_t518400_5M_25d_16h_16m_9s_tootallnate.java-websocket-fa3909c=org.java_websocket.issues.Issue256Test.runReconnectScenario4_output_1590441373,1590442244,1590441682,562
251-nods-found-batch-output,JON_188_idf_sha_nods_p1_r100_t518400_5M_25d_16h_16m_9s_tootallnate.java-websocket-fa3909c=org.java_websocket.issues.Issue256Test.runReconnectScenario5_output_1590441373,1590442156,1590441684,472
251-nods-found-batch-output,JON_188_idf_sha_nods_p1_r100_t518400_5M_25d_16h_16m_9s_tootallnate.java-websocket-fa3909c=org.java_websocket.issues.Issue256Test.runReconnectScenario6_output_1590441373,1590442201,1590441686,515
251-nods-found-batch-output,JON_188_idf_sha_nods_p1_r100_t518400_5M_25d_16h_16m_9s_tootallnate.java-websocket-fa3909c=org.java_websocket.issues.Issue256Test.runReconnectScenario7_output_1590441373,1590442283,1590441686,597
251-nods-found-batch-output,JON_188_idf_sha_nods_p1_r100_t518400_5M_25d_16h_16m_9s_tootallnate.java-websocket-fa3909c=org.java_websocket.issues.Issue256Test.runReconnectScenario8_output_1590441373,1590442226,1590441686,540
251-nods-found-batch-output,JON_188_idf_sha_nods_p1_r100_t518400_5M_25d_16h_16m_9s_tootallnate.java-websocket-fa3909c=org.java_websocket.issues.Issue256Test.runReconnectScenario9_output_1590441373,1590442160,1590441689,471
251-nods-found-batch-output,JON_188_idf_sha_nods_p1_r100_t518400_5M_25d_16h_16m_9s_tootallnate.java-websocket-fa3909c=org.java_websocket.issues.Issue580Test.runNoCloseBlockingTestScenario0_output_1590441373,1590442086,1590441693,393
251-nods-found-batch-output,JON_188_idf_sha_nods_p1_r100_t518400_5M_25d_16h_16m_9s_tootallnate.java-websocket-fa3909c=org.java_websocket.issues.Issue580Test.runNoCloseBlockingTestScenario2_output_1590441373,1590442137,1590441691,446
251-nods-found-batch-output,JON_188_idf_sha_nods_p1_r100_t518400_5M_25d_16h_16m_9s_tootallnate.java-websocket-fa3909c=org.java_websocket.issues.Issue580Test.runNoCloseBlockingTestScenario3_output_1590441373,1590442133,1590441693,440
251-nods-found-batch-output,JON_188_idf_sha_nods_p1_r100_t518400_5M_25d_16h_16m_9s_tootallnate.java-websocket-fa3909c=org.java_websocket.issues.Issue580Test.runNoCloseBlockingTestScenario4_output_1590441373,1590442149,1590441693,456
251-nods-found-batch-output,JON_188_idf_sha_nods_p1_r100_t518400_5M_25d_16h_16m_9s_tootallnate.java-websocket-fa3909c=org.java_websocket.issues.Issue580Test.runNoCloseBlockingTestScenario5_output_1590441373,1590442128,1590441693,435
251-nods-found-batch-output,JON_188_idf_sha_nods_p1_r100_t518400_5M_25d_16h_16m_9s_tootallnate.java-websocket-fa3909c=org.java_websocket.issues.Issue580Test.runNoCloseBlockingTestScenario8_output_1590441373,1590442134,1590441695,439
251-nods-found-batch-output,JON_188_idf_sha_nods_p1_r100_t518400_5M_25d_16h_16m_9s_tootallnate.java-websocket-fa3909c=org.java_websocket.issues.Issue677Test.testIssue_output_1590441373,1590442186,1590441696,490
251-nods-found-batch-output,JON_188_idf_sha_nods_p1_r100_t518400_5M_25d_16h_16m_9s_tootallnate.java-websocket-fa3909c=org.java_websocket.issues.Issue713Test.testIssue_output_1590441373,1590442171,1590441695,476
251-nods-found-batch-output,JON_188_idf_sha_nods_p1_r100_t518400_5M_25d_16h_16m_9s_tootallnate.java-websocket-fa3909c=org.java_websocket.misc.OpeningHandshakeRejectionTest.testHandshakeRejectionTestCase10_output_1590441373,1590442152,1590441699,453
251-nods-found-batch-output,JON_188_idf_sha_nods_p1_r100_t518400_5M_25d_16h_16m_9s_tootallnate.java-websocket-fa3909c=org.java_websocket.misc.OpeningHandshakeRejectionTest.testHandshakeRejectionTestCase11_output_1590441373,1590442210,1590441701,509
251-nods-found-batch-output,JON_188_idf_sha_nods_p1_r100_t518400_5M_25d_16h_16m_9s_tootallnate.java-websocket-fa3909c=org.java_websocket.misc.OpeningHandshakeRejectionTest.testHandshakeRejectionTestCase1_output_1590441373,1590442088,1590441699,389
251-nods-found-batch-output,JON_188_idf_sha_nods_p1_r100_t518400_5M_25d_16h_16m_9s_tootallnate.java-websocket-fa3909c=org.java_websocket.misc.OpeningHandshakeRejectionTest.testHandshakeRejectionTestCase2_output_1590441373,1590442162,1590441703,459
251-nods-found-batch-output,JON_188_idf_sha_nods_p1_r100_t518400_5M_25d_16h_16m_9s_tootallnate.java-websocket-fa3909c=org.java_websocket.misc.OpeningHandshakeRejectionTest.testHandshakeRejectionTestCase3_output_1590441373,1590442124,1590441701,423
251-nods-found-batch-output,JON_188_idf_sha_nods_p1_r100_t518400_5M_25d_16h_16m_9s_tootallnate.java-websocket-fa3909c=org.java_websocket.misc.OpeningHandshakeRejectionTest.testHandshakeRejectionTestCase4_output_1590441373,1590442159,1590441705,454
251-nods-found-batch-output,JON_188_idf_sha_nods_p1_r100_t518400_5M_25d_16h_16m_9s_tootallnate.java-websocket-fa3909c=org.java_websocket.misc.OpeningHandshakeRejectionTest.testHandshakeRejectionTestCase5_output_1590441373,1590442094,1590441665,429
251-nods-found-batch-output,JON_188_idf_sha_nods_p1_r100_t518400_5M_25d_16h_16m_9s_tootallnate.java-websocket-fa3909c=org.java_websocket.misc.OpeningHandshakeRejectionTest.testHandshakeRejectionTestCase6_output_1590441373,1590442130,1590441703,427
251-nods-found-batch-output,JON_188_idf_sha_nods_p1_r100_t518400_5M_25d_16h_16m_9s_tootallnate.java-websocket-fa3909c=org.java_websocket.misc.OpeningHandshakeRejectionTest.testHandshakeRejectionTestCase7_output_1590441373,1590442152,1590441710,442
251-nods-found-batch-output,JON_188_idf_sha_nods_p1_r100_t518400_5M_25d_16h_16m_9s_tootallnate.java-websocket-fa3909c=org.java_websocket.misc.OpeningHandshakeRejectionTest.testHandshakeRejectionTestCase8_output_1590441373,1590442161,1590441710,451
251-nods-found-batch-output,JON_188_idf_sha_nods_p1_r100_t518400_5M_25d_16h_16m_9s_tootallnate.java-websocket-fa3909c=org.java_websocket.misc.OpeningHandshakeRejectionTest.testHandshakeRejectionTestCase9_output_1590441373,1590442126,1590441708,418
251-nods-found-batch-output,JON_188_idf_sha_nods_p1_r100_t518400_5M_25d_16h_16m_9s_tootallnate.java-websocket-fa3909c=org.java_websocket.protocols.ProtoclHandshakeRejectionTest.testHandshakeRejectionTestCase10_output_1590441373,1590442161,1590441705,456
251-nods-found-batch-output,JON_188_idf_sha_nods_p1_r100_t518400_5M_25d_16h_16m_9s_tootallnate.java-websocket-fa3909c=org.java_websocket.protocols.ProtoclHandshakeRejectionTest.testHandshakeRejectionTestCase11_output_1590441373,1590442163,1590441708,455
251-nods-found-batch-output,JON_188_idf_sha_nods_p1_r100_t518400_5M_25d_16h_16m_9s_tootallnate.java-websocket-fa3909c=org.java_websocket.protocols.ProtoclHandshakeRejectionTest.testHandshakeRejectionTestCase13_output_1590441373,1590442104,1590441710,394
251-nods-found-batch-output,JON_188_idf_sha_nods_p1_r100_t518400_5M_25d_16h_16m_9s_tootallnate.java-websocket-fa3909c=org.java_websocket.protocols.ProtoclHandshakeRejectionTest.testHandshakeRejectionTestCase14_output_1590441373,1590442106,1590441705,401
251-nods-found-batch-output,JON_188_idf_sha_nods_p1_r100_t518400_5M_25d_16h_16m_9s_tootallnate.java-websocket-fa3909c=org.java_websocket.protocols.ProtoclHandshakeRejectionTest.testHandshakeRejectionTestCase16_output_1590441373,1590442167,1590441705,462
251-nods-found-batch-output,JON_188_idf_sha_nods_p1_r100_t518400_5M_25d_16h_16m_9s_tootallnate.java-websocket-fa3909c=org.java_websocket.protocols.ProtoclHandshakeRejectionTest.testHandshakeRejectionTestCase17_output_1590441373,1590442155,1590441710,445
251-nods-found-batch-output,JON_188_idf_sha_nods_p1_r100_t518400_5M_25d_16h_16m_9s_tootallnate.java-websocket-fa3909c=org.java_websocket.protocols.ProtoclHandshakeRejectionTest.testHandshakeRejectionTestCase2_output_1590441373,1590442158,1590441710,448
251-nods-found-batch-output,JON_188_idf_sha_nods_p1_r100_t518400_5M_25d_16h_16m_9s_tootallnate.java-websocket-fa3909c=org.java_websocket.protocols.ProtoclHandshakeRejectionTest.testHandshakeRejectionTestCase3_output_1590441373,1590442172,1590441712,460
251-nods-found-batch-output,JON_188_idf_sha_nods_p1_r100_t518400_5M_25d_16h_16m_9s_tootallnate.java-websocket-fa3909c=org.java_websocket.protocols.ProtoclHandshakeRejectionTest.testHandshakeRejectionTestCase4_output_1590441373,1590442173,1590441712,461
251-nods-found-batch-output,JON_188_idf_sha_nods_p1_r100_t518400_5M_25d_16h_16m_9s_tootallnate.java-websocket-fa3909c=org.java_websocket.protocols.ProtoclHandshakeRejectionTest.testHandshakeRejectionTestCase6_output_1590441373,1590442143,1590441712,431
251-nods-found-batch-output,JON_188_idf_sha_nods_p1_r100_t518400_5M_25d_16h_16m_9s_tootallnate.java-websocket-fa3909c=org.java_websocket.protocols.ProtoclHandshakeRejectionTest.testHandshakeRejectionTestCase8_output_1590441373,1590442098,1590441712,386
251-nods-found-batch-output,JON_188_idf_sha_nods_p1_r100_t518400_5M_25d_16h_16m_9s_tootallnate.java-websocket-fa3909c=org.java_websocket.protocols.ProtoclHandshakeRejectionTest.testHandshakeRejectionTestCase9_output_1590441373,1590442169,1590441712,457
251-nods-found-batch-output,JON_188_idf_sha_nods_p1_r100_t518400_5M_25d_16h_16m_9s_undertow-io.undertow-d0efffa=io.undertow.websockets.jsr.test.JsrWebSocketServer07Test.testErrorHandling_output_1590441373,1590442614,1590441712,902
251-nods-found-batch-output,JON_188_idf_sha_nods_p1_r100_t518400_5M_25d_16h_16m_9s_undertow-io.undertow-d0efffa=io.undertow.websockets.jsr.test.JsrWebSocketServer08Test.testErrorHandling_output_1590441373,1590442535,1590441715,820
251-nods-found-batch-output,JON_188_idf_sha_nods_p1_r100_t518400_5M_25d_16h_16m_9s_undertow-io.undertow-d0efffa=io.undertow.websockets.jsr.test.JsrWebSocketServer13Test.testErrorHandling_output_1590441373,1590442610,1590441712,898
251-nods-found-batch-output,JON_188_idf_sha_nods_p1_r100_t518400_5M_25d_16h_16m_9s_undertow-io.undertow-d0efffa=io.undertow.websockets.jsr.test.reconnect.ClientEndpointReconnectTestCase.testAnnotatedClientEndpoint_output_1590441373,1590442568,1590441715,853
251-nods-found-batch-output,JON_188_idf_sha_nods_p1_r100_t518400_5M_25d_16h_16m_9s_vert-x3.vertx-mqtt-c8213e0=io.vertx.mqtt.test.server.MqttServerClientIdentifierTest.testValidClientIdentifier_output_1590441373,1590441735,1590441715,20
251-nods-found-batch-output,JON_188_idf_sha_nods_p1_r100_t518400_5M_25d_16h_16m_9s_vert-x3.vertx-mqtt-c8213e0=io.vertx.mqtt.test.server.MqttServerClientPublishTest.publishQos0_output_1590441373,1590441735,1590441715,20
251-nods-found-batch-output,JON_188_idf_sha_nods_p1_r100_t518400_5M_25d_16h_16m_9s_vert-x3.vertx-mqtt-c8213e0=io.vertx.mqtt.test.server.MqttServerConnectionTest.accepted_output_1590441373,1590441737,1590441715,22
251-nods-found-batch-output,JON_188_idf_sha_nods_p1_r100_t518400_5M_25d_16h_19m_9s_square.retrofit-ae28c3d=retrofit2.CallTest.cancelRequest_output_1590441553,1590442511,1590441834,677
251-nods-found-batch-output,JON_188_idf_sha_nods_p1_r100_t518400_5M_25d_16h_16m_9s_vert-x3.vertx-mqtt-c8213e0=io.vertx.mqtt.test.server.MqttServerConnectionTest.connectionAlreadyAccepted_output_1590441373,1590441735,1590441715,20
251-nods-found-batch-output,JON_188_idf_sha_nods_p1_r100_t518400_5M_25d_16h_16m_9s_vert-x3.vertx-mqtt-c8213e0=io.vertx.mqtt.test.server.MqttServerConnectionTest.noConnectSent_output_1590441373,1590441749,1590441721,28
251-nods-found-batch-output,JON_188_idf_sha_nods_p1_r100_t518400_5M_25d_16h_16m_9s_vert-x3.vertx-mqtt-c8213e0=io.vertx.mqtt.test.server.MqttServerUnsubscribeTest.unsubscribe_output_1590441373,1590441741,1590441715,26
251-nods-found-batch-output,JON_188_idf_sha_nods_p1_r100_t518400_5M_25d_16h_16m_9s_vert-x3.vertx-rabbitmq-client-7305bcd=io.vertx.rabbitmq.RabbitMQClientReconnectTest.testReconnect_output_1590441373,1590442359,1590441715,644
251-nods-found-batch-output,JON_188_idf_sha_nods_p1_r100_t518400_5M_25d_16h_16m_9s_vert-x3.vertx-rabbitmq-client-7305bcd=io.vertx.rabbitmq.RabbitMQConsumptionStreamingTest.keepMostRecentOptionShouldWorks_output_1590441373,1590442355,1590441717,638
251-nods-found-batch-output,JON_188_idf_sha_nods_p1_r100_t518400_5M_25d_16h_16m_9s_vert-x3.vertx-rabbitmq-client-7305bcd=io.vertx.rabbitmq.RabbitMQConsumptionStreamingTest.pauseAndResumeShouldWork_output_1590441373,1590442379,1590441717,662
251-nods-found-batch-output,JON_188_idf_sha_nods_p1_r100_t518400_5M_25d_16h_16m_9s_vert-x3.vertx-rabbitmq-client-7305bcd=io.vertx.rabbitmq.RabbitMQServiceTest.testBasicCancel_output_1590441373,1590442423,1590441715,708
251-nods-found-batch-output,JON_188_idf_sha_nods_p1_r100_t518400_5M_25d_16h_16m_9s_vert-x3.vertx-rabbitmq-client-7305bcd=io.vertx.rabbitmq.RabbitMQServiceTest.testBasicConsume_output_1590441373,1590442386,1590441719,667
251-nods-found-batch-output,JON_188_idf_sha_nods_p1_r100_t518400_5M_25d_16h_16m_9s_vert-x3.vertx-rabbitmq-client-7305bcd=io.vertx.rabbitmq.RabbitMQServiceTest.testGetMessageCount_output_1590441373,1590442394,1590441719,675
251-nods-found-batch-output,JON_188_idf_sha_nods_p1_r100_t518400_5M_25d_16h_16m_9s_vert-x3.vertx-rabbitmq-client-7305bcd=io.vertx.rabbitmq.RabbitMQServiceTest.testMessageOrderingWhenConsumingNewApi_output_1590441373,1590442400,1590441718,682
251-nods-found-batch-output,JON_188_idf_sha_nods_p1_r100_t518400_5M_25d_16h_16m_9s_visallo.vertexium-f1fd59e=org.vertexium.accumulo.AccumuloGraphTest.testFindPathsMultiplePaths_output_1590441373,1590441763,1590441721,42
251-nods-found-batch-output,JON_188_idf_sha_nods_p1_r100_t518400_5M_25d_16h_16m_9s_visallo.vertexium-f1fd59e=org.vertexium.accumulo.AccumuloGraphTest.testFindRelatedEdgesPerformance_output_1590441373,1590441762,1590441722,40
251-nods-found-batch-output,JON_188_idf_sha_nods_p1_r100_t518400_5M_25d_16h_16m_9s_visallo.vertexium-f1fd59e=org.vertexium.inmemory.InMemoryGraphTest.manyVisibilities_output_1590441373,1590441755,1590441721,34
251-nods-found-batch-output,JON_188_idf_sha_nods_p1_r100_t518400_5M_25d_16h_16m_9s_visallo.vertexium-f1fd59e=org.vertexium.inmemory.InMemoryGraphTest.testMarkPropertyVisible_output_1590441373,1590441755,1590441721,34
251-nods-found-batch-output,JON_188_idf_sha_nods_p1_r100_t518400_5M_25d_16h_16m_9s_visallo.vertexium-f1fd59e=org.vertexium.util.IncreasingTimeTest.currentTimeMillisReturnsTimeGreaterThanSystemTime_output_1590441373,1590441755,1590441725,30
251-nods-found-batch-output,JON_188_idf_sha_nods_p1_r100_t518400_5M_25d_16h_16m_9s_vmware.admiral-e4b0293=com.vmware.admiral.adapter.registry.service.RegistryAdapterServiceProxyTest.testInitWithProxyWithList_output_1590441373,1590442479,1590441729,750
251-nods-found-batch-output,JON_188_idf_sha_nods_p1_r100_t518400_5M_25d_16h_16m_9s_vmware.admiral-e4b0293=com.vmware.admiral.adapter.registry.service.RegistryAdapterServiceTest.testDockerHubListImageTags_output_1590441373,1590442543,1590441724,819
251-nods-found-batch-output,JON_188_idf_sha_nods_p1_r100_t518400_5M_25d_16h_16m_9s_vmware.admiral-e4b0293=com.vmware.admiral.adapter.registry.service.RegistryAdapterServiceTest.testSameRegistryAsGlobalAndProject_output_1590441373,1590442470,1590441729,741
251-nods-found-batch-output,JON_188_idf_sha_nods_p1_r100_t518400_5M_25d_16h_16m_9s_vmware.admiral-e4b0293=com.vmware.admiral.adapter.registry.service.RegistryAdapterServiceTest.testSameRegistryTwoDifferentProjectsNotRemoveOldTenantLinkShouldFail_output_1590441373,1590442550,1590441727,823
251-nods-found-batch-output,JON_188_idf_sha_nods_p1_r100_t518400_5M_25d_16h_16m_9s_vmware.admiral-e4b0293=com.vmware.admiral.adapter.registry.service.RegistryAdapterServiceTest.testV1Ping_output_1590441373,1590442529,1590441726,803
251-nods-found-batch-output,JON_188_idf_sha_nods_p1_r100_t518400_5M_25d_16h_16m_9s_wro4j.wro4j-185ab60=ro.isdc.wro.extensions.processor.TestBourbonCssProcessor.shouldBeThreadSafe_output_1590441373,1590442955,1590441725,1230
251-nods-found-batch-output,JON_188_idf_sha_nods_p1_r100_t518400_5M_25d_16h_16m_9s_wro4j.wro4j-185ab60=ro.isdc.wro.extensions.processor.TestRubySassCssProcessor.shouldBeThreadSafeWhenInitializingProcessor_output_1590441373,1590442943,1590441725,1218
251-nods-found-batch-output,JON_188_idf_sha_nods_p1_r100_t518400_5M_25d_16h_16m_9s_zalando.riptide-8277e11=org.zalando.riptide.backup.BackupRequestPluginTest.shouldUseBackupRequest_output_1590441373,1590442857,1590441738,1119
251-nods-found-batch-output,JON_188_idf_sha_nods_p1_r100_t518400_5M_25d_16h_16m_9s_zalando.riptide-8277e11=org.zalando.riptide.failsafe.RetryAfterDelayFunctionTest.shouldRetryOnDemandWithDynamicDelay_output_1590441373,1590442664,1590441734,930
251-nods-found-batch-output,JON_188_idf_sha_nods_p1_r100_t518400_5M_25d_16h_19m_9s_square.retrofit-ae28c3d=retrofit2.adapter.rxjava.CompletableThrowingSafeSubscriberTest.throwingInOnCompleteDeliveredToPlugin_output_1590441553,1590442208,1590441801,407
251-nods-found-batch-output,JON_188_idf_sha_nods_p1_r100_t518400_5M_25d_16h_19m_9s_square.retrofit-ae28c3d=retrofit2.CallTest.cancelOkHttpRequest_output_1590441553,1590442429,1590441799,630
251-nods-found-batch-output,JON_188_idf_sha_nods_p1_r100_t518400_5M_25d_16h_19m_9s_tootallnate.java-websocket-fa3909c=org.java_websocket.issues.Issue256Test.runReconnectBlockingScenario1_output_1590441553,1590442344,1590441826,518
251-nods-found-batch-output,JON_188_idf_sha_nods_p1_r100_t518400_5M_25d_16h_19m_9s_tootallnate.java-websocket-fa3909c=org.java_websocket.issues.Issue256Test.runReconnectBlockingScenario2_output_1590441553,1590442215,1590441844,371
251-nods-found-batch-output,JON_188_idf_sha_nods_p1_r100_t518400_5M_25d_16h_19m_9s_tootallnate.java-websocket-fa3909c=org.java_websocket.issues.Issue256Test.runReconnectBlockingScenario3_output_1590441553,1590442250,1590441817,433
251-nods-found-batch-output,JON_188_idf_sha_nods_p1_r100_t518400_5M_25d_16h_19m_9s_tootallnate.java-websocket-fa3909c=org.java_websocket.issues.Issue256Test.runReconnectBlockingScenario4_output_1590441553,1590442260,1590441817,443
251-nods-found-batch-output,JON_188_idf_sha_nods_p1_r100_t518400_5M_25d_16h_19m_9s_tootallnate.java-websocket-fa3909c=org.java_websocket.issues.Issue256Test.runReconnectBlockingScenario5_output_1590441553,1590442268,1590441817,451
251-nods-found-batch-output,JON_188_idf_sha_nods_p1_r100_t518400_5M_25d_16h_19m_9s_tootallnate.java-websocket-fa3909c=org.java_websocket.issues.Issue256Test.runReconnectBlockingScenario6_output_1590441553,1590442313,1590441844,469
251-nods-found-batch-output,JON_188_idf_sha_nods_p1_r100_t518400_5M_25d_16h_19m_9s_tootallnate.java-websocket-fa3909c=org.java_websocket.issues.Issue256Test.runReconnectBlockingScenario7_output_1590441553,1590442306,1590441847,459
251-nods-found-batch-output,JON_188_idf_sha_nods_p1_r100_t518400_5M_25d_16h_19m_9s_tootallnate.java-websocket-fa3909c=org.java_websocket.issues.Issue256Test.runReconnectBlockingScenario8_output_1590441553,1590442313,1590441835,478
251-nods-found-batch-output,JON_188_idf_sha_nods_p1_r100_t518400_5M_25d_16h_19m_9s_tootallnate.java-websocket-fa3909c=org.java_websocket.issues.Issue256Test.runReconnectBlockingScenario9_output_1590441553,1590442312,1590441852,460
251-nods-found-batch-output,JON_188_idf_sha_nods_p1_r100_t518400_5M_25d_16h_19m_9s_tootallnate.java-websocket-fa3909c=org.java_websocket.issues.Issue256Test.runReconnectScenario0_output_1590441553,1590442383,1590441858,525
251-nods-found-batch-output,JON_188_idf_sha_nods_p1_r100_t518400_5M_25d_16h_19m_9s_tootallnate.java-websocket-fa3909c=org.java_websocket.issues.Issue256Test.runReconnectScenario1_output_1590441553,1590442315,1590441858,457
251-nods-found-batch-output,JON_188_idf_sha_nods_p1_r100_t518400_5M_25d_16h_19m_9s_tootallnate.java-websocket-fa3909c=org.java_websocket.issues.Issue256Test.runReconnectScenario2_output_1590441553,1590442314,1590441850,464
251-nods-found-batch-output,JON_188_idf_sha_nods_p1_r100_t518400_5M_25d_16h_19m_9s_tootallnate.java-websocket-fa3909c=org.java_websocket.issues.Issue256Test.runReconnectScenario3_output_1590441553,1590442445,1590441847,598
251-nods-found-batch-output,JON_188_idf_sha_nods_p1_r100_t518400_5M_25d_16h_19m_9s_tootallnate.java-websocket-fa3909c=org.java_websocket.issues.Issue256Test.runReconnectScenario4_output_1590441553,1590442417,1590441852,565
251-nods-found-batch-output,JON_188_idf_sha_nods_p1_r100_t518400_5M_25d_16h_19m_9s_tootallnate.java-websocket-fa3909c=org.java_websocket.issues.Issue256Test.runReconnectScenario5_output_1590441553,1590442408,1590441847,561
251-nods-found-batch-output,JON_188_idf_sha_nods_p1_r100_t518400_5M_25d_16h_19m_9s_tootallnate.java-websocket-fa3909c=org.java_websocket.issues.Issue256Test.runReconnectScenario6_output_1590441553,1590442336,1590441862,474
251-nods-found-batch-output,JON_188_idf_sha_nods_p1_r100_t518400_5M_25d_16h_19m_9s_tootallnate.java-websocket-fa3909c=org.java_websocket.issues.Issue256Test.runReconnectScenario7_output_1590441553,1590442326,1590441870,456
251-nods-found-batch-output,JON_188_idf_sha_nods_p1_r100_t518400_5M_25d_16h_19m_9s_tootallnate.java-websocket-fa3909c=org.java_websocket.issues.Issue256Test.runReconnectScenario8_output_1590441553,1590442403,1590441861,542
251-nods-found-batch-output,JON_188_idf_sha_nods_p1_r100_t518400_5M_25d_16h_19m_9s_tootallnate.java-websocket-fa3909c=org.java_websocket.issues.Issue256Test.runReconnectScenario9_output_1590441553,1590442422,1590441864,558
251-nods-found-batch-output,JON_188_idf_sha_nods_p1_r100_t518400_5M_25d_16h_19m_9s_tootallnate.java-websocket-fa3909c=org.java_websocket.issues.Issue580Test.runNoCloseBlockingTestScenario0_output_1590441553,1590442316,1590441864,452
251-nods-found-batch-output,JON_188_idf_sha_nods_p1_r100_t518400_5M_25d_16h_19m_9s_tootallnate.java-websocket-fa3909c=org.java_websocket.issues.Issue580Test.runNoCloseBlockingTestScenario2_output_1590441553,1590442392,1590441873,519
251-nods-found-batch-output,JON_188_idf_sha_nods_p1_r100_t518400_5M_25d_16h_19m_9s_tootallnate.java-websocket-fa3909c=org.java_websocket.issues.Issue580Test.runNoCloseBlockingTestScenario3_output_1590441553,1590442328,1590441862,466
251-nods-found-batch-output,JON_188_idf_sha_nods_p1_r100_t518400_5M_25d_16h_19m_9s_tootallnate.java-websocket-fa3909c=org.java_websocket.issues.Issue580Test.runNoCloseBlockingTestScenario4_output_1590441553,1590442248,1590441802,446
251-nods-found-batch-output,JON_188_idf_sha_nods_p1_r100_t518400_5M_25d_16h_19m_9s_tootallnate.java-websocket-fa3909c=org.java_websocket.issues.Issue580Test.runNoCloseBlockingTestScenario5_output_1590441553,1590442332,1590441870,462
251-nods-found-batch-output,JON_188_idf_sha_nods_p1_r100_t518400_5M_25d_16h_19m_9s_tootallnate.java-websocket-fa3909c=org.java_websocket.issues.Issue580Test.runNoCloseBlockingTestScenario8_output_1590441553,1590442338,1590441870,468
251-nods-found-batch-output,JON_188_idf_sha_nods_p1_r100_t518400_5M_25d_16h_19m_9s_tootallnate.java-websocket-fa3909c=org.java_websocket.issues.Issue677Test.testIssue_output_1590441553,1590442326,1590441870,456
251-nods-found-batch-output,JON_188_idf_sha_nods_p1_r100_t518400_5M_25d_16h_19m_9s_tootallnate.java-websocket-fa3909c=org.java_websocket.issues.Issue713Test.testIssue_output_1590441553,1590442351,1590441888,463
251-nods-found-batch-output,JON_188_idf_sha_nods_p1_r100_t518400_5M_25d_16h_19m_9s_tootallnate.java-websocket-fa3909c=org.java_websocket.misc.OpeningHandshakeRejectionTest.testHandshakeRejectionTestCase10_output_1590441553,1590442395,1590441885,510
251-nods-found-batch-output,JON_188_idf_sha_nods_p1_r100_t518400_5M_25d_16h_19m_9s_tootallnate.java-websocket-fa3909c=org.java_websocket.misc.OpeningHandshakeRejectionTest.testHandshakeRejectionTestCase11_output_1590441553,1590442479,1590441886,593
251-nods-found-batch-output,JON_188_idf_sha_nods_p1_r100_t518400_5M_25d_16h_19m_9s_tootallnate.java-websocket-fa3909c=org.java_websocket.misc.OpeningHandshakeRejectionTest.testHandshakeRejectionTestCase1_output_1590441553,1590442285,1590441873,412
251-nods-found-batch-output,JON_188_idf_sha_nods_p1_r100_t518400_5M_25d_16h_19m_9s_tootallnate.java-websocket-fa3909c=org.java_websocket.misc.OpeningHandshakeRejectionTest.testHandshakeRejectionTestCase2_output_1590441553,1590442328,1590441879,449
251-nods-found-batch-output,JON_188_idf_sha_nods_p1_r100_t518400_5M_25d_16h_19m_9s_tootallnate.java-websocket-fa3909c=org.java_websocket.misc.OpeningHandshakeRejectionTest.testHandshakeRejectionTestCase3_output_1590441553,1590442306,1590441891,415
251-nods-found-batch-output,JON_188_idf_sha_nods_p1_r100_t518400_5M_25d_16h_19m_9s_tootallnate.java-websocket-fa3909c=org.java_websocket.misc.OpeningHandshakeRejectionTest.testHandshakeRejectionTestCase4_output_1590441553,1590442326,1590441891,435
251-nods-found-batch-output,JON_188_idf_sha_nods_p1_r100_t518400_5M_25d_16h_19m_9s_tootallnate.java-websocket-fa3909c=org.java_websocket.misc.OpeningHandshakeRejectionTest.testHandshakeRejectionTestCase5_output_1590441553,1590442308,1590441893,415
251-nods-found-batch-output,JON_188_idf_sha_nods_p1_r100_t518400_5M_25d_16h_19m_9s_tootallnate.java-websocket-fa3909c=org.java_websocket.misc.OpeningHandshakeRejectionTest.testHandshakeRejectionTestCase6_output_1590441553,1590442314,1590441893,421
251-nods-found-batch-output,JON_188_idf_sha_nods_p1_r100_t518400_5M_25d_16h_19m_9s_tootallnate.java-websocket-fa3909c=org.java_websocket.misc.OpeningHandshakeRejectionTest.testHandshakeRejectionTestCase7_output_1590441553,1590442325,1590441891,434
251-nods-found-batch-output,JON_188_idf_sha_nods_p1_r100_t518400_5M_25d_16h_19m_9s_tootallnate.java-websocket-fa3909c=org.java_websocket.misc.OpeningHandshakeRejectionTest.testHandshakeRejectionTestCase8_output_1590441553,1590442330,1590441893,437
251-nods-found-batch-output,JON_188_idf_sha_nods_p1_r100_t518400_5M_25d_16h_19m_9s_tootallnate.java-websocket-fa3909c=org.java_websocket.misc.OpeningHandshakeRejectionTest.testHandshakeRejectionTestCase9_output_1590441553,1590442340,1590441896,444
251-nods-found-batch-output,JON_188_idf_sha_nods_p1_r100_t518400_5M_25d_16h_19m_9s_tootallnate.java-websocket-fa3909c=org.java_websocket.protocols.ProtoclHandshakeRejectionTest.testHandshakeRejectionTestCase10_output_1590441553,1590442317,1590441894,423
251-nods-found-batch-output,JON_188_idf_sha_nods_p1_r100_t518400_5M_25d_16h_19m_9s_tootallnate.java-websocket-fa3909c=org.java_websocket.protocols.ProtoclHandshakeRejectionTest.testHandshakeRejectionTestCase11_output_1590441553,1590442330,1590441899,431
251-nods-found-batch-output,JON_188_idf_sha_nods_p1_r100_t518400_5M_25d_16h_19m_9s_tootallnate.java-websocket-fa3909c=org.java_websocket.protocols.ProtoclHandshakeRejectionTest.testHandshakeRejectionTestCase13_output_1590441553,1590442362,1590441902,460
251-nods-found-batch-output,JON_188_idf_sha_nods_p1_r100_t518400_5M_25d_16h_19m_9s_tootallnate.java-websocket-fa3909c=org.java_websocket.protocols.ProtoclHandshakeRejectionTest.testHandshakeRejectionTestCase14_output_1590441553,1590442342,1590441899,443
251-nods-found-batch-output,JON_188_idf_sha_nods_p1_r100_t518400_5M_25d_16h_19m_9s_tootallnate.java-websocket-fa3909c=org.java_websocket.protocols.ProtoclHandshakeRejectionTest.testHandshakeRejectionTestCase16_output_1590441553,1590442331,1590441899,432
251-nods-found-batch-output,JON_188_idf_sha_nods_p1_r100_t518400_5M_25d_16h_19m_9s_tootallnate.java-websocket-fa3909c=org.java_websocket.protocols.ProtoclHandshakeRejectionTest.testHandshakeRejectionTestCase17_output_1590441553,1590442328,1590441899,429
251-nods-found-batch-output,JON_188_idf_sha_nods_p1_r100_t518400_5M_25d_16h_19m_9s_tootallnate.java-websocket-fa3909c=org.java_websocket.protocols.ProtoclHandshakeRejectionTest.testHandshakeRejectionTestCase2_output_1590441553,1590442324,1590441902,422
251-nods-found-batch-output,JON_188_idf_sha_nods_p1_r100_t518400_5M_25d_16h_19m_9s_tootallnate.java-websocket-fa3909c=org.java_websocket.protocols.ProtoclHandshakeRejectionTest.testHandshakeRejectionTestCase3_output_1590441553,1590442363,1590441902,461
251-nods-found-batch-output,JON_188_idf_sha_nods_p1_r100_t518400_5M_25d_16h_19m_9s_tootallnate.java-websocket-fa3909c=org.java_websocket.protocols.ProtoclHandshakeRejectionTest.testHandshakeRejectionTestCase4_output_1590441553,1590442225,1590441801,424
251-nods-found-batch-output,JON_188_idf_sha_nods_p1_r100_t518400_5M_25d_16h_19m_9s_tootallnate.java-websocket-fa3909c=org.java_websocket.protocols.ProtoclHandshakeRejectionTest.testHandshakeRejectionTestCase6_output_1590441553,1590442350,1590441905,445
251-nods-found-batch-output,JON_188_idf_sha_nods_p1_r100_t518400_5M_25d_16h_19m_9s_tootallnate.java-websocket-fa3909c=org.java_websocket.protocols.ProtoclHandshakeRejectionTest.testHandshakeRejectionTestCase8_output_1590441553,1590442356,1590441905,451
251-nods-found-batch-output,JON_188_idf_sha_nods_p1_r100_t518400_5M_25d_16h_19m_9s_tootallnate.java-websocket-fa3909c=org.java_websocket.protocols.ProtoclHandshakeRejectionTest.testHandshakeRejectionTestCase9_output_1590441553,1590442332,1590441904,428
251-nods-found-batch-output,JON_188_idf_sha_nods_p1_r100_t518400_5M_25d_16h_19m_9s_undertow-io.undertow-d0efffa=io.undertow.websockets.jsr.test.JsrWebSocketServer07Test.testErrorHandling_output_1590441553,1590442782,1590441904,878
251-nods-found-batch-output,JON_188_idf_sha_nods_p1_r100_t518400_5M_25d_16h_19m_9s_undertow-io.undertow-d0efffa=io.undertow.websockets.jsr.test.JsrWebSocketServer08Test.testErrorHandling_output_1590441553,1590442790,1590441920,870
251-nods-found-batch-output,JON_188_idf_sha_nods_p1_r100_t518400_5M_25d_16h_19m_9s_undertow-io.undertow-d0efffa=io.undertow.websockets.jsr.test.JsrWebSocketServer13Test.testErrorHandling_output_1590441553,1590442780,1590441909,871
251-nods-found-batch-output,JON_188_idf_sha_nods_p1_r100_t518400_5M_25d_16h_19m_9s_undertow-io.undertow-d0efffa=io.undertow.websockets.jsr.test.reconnect.ClientEndpointReconnectTestCase.testAnnotatedClientEndpoint_output_1590441553,1590442782,1590441905,877
251-nods-found-batch-output,JON_188_idf_sha_nods_p1_r100_t518400_5M_25d_16h_19m_9s_vert-x3.vertx-mqtt-c8213e0=io.vertx.mqtt.test.server.MqttServerClientIdentifierTest.testValidClientIdentifier_output_1590441553,1590441925,1590441906,19
251-nods-found-batch-output,JON_188_idf_sha_nods_p1_r100_t518400_5M_25d_16h_19m_9s_vert-x3.vertx-mqtt-c8213e0=io.vertx.mqtt.test.server.MqttServerClientPublishTest.publishQos0_output_1590441553,1590441927,1590441911,16
251-nods-found-batch-output,JON_188_idf_sha_nods_p1_r100_t518400_5M_25d_16h_19m_9s_vert-x3.vertx-mqtt-c8213e0=io.vertx.mqtt.test.server.MqttServerConnectionTest.accepted_output_1590441553,1590441928,1590441911,17
251-nods-found-batch-output,JON_188_idf_sha_nods_p1_r100_t518400_5M_25d_16h_19m_9s_vert-x3.vertx-mqtt-c8213e0=io.vertx.mqtt.test.server.MqttServerConnectionTest.connectionAlreadyAccepted_output_1590441553,1590441927,1590441909,18
251-nods-found-batch-output,JON_188_idf_sha_nods_p1_r100_t518400_5M_25d_16h_19m_9s_vert-x3.vertx-mqtt-c8213e0=io.vertx.mqtt.test.server.MqttServerConnectionTest.noConnectSent_output_1590441553,1590441927,1590441911,16
251-nods-found-batch-output,JON_188_idf_sha_nods_p1_r100_t518400_5M_25d_16h_19m_9s_vert-x3.vertx-mqtt-c8213e0=io.vertx.mqtt.test.server.MqttServerUnsubscribeTest.unsubscribe_output_1590441553,1590441938,1590441917,21
251-nods-found-batch-output,JON_188_idf_sha_nods_p1_r100_t518400_5M_25d_16h_19m_9s_vert-x3.vertx-rabbitmq-client-7305bcd=io.vertx.rabbitmq.RabbitMQClientReconnectTest.testReconnect_output_1590441553,1590442640,1590441913,727
251-nods-found-batch-output,JON_188_idf_sha_nods_p1_r100_t518400_5M_25d_16h_19m_9s_vert-x3.vertx-rabbitmq-client-7305bcd=io.vertx.rabbitmq.RabbitMQConsumptionStreamingTest.keepMostRecentOptionShouldWorks_output_1590441553,1590442592,1590441913,679
251-nods-found-batch-output,JON_188_idf_sha_nods_p1_r100_t518400_5M_25d_16h_19m_9s_vert-x3.vertx-rabbitmq-client-7305bcd=io.vertx.rabbitmq.RabbitMQConsumptionStreamingTest.pauseAndResumeShouldWork_output_1590441553,1590442583,1590441928,655
251-nods-found-batch-output,JON_188_idf_sha_nods_p1_r100_t518400_5M_25d_16h_19m_9s_vert-x3.vertx-rabbitmq-client-7305bcd=io.vertx.rabbitmq.RabbitMQServiceTest.testBasicCancel_output_1590441553,1590442550,1590441911,639
251-nods-found-batch-output,JON_188_idf_sha_nods_p1_r100_t518400_5M_25d_16h_19m_9s_vert-x3.vertx-rabbitmq-client-7305bcd=io.vertx.rabbitmq.RabbitMQServiceTest.testBasicConsume_output_1590441553,1590442532,1590441911,621
251-nods-found-batch-output,JON_188_idf_sha_nods_p1_r100_t518400_5M_25d_16h_19m_9s_vert-x3.vertx-rabbitmq-client-7305bcd=io.vertx.rabbitmq.RabbitMQServiceTest.testGetMessageCount_output_1590441553,1590442587,1590441908,679
251-nods-found-batch-output,JON_188_idf_sha_nods_p1_r100_t518400_5M_25d_16h_19m_9s_vert-x3.vertx-rabbitmq-client-7305bcd=io.vertx.rabbitmq.RabbitMQServiceTest.testMessageOrderingWhenConsumingNewApi_output_1590441553,1590442558,1590441911,647
251-nods-found-batch-output,JON_188_idf_sha_nods_p1_r100_t518400_5M_25d_16h_19m_9s_visallo.vertexium-f1fd59e=org.vertexium.accumulo.AccumuloGraphTest.testFindPathsMultiplePaths_output_1590441553,1590441963,1590441919,44
251-nods-found-batch-output,JON_188_idf_sha_nods_p1_r100_t518400_5M_25d_16h_19m_9s_visallo.vertexium-f1fd59e=org.vertexium.accumulo.AccumuloGraphTest.testFindRelatedEdgesPerformance_output_1590441553,1590441953,1590441913,40
251-nods-found-batch-output,JON_188_idf_sha_nods_p1_r100_t518400_5M_25d_16h_19m_9s_visallo.vertexium-f1fd59e=org.vertexium.inmemory.InMemoryGraphTest.manyVisibilities_output_1590441553,1590441946,1590441916,30
251-nods-found-batch-output,JON_188_idf_sha_nods_p1_r100_t518400_5M_25d_16h_19m_9s_visallo.vertexium-f1fd59e=org.vertexium.inmemory.InMemoryGraphTest.testMarkPropertyVisible_output_1590441553,1590441954,1590441920,34
251-nods-found-batch-output,JON_188_idf_sha_nods_p1_r100_t518400_5M_25d_16h_19m_9s_visallo.vertexium-f1fd59e=org.vertexium.util.IncreasingTimeTest.currentTimeMillisReturnsTimeGreaterThanSystemTime_output_1590441553,1590441954,1590441929,25
251-nods-found-batch-output,JON_188_idf_sha_nods_p1_r100_t518400_5M_25d_16h_19m_9s_vmware.admiral-e4b0293=com.vmware.admiral.adapter.registry.service.RegistryAdapterServiceProxyTest.testInitWithProxyWithList_output_1590441553,1590442600,1590441920,680
251-nods-found-batch-output,JON_188_idf_sha_nods_p1_r100_t518400_5M_25d_16h_19m_9s_vmware.admiral-e4b0293=com.vmware.admiral.adapter.registry.service.RegistryAdapterServiceTest.testDockerHubListImageTags_output_1590441553,1590442843,1590441919,924
251-nods-found-batch-output,JON_188_idf_sha_nods_p1_r100_t518400_5M_25d_16h_19m_9s_vmware.admiral-e4b0293=com.vmware.admiral.adapter.registry.service.RegistryAdapterServiceTest.testSameRegistryAsGlobalAndProject_output_1590441553,1590442785,1590441926,859
251-nods-found-batch-output,JON_188_idf_sha_nods_p1_r100_t518400_5M_25d_16h_19m_9s_vmware.admiral-e4b0293=com.vmware.admiral.adapter.registry.service.RegistryAdapterServiceTest.testSameRegistryTwoDifferentProjectsNotRemoveOldTenantLinkShouldFail_output_1590441553,1590442724,1590441929,795
251-nods-found-batch-output,JON_188_idf_sha_nods_p1_r100_t518400_5M_25d_16h_19m_9s_vmware.admiral-e4b0293=com.vmware.admiral.adapter.registry.service.RegistryAdapterServiceTest.testV1Ping_output_1590441553,1590442780,1590441929,851
251-nods-found-batch-output,JON_188_idf_sha_nods_p1_r100_t518400_5M_25d_16h_19m_9s_wro4j.wro4j-185ab60=ro.isdc.wro.extensions.processor.TestBourbonCssProcessor.shouldBeThreadSafe_output_1590441553,1590443265,1590441920,1345
251-nods-found-batch-output,JON_188_idf_sha_nods_p1_r100_t518400_5M_25d_16h_19m_9s_wro4j.wro4j-185ab60=ro.isdc.wro.extensions.processor.TestRubySassCssProcessor.shouldBeThreadSafeWhenInitializingProcessor_output_1590441553,1590443207,1590441927,1280
251-nods-found-batch-output,JON_188_idf_sha_nods_p1_r100_t518400_5M_25d_16h_19m_9s_zalando.riptide-8277e11=org.zalando.riptide.backup.BackupRequestPluginTest.shouldUseBackupRequest_output_1590441553,1590442991,1590441931,1060
251-nods-found-batch-output,JON_188_idf_sha_nods_p1_r100_t518400_5M_25d_16h_19m_9s_zalando.riptide-8277e11=org.zalando.riptide.failsafe.RetryAfterDelayFunctionTest.shouldRetryOnDemandWithDynamicDelay_output_1590441553,1590442808,1590441930,878
251-nods-found-batch-output,JON_188_idf_sha_nods_p1_r100_t518400_5M_25d_16h_1m_9s_square.retrofit-ae28c3d=retrofit2.adapter.rxjava.CompletableThrowingSafeSubscriberTest.throwingInOnCompleteDeliveredToPlugin_output_1590440473,1590441154,1590440739,415
251-nods-found-batch-output,JON_188_idf_sha_nods_p1_r100_t518400_5M_25d_16h_1m_9s_square.retrofit-ae28c3d=retrofit2.CallTest.cancelOkHttpRequest_output_1590440473,1590441449,1590440742,707
251-nods-found-batch-output,JON_188_idf_sha_nods_p1_r100_t518400_5M_25d_16h_1m_9s_square.retrofit-ae28c3d=retrofit2.CallTest.cancelRequest_output_1590440473,1590441471,1590440751,720
251-nods-found-batch-output,JON_188_idf_sha_nods_p1_r100_t518400_5M_25d_16h_1m_9s_tootallnate.java-websocket-fa3909c=org.java_websocket.issues.Issue256Test.runReconnectBlockingScenario1_output_1590440473,1590441237,1590440754,483
251-nods-found-batch-output,JON_188_idf_sha_nods_p1_r100_t518400_5M_25d_16h_1m_9s_tootallnate.java-websocket-fa3909c=org.java_websocket.issues.Issue256Test.runReconnectBlockingScenario2_output_1590440473,1590441245,1590440754,491
251-nods-found-batch-output,JON_188_idf_sha_nods_p1_r100_t518400_5M_25d_16h_1m_9s_tootallnate.java-websocket-fa3909c=org.java_websocket.issues.Issue256Test.runReconnectBlockingScenario3_output_1590440473,1590441240,1590440754,486
251-nods-found-batch-output,JON_188_idf_sha_nods_p1_r100_t518400_5M_25d_16h_1m_9s_tootallnate.java-websocket-fa3909c=org.java_websocket.issues.Issue256Test.runReconnectBlockingScenario4_output_1590440473,1590441213,1590440754,459
251-nods-found-batch-output,JON_188_idf_sha_nods_p1_r100_t518400_5M_25d_16h_1m_9s_tootallnate.java-websocket-fa3909c=org.java_websocket.issues.Issue256Test.runReconnectBlockingScenario5_output_1590440473,1590441150,1590440775,375
251-nods-found-batch-output,JON_188_idf_sha_nods_p1_r100_t518400_5M_25d_16h_1m_9s_tootallnate.java-websocket-fa3909c=org.java_websocket.issues.Issue256Test.runReconnectBlockingScenario6_output_1590440473,1590441247,1590440757,490
251-nods-found-batch-output,JON_188_idf_sha_nods_p1_r100_t518400_5M_25d_16h_1m_9s_tootallnate.java-websocket-fa3909c=org.java_websocket.issues.Issue256Test.runReconnectBlockingScenario7_output_1590440473,1590441198,1590440736,462
251-nods-found-batch-output,JON_188_idf_sha_nods_p1_r100_t518400_5M_25d_16h_1m_9s_tootallnate.java-websocket-fa3909c=org.java_websocket.issues.Issue256Test.runReconnectBlockingScenario8_output_1590440473,1590441210,1590440739,471
251-nods-found-batch-output,JON_188_idf_sha_nods_p1_r100_t518400_5M_25d_16h_1m_9s_tootallnate.java-websocket-fa3909c=org.java_websocket.issues.Issue256Test.runReconnectBlockingScenario9_output_1590440473,1590441218,1590440757,461
251-nods-found-batch-output,JON_188_idf_sha_nods_p1_r100_t518400_5M_25d_16h_1m_9s_tootallnate.java-websocket-fa3909c=org.java_websocket.issues.Issue256Test.runReconnectScenario0_output_1590440473,1590441316,1590440757,559
251-nods-found-batch-output,JON_188_idf_sha_nods_p1_r100_t518400_5M_25d_16h_1m_9s_tootallnate.java-websocket-fa3909c=org.java_websocket.issues.Issue256Test.runReconnectScenario1_output_1590440473,1590441338,1590440757,581
251-nods-found-batch-output,JON_188_idf_sha_nods_p1_r100_t518400_5M_25d_16h_1m_9s_tootallnate.java-websocket-fa3909c=org.java_websocket.issues.Issue256Test.runReconnectScenario2_output_1590440473,1590441311,1590440757,554
251-nods-found-batch-output,JON_188_idf_sha_nods_p1_r100_t518400_5M_25d_16h_1m_9s_tootallnate.java-websocket-fa3909c=org.java_websocket.issues.Issue256Test.runReconnectScenario3_output_1590440473,1590441301,1590440757,544
251-nods-found-batch-output,JON_188_idf_sha_nods_p1_r100_t518400_5M_25d_16h_1m_9s_tootallnate.java-websocket-fa3909c=org.java_websocket.issues.Issue256Test.runReconnectScenario4_output_1590440473,1590441325,1590440757,568
251-nods-found-batch-output,JON_188_idf_sha_nods_p1_r100_t518400_5M_25d_16h_1m_9s_tootallnate.java-websocket-fa3909c=org.java_websocket.issues.Issue256Test.runReconnectScenario5_output_1590440473,1590441283,1590440763,520
251-nods-found-batch-output,JON_188_idf_sha_nods_p1_r100_t518400_5M_25d_16h_1m_9s_tootallnate.java-websocket-fa3909c=org.java_websocket.issues.Issue256Test.runReconnectScenario6_output_1590440473,1590441297,1590440766,531
251-nods-found-batch-output,JON_188_idf_sha_nods_p1_r100_t518400_5M_25d_16h_1m_9s_tootallnate.java-websocket-fa3909c=org.java_websocket.issues.Issue256Test.runReconnectScenario7_output_1590440473,1590441293,1590440763,530
251-nods-found-batch-output,JON_188_idf_sha_nods_p1_r100_t518400_5M_25d_16h_1m_9s_tootallnate.java-websocket-fa3909c=org.java_websocket.issues.Issue256Test.runReconnectScenario8_output_1590440473,1590441292,1590440767,525
251-nods-found-batch-output,JON_188_idf_sha_nods_p1_r100_t518400_5M_25d_16h_1m_9s_tootallnate.java-websocket-fa3909c=org.java_websocket.issues.Issue256Test.runReconnectScenario9_output_1590440473,1590441274,1590440766,508
251-nods-found-batch-output,JON_188_idf_sha_nods_p1_r100_t518400_5M_25d_16h_1m_9s_tootallnate.java-websocket-fa3909c=org.java_websocket.issues.Issue580Test.runNoCloseBlockingTestScenario0_output_1590440473,1590441250,1590440770,480
251-nods-found-batch-output,JON_188_idf_sha_nods_p1_r100_t518400_5M_25d_16h_1m_9s_tootallnate.java-websocket-fa3909c=org.java_websocket.issues.Issue580Test.runNoCloseBlockingTestScenario2_output_1590440473,1590441246,1590440766,480
251-nods-found-batch-output,JON_188_idf_sha_nods_p1_r100_t518400_5M_25d_16h_1m_9s_tootallnate.java-websocket-fa3909c=org.java_websocket.issues.Issue580Test.runNoCloseBlockingTestScenario3_output_1590440473,1590441253,1590440770,483
251-nods-found-batch-output,JON_188_idf_sha_nods_p1_r100_t518400_5M_25d_16h_1m_9s_tootallnate.java-websocket-fa3909c=org.java_websocket.issues.Issue580Test.runNoCloseBlockingTestScenario4_output_1590440473,1590441236,1590440773,463
251-nods-found-batch-output,JON_188_idf_sha_nods_p1_r100_t518400_5M_25d_16h_1m_9s_tootallnate.java-websocket-fa3909c=org.java_websocket.issues.Issue580Test.runNoCloseBlockingTestScenario5_output_1590440473,1590441228,1590440770,458
251-nods-found-batch-output,JON_188_idf_sha_nods_p1_r100_t518400_5M_25d_16h_1m_9s_tootallnate.java-websocket-fa3909c=org.java_websocket.issues.Issue580Test.runNoCloseBlockingTestScenario8_output_1590440473,1590441224,1590440773,451
251-nods-found-batch-output,JON_188_idf_sha_nods_p1_r100_t518400_5M_25d_16h_1m_9s_tootallnate.java-websocket-fa3909c=org.java_websocket.issues.Issue677Test.testIssue_output_1590440473,1590441259,1590440773,486
251-nods-found-batch-output,JON_188_idf_sha_nods_p1_r100_t518400_5M_25d_16h_1m_9s_tootallnate.java-websocket-fa3909c=org.java_websocket.issues.Issue713Test.testIssue_output_1590440473,1590441260,1590440775,485
251-nods-found-batch-output,JON_188_idf_sha_nods_p1_r100_t518400_5M_25d_16h_1m_9s_tootallnate.java-websocket-fa3909c=org.java_websocket.misc.OpeningHandshakeRejectionTest.testHandshakeRejectionTestCase10_output_1590440473,1590441234,1590440780,454
251-nods-found-batch-output,JON_188_idf_sha_nods_p1_r100_t518400_5M_25d_16h_1m_9s_tootallnate.java-websocket-fa3909c=org.java_websocket.misc.OpeningHandshakeRejectionTest.testHandshakeRejectionTestCase11_output_1590440473,1590441201,1590440778,423
251-nods-found-batch-output,JON_188_idf_sha_nods_p1_r100_t518400_5M_25d_16h_1m_9s_tootallnate.java-websocket-fa3909c=org.java_websocket.misc.OpeningHandshakeRejectionTest.testHandshakeRejectionTestCase1_output_1590440473,1590441226,1590440775,451
251-nods-found-batch-output,JON_188_idf_sha_nods_p1_r100_t518400_5M_25d_16h_1m_9s_tootallnate.java-websocket-fa3909c=org.java_websocket.misc.OpeningHandshakeRejectionTest.testHandshakeRejectionTestCase2_output_1590440473,1590441196,1590440739,457
251-nods-found-batch-output,JON_188_idf_sha_nods_p1_r100_t518400_5M_25d_16h_1m_9s_tootallnate.java-websocket-fa3909c=org.java_websocket.misc.OpeningHandshakeRejectionTest.testHandshakeRejectionTestCase3_output_1590440473,1590441176,1590440739,437
251-nods-found-batch-output,JON_188_idf_sha_nods_p1_r100_t518400_5M_25d_16h_1m_9s_tootallnate.java-websocket-fa3909c=org.java_websocket.misc.OpeningHandshakeRejectionTest.testHandshakeRejectionTestCase4_output_1590440473,1590441282,1590440784,498
251-nods-found-batch-output,JON_188_idf_sha_nods_p1_r100_t518400_5M_25d_16h_1m_9s_tootallnate.java-websocket-fa3909c=org.java_websocket.misc.OpeningHandshakeRejectionTest.testHandshakeRejectionTestCase5_output_1590440473,1590441213,1590440782,431
251-nods-found-batch-output,JON_188_idf_sha_nods_p1_r100_t518400_5M_25d_16h_1m_9s_tootallnate.java-websocket-fa3909c=org.java_websocket.misc.OpeningHandshakeRejectionTest.testHandshakeRejectionTestCase6_output_1590440473,1590441241,1590440784,457
251-nods-found-batch-output,JON_188_idf_sha_nods_p1_r100_t518400_5M_25d_16h_1m_9s_tootallnate.java-websocket-fa3909c=org.java_websocket.misc.OpeningHandshakeRejectionTest.testHandshakeRejectionTestCase7_output_1590440473,1590441256,1590440784,472
251-nods-found-batch-output,JON_188_idf_sha_nods_p1_r100_t518400_5M_25d_16h_1m_9s_tootallnate.java-websocket-fa3909c=org.java_websocket.misc.OpeningHandshakeRejectionTest.testHandshakeRejectionTestCase8_output_1590440473,1590441262,1590440785,477
251-nods-found-batch-output,JON_188_idf_sha_nods_p1_r100_t518400_5M_25d_16h_1m_9s_tootallnate.java-websocket-fa3909c=org.java_websocket.misc.OpeningHandshakeRejectionTest.testHandshakeRejectionTestCase9_output_1590440473,1590441259,1590440785,474
251-nods-found-batch-output,JON_188_idf_sha_nods_p1_r100_t518400_5M_25d_16h_1m_9s_tootallnate.java-websocket-fa3909c=org.java_websocket.protocols.ProtoclHandshakeRejectionTest.testHandshakeRejectionTestCase10_output_1590440473,1590441221,1590440787,434
251-nods-found-batch-output,JON_188_idf_sha_nods_p1_r100_t518400_5M_25d_16h_1m_9s_tootallnate.java-websocket-fa3909c=org.java_websocket.protocols.ProtoclHandshakeRejectionTest.testHandshakeRejectionTestCase11_output_1590440473,1590441176,1590440792,384
251-nods-found-batch-output,JON_188_idf_sha_nods_p1_r100_t518400_5M_25d_16h_1m_9s_tootallnate.java-websocket-fa3909c=org.java_websocket.protocols.ProtoclHandshakeRejectionTest.testHandshakeRejectionTestCase13_output_1590440473,1590441191,1590440790,401
251-nods-found-batch-output,JON_188_idf_sha_nods_p1_r100_t518400_5M_25d_16h_1m_9s_tootallnate.java-websocket-fa3909c=org.java_websocket.protocols.ProtoclHandshakeRejectionTest.testHandshakeRejectionTestCase14_output_1590440473,1590441264,1590440790,474
251-nods-found-batch-output,JON_188_idf_sha_nods_p1_r100_t518400_5M_25d_16h_1m_9s_tootallnate.java-websocket-fa3909c=org.java_websocket.protocols.ProtoclHandshakeRejectionTest.testHandshakeRejectionTestCase16_output_1590440473,1590441260,1590440790,470
251-nods-found-batch-output,JON_188_idf_sha_nods_p1_r100_t518400_5M_25d_16h_1m_9s_tootallnate.java-websocket-fa3909c=org.java_websocket.protocols.ProtoclHandshakeRejectionTest.testHandshakeRejectionTestCase17_output_1590440473,1590441209,1590440792,417
251-nods-found-batch-output,JON_188_idf_sha_nods_p1_r100_t518400_5M_25d_16h_1m_9s_tootallnate.java-websocket-fa3909c=org.java_websocket.protocols.ProtoclHandshakeRejectionTest.testHandshakeRejectionTestCase2_output_1590440473,1590441236,1590440794,442
251-nods-found-batch-output,JON_188_idf_sha_nods_p1_r100_t518400_5M_25d_16h_1m_9s_tootallnate.java-websocket-fa3909c=org.java_websocket.protocols.ProtoclHandshakeRejectionTest.testHandshakeRejectionTestCase3_output_1590440473,1590441244,1590440796,448
251-nods-found-batch-output,JON_188_idf_sha_nods_p1_r100_t518400_5M_25d_16h_1m_9s_tootallnate.java-websocket-fa3909c=org.java_websocket.protocols.ProtoclHandshakeRejectionTest.testHandshakeRejectionTestCase4_output_1590440473,1590441232,1590440794,438
251-nods-found-batch-output,JON_188_idf_sha_nods_p1_r100_t518400_5M_25d_16h_1m_9s_tootallnate.java-websocket-fa3909c=org.java_websocket.protocols.ProtoclHandshakeRejectionTest.testHandshakeRejectionTestCase6_output_1590440473,1590441242,1590440797,445
251-nods-found-batch-output,JON_188_idf_sha_nods_p1_r100_t518400_5M_25d_16h_1m_9s_tootallnate.java-websocket-fa3909c=org.java_websocket.protocols.ProtoclHandshakeRejectionTest.testHandshakeRejectionTestCase8_output_1590440473,1590441280,1590440797,483
251-nods-found-batch-output,JON_188_idf_sha_nods_p1_r100_t518400_5M_25d_16h_1m_9s_tootallnate.java-websocket-fa3909c=org.java_websocket.protocols.ProtoclHandshakeRejectionTest.testHandshakeRejectionTestCase9_output_1590440473,1590441247,1590440797,450
251-nods-found-batch-output,JON_188_idf_sha_nods_p1_r100_t518400_5M_25d_16h_1m_9s_undertow-io.undertow-d0efffa=io.undertow.websockets.jsr.test.JsrWebSocketServer07Test.testErrorHandling_output_1590440473,1590441673,1590440799,874
251-nods-found-batch-output,JON_188_idf_sha_nods_p1_r100_t518400_5M_25d_16h_1m_9s_undertow-io.undertow-d0efffa=io.undertow.websockets.jsr.test.JsrWebSocketServer08Test.testErrorHandling_output_1590440473,1590441707,1590440799,908
251-nods-found-batch-output,JON_188_idf_sha_nods_p1_r100_t518400_5M_25d_16h_1m_9s_undertow-io.undertow-d0efffa=io.undertow.websockets.jsr.test.JsrWebSocketServer13Test.testErrorHandling_output_1590440473,1590441648,1590440799,849
251-nods-found-batch-output,JON_188_idf_sha_nods_p1_r100_t518400_5M_25d_16h_1m_9s_undertow-io.undertow-d0efffa=io.undertow.websockets.jsr.test.reconnect.ClientEndpointReconnectTestCase.testAnnotatedClientEndpoint_output_1590440473,1590441685,1590440799,886
251-nods-found-batch-output,JON_188_idf_sha_nods_p1_r100_t518400_5M_25d_16h_1m_9s_vert-x3.vertx-mqtt-c8213e0=io.vertx.mqtt.test.server.MqttServerClientIdentifierTest.testValidClientIdentifier_output_1590440473,1590440815,1590440799,16
251-nods-found-batch-output,JON_188_idf_sha_nods_p1_r100_t518400_5M_25d_16h_1m_9s_vert-x3.vertx-mqtt-c8213e0=io.vertx.mqtt.test.server.MqttServerClientPublishTest.publishQos0_output_1590440473,1590440814,1590440800,14
251-nods-found-batch-output,JON_188_idf_sha_nods_p1_r100_t518400_5M_25d_16h_1m_9s_vert-x3.vertx-mqtt-c8213e0=io.vertx.mqtt.test.server.MqttServerConnectionTest.accepted_output_1590440473,1590440814,1590440799,15
251-nods-found-batch-output,JON_188_idf_sha_nods_p1_r100_t518400_5M_25d_16h_1m_9s_vert-x3.vertx-mqtt-c8213e0=io.vertx.mqtt.test.server.MqttServerConnectionTest.connectionAlreadyAccepted_output_1590440473,1590440815,1590440800,15
251-nods-found-batch-output,JON_188_idf_sha_nods_p1_r100_t518400_5M_25d_16h_1m_9s_vert-x3.vertx-mqtt-c8213e0=io.vertx.mqtt.test.server.MqttServerConnectionTest.noConnectSent_output_1590440473,1590440816,1590440801,15
251-nods-found-batch-output,JON_188_idf_sha_nods_p1_r100_t518400_5M_25d_16h_1m_9s_vert-x3.vertx-mqtt-c8213e0=io.vertx.mqtt.test.server.MqttServerUnsubscribeTest.unsubscribe_output_1590440473,1590440817,1590440801,16
251-nods-found-batch-output,JON_188_idf_sha_nods_p1_r100_t518400_5M_25d_16h_1m_9s_vert-x3.vertx-rabbitmq-client-7305bcd=io.vertx.rabbitmq.RabbitMQClientReconnectTest.testReconnect_output_1590440473,1590441538,1590440803,735
251-nods-found-batch-output,JON_188_idf_sha_nods_p1_r100_t518400_5M_25d_16h_1m_9s_vert-x3.vertx-rabbitmq-client-7305bcd=io.vertx.rabbitmq.RabbitMQConsumptionStreamingTest.keepMostRecentOptionShouldWorks_output_1590440473,1590441472,1590440803,669
251-nods-found-batch-output,JON_188_idf_sha_nods_p1_r100_t518400_5M_25d_16h_1m_9s_vert-x3.vertx-rabbitmq-client-7305bcd=io.vertx.rabbitmq.RabbitMQConsumptionStreamingTest.pauseAndResumeShouldWork_output_1590440473,1590441395,1590440806,589
251-nods-found-batch-output,JON_188_idf_sha_nods_p1_r100_t518400_5M_25d_16h_1m_9s_vert-x3.vertx-rabbitmq-client-7305bcd=io.vertx.rabbitmq.RabbitMQServiceTest.testBasicCancel_output_1590440473,1590441529,1590440803,726
251-nods-found-batch-output,JON_188_idf_sha_nods_p1_r100_t518400_5M_25d_16h_1m_9s_vert-x3.vertx-rabbitmq-client-7305bcd=io.vertx.rabbitmq.RabbitMQServiceTest.testBasicConsume_output_1590440473,1590441480,1590440808,672
251-nods-found-batch-output,JON_188_idf_sha_nods_p1_r100_t518400_5M_25d_16h_1m_9s_vert-x3.vertx-rabbitmq-client-7305bcd=io.vertx.rabbitmq.RabbitMQServiceTest.testGetMessageCount_output_1590440473,1590441516,1590440811,705
251-nods-found-batch-output,JON_188_idf_sha_nods_p1_r100_t518400_5M_25d_16h_1m_9s_vert-x3.vertx-rabbitmq-client-7305bcd=io.vertx.rabbitmq.RabbitMQServiceTest.testMessageOrderingWhenConsumingNewApi_output_1590440473,1590441459,1590440817,642
251-nods-found-batch-output,JON_188_idf_sha_nods_p1_r100_t518400_5M_25d_16h_1m_9s_visallo.vertexium-f1fd59e=org.vertexium.accumulo.AccumuloGraphTest.testFindPathsMultiplePaths_output_1590440473,1590440859,1590440813,46
251-nods-found-batch-output,JON_188_idf_sha_nods_p1_r100_t518400_5M_25d_16h_1m_9s_visallo.vertexium-f1fd59e=org.vertexium.accumulo.AccumuloGraphTest.testFindRelatedEdgesPerformance_output_1590440473,1590440863,1590440823,40
251-nods-found-batch-output,JON_188_idf_sha_nods_p1_r100_t518400_5M_25d_16h_1m_9s_visallo.vertexium-f1fd59e=org.vertexium.inmemory.InMemoryGraphTest.manyVisibilities_output_1590440473,1590440849,1590440821,28
251-nods-found-batch-output,JON_188_idf_sha_nods_p1_r100_t518400_5M_25d_16h_1m_9s_visallo.vertexium-f1fd59e=org.vertexium.inmemory.InMemoryGraphTest.testMarkPropertyVisible_output_1590440473,1590440844,1590440810,34
251-nods-found-batch-output,JON_188_idf_sha_nods_p1_r100_t518400_5M_25d_16h_1m_9s_visallo.vertexium-f1fd59e=org.vertexium.util.IncreasingTimeTest.currentTimeMillisReturnsTimeGreaterThanSystemTime_output_1590440473,1590440848,1590440817,31
251-nods-found-batch-output,JON_188_idf_sha_nods_p1_r100_t518400_5M_25d_16h_1m_9s_vmware.admiral-e4b0293=com.vmware.admiral.adapter.registry.service.RegistryAdapterServiceProxyTest.testInitWithProxyWithList_output_1590440473,1590441597,1590440817,780
251-nods-found-batch-output,JON_188_idf_sha_nods_p1_r100_t518400_5M_25d_16h_1m_9s_vmware.admiral-e4b0293=com.vmware.admiral.adapter.registry.service.RegistryAdapterServiceTest.testDockerHubListImageTags_output_1590440473,1590441595,1590440817,778
251-nods-found-batch-output,JON_188_idf_sha_nods_p1_r100_t518400_5M_25d_16h_1m_9s_vmware.admiral-e4b0293=com.vmware.admiral.adapter.registry.service.RegistryAdapterServiceTest.testSameRegistryAsGlobalAndProject_output_1590440473,1590441634,1590440817,817
251-nods-found-batch-output,JON_188_idf_sha_nods_p1_r100_t518400_5M_25d_16h_1m_9s_vmware.admiral-e4b0293=com.vmware.admiral.adapter.registry.service.RegistryAdapterServiceTest.testSameRegistryTwoDifferentProjectsNotRemoveOldTenantLinkShouldFail_output_1590440473,1590441669,1590440821,848
251-nods-found-batch-output,JON_188_idf_sha_nods_p1_r100_t518400_5M_25d_16h_1m_9s_vmware.admiral-e4b0293=com.vmware.admiral.adapter.registry.service.RegistryAdapterServiceTest.testV1Ping_output_1590440473,1590441607,1590440817,790
251-nods-found-batch-output,JON_188_idf_sha_nods_p1_r100_t518400_5M_25d_16h_1m_9s_wro4j.wro4j-185ab60=ro.isdc.wro.extensions.processor.TestBourbonCssProcessor.shouldBeThreadSafe_output_1590440473,1590442075,1590440830,1245
251-nods-found-batch-output,JON_188_idf_sha_nods_p1_r100_t518400_5M_25d_16h_1m_9s_wro4j.wro4j-185ab60=ro.isdc.wro.extensions.processor.TestRubySassCssProcessor.shouldBeThreadSafeWhenInitializingProcessor_output_1590440473,1590441974,1590440826,1148
251-nods-found-batch-output,JON_188_idf_sha_nods_p1_r100_t518400_5M_25d_16h_1m_9s_zalando.riptide-8277e11=org.zalando.riptide.backup.BackupRequestPluginTest.shouldUseBackupRequest_output_1590440473,1590441765,1590440830,935
251-nods-found-batch-output,JON_188_idf_sha_nods_p1_r100_t518400_5M_25d_16h_1m_9s_wso2.carbon-apimgt-a82213e=org.wso2.carbon.apimgt.throttling.siddhi.extension.ThrottleTimeBatchWindowTestCase.throttleTimeWindowBatchTest1_output_1590440473,1590443112,1590440828,2284
251-nods-found-batch-output,JON_188_idf_sha_nods_p1_r100_t518400_5M_25d_16h_1m_9s_zalando.riptide-8277e11=org.zalando.riptide.failsafe.RetryAfterDelayFunctionTest.shouldRetryOnDemandWithDynamicDelay_output_1590440473,1590441776,1590440828,948
251-nods-found-batch-output,JON_188_idf_sha_nods_p1_r100_t518400_5M_25d_16h_22m_9s_square.retrofit-ae28c3d=retrofit2.adapter.rxjava.CompletableThrowingSafeSubscriberTest.throwingInOnCompleteDeliveredToPlugin_output_1590441733,1590442373,1590441983,390
251-nods-found-batch-output,JON_188_idf_sha_nods_p1_r100_t518400_5M_25d_16h_22m_9s_square.retrofit-ae28c3d=retrofit2.CallTest.cancelOkHttpRequest_output_1590441733,1590442710,1590442006,704
251-nods-found-batch-output,JON_188_idf_sha_nods_p1_r100_t518400_5M_25d_16h_22m_9s_square.retrofit-ae28c3d=retrofit2.CallTest.cancelRequest_output_1590441733,1590442621,1590441985,636
251-nods-found-batch-output,JON_188_idf_sha_nods_p1_r100_t518400_5M_25d_16h_22m_9s_tootallnate.java-websocket-fa3909c=org.java_websocket.issues.Issue256Test.runReconnectBlockingScenario1_output_1590441733,1590442439,1590441994,445
251-nods-found-batch-output,JON_188_idf_sha_nods_p1_r100_t518400_5M_25d_16h_22m_9s_tootallnate.java-websocket-fa3909c=org.java_websocket.issues.Issue256Test.runReconnectBlockingScenario2_output_1590441733,1590442480,1590442004,476
251-nods-found-batch-output,JON_188_idf_sha_nods_p1_r100_t518400_5M_25d_16h_22m_9s_tootallnate.java-websocket-fa3909c=org.java_websocket.issues.Issue256Test.runReconnectBlockingScenario3_output_1590441733,1590442444,1590441985,459
251-nods-found-batch-output,JON_188_idf_sha_nods_p1_r100_t518400_5M_25d_16h_22m_9s_tootallnate.java-websocket-fa3909c=org.java_websocket.issues.Issue256Test.runReconnectBlockingScenario4_output_1590441733,1590442471,1590441985,486
251-nods-found-batch-output,JON_188_idf_sha_nods_p1_r100_t518400_5M_25d_16h_22m_9s_tootallnate.java-websocket-fa3909c=org.java_websocket.issues.Issue256Test.runReconnectBlockingScenario5_output_1590441733,1590442469,1590442006,463
251-nods-found-batch-output,JON_188_idf_sha_nods_p1_r100_t518400_5M_25d_16h_22m_9s_tootallnate.java-websocket-fa3909c=org.java_websocket.issues.Issue256Test.runReconnectBlockingScenario6_output_1590441733,1590442409,1590442009,400
251-nods-found-batch-output,JON_188_idf_sha_nods_p1_r100_t518400_5M_25d_16h_22m_9s_tootallnate.java-websocket-fa3909c=org.java_websocket.issues.Issue256Test.runReconnectBlockingScenario7_output_1590441733,1590442477,1590442009,468
251-nods-found-batch-output,JON_188_idf_sha_nods_p1_r100_t518400_5M_25d_16h_22m_9s_tootallnate.java-websocket-fa3909c=org.java_websocket.issues.Issue256Test.runReconnectBlockingScenario8_output_1590441733,1590442437,1590442006,431
251-nods-found-batch-output,JON_188_idf_sha_nods_p1_r100_t518400_5M_25d_16h_22m_9s_tootallnate.java-websocket-fa3909c=org.java_websocket.issues.Issue256Test.runReconnectBlockingScenario9_output_1590441733,1590442489,1590442018,471
251-nods-found-batch-output,JON_188_idf_sha_nods_p1_r100_t518400_5M_25d_16h_22m_9s_tootallnate.java-websocket-fa3909c=org.java_websocket.issues.Issue256Test.runReconnectScenario0_output_1590441733,1590442555,1590442034,521
251-nods-found-batch-output,JON_188_idf_sha_nods_p1_r100_t518400_5M_25d_16h_22m_9s_tootallnate.java-websocket-fa3909c=org.java_websocket.issues.Issue256Test.runReconnectScenario1_output_1590441733,1590442536,1590442016,520
251-nods-found-batch-output,JON_188_idf_sha_nods_p1_r100_t518400_5M_25d_16h_22m_9s_tootallnate.java-websocket-fa3909c=org.java_websocket.issues.Issue256Test.runReconnectScenario2_output_1590441733,1590442527,1590442013,514
251-nods-found-batch-output,JON_188_idf_sha_nods_p1_r100_t518400_5M_25d_16h_22m_9s_tootallnate.java-websocket-fa3909c=org.java_websocket.issues.Issue256Test.runReconnectScenario3_output_1590441733,1590442506,1590442033,473
251-nods-found-batch-output,JON_188_idf_sha_nods_p1_r100_t518400_5M_25d_16h_22m_9s_tootallnate.java-websocket-fa3909c=org.java_websocket.issues.Issue256Test.runReconnectScenario4_output_1590441733,1590442526,1590442009,517
251-nods-found-batch-output,JON_188_idf_sha_nods_p1_r100_t518400_5M_25d_16h_22m_9s_tootallnate.java-websocket-fa3909c=org.java_websocket.issues.Issue256Test.runReconnectScenario5_output_1590441733,1590442569,1590442020,549
251-nods-found-batch-output,JON_188_idf_sha_nods_p1_r100_t518400_5M_25d_16h_22m_9s_tootallnate.java-websocket-fa3909c=org.java_websocket.issues.Issue256Test.runReconnectScenario6_output_1590441733,1590442525,1590442022,503
251-nods-found-batch-output,JON_188_idf_sha_nods_p1_r100_t518400_5M_25d_16h_22m_9s_tootallnate.java-websocket-fa3909c=org.java_websocket.issues.Issue256Test.runReconnectScenario7_output_1590441733,1590442546,1590442024,522
251-nods-found-batch-output,JON_188_idf_sha_nods_p1_r100_t518400_5M_25d_16h_22m_9s_tootallnate.java-websocket-fa3909c=org.java_websocket.issues.Issue256Test.runReconnectScenario8_output_1590441733,1590442592,1590442034,558
251-nods-found-batch-output,JON_188_idf_sha_nods_p1_r100_t518400_5M_25d_16h_22m_9s_tootallnate.java-websocket-fa3909c=org.java_websocket.issues.Issue256Test.runReconnectScenario9_output_1590441733,1590442526,1590442020,506
251-nods-found-batch-output,JON_188_idf_sha_nods_p1_r100_t518400_5M_25d_16h_22m_9s_tootallnate.java-websocket-fa3909c=org.java_websocket.issues.Issue580Test.runNoCloseBlockingTestScenario0_output_1590441733,1590442457,1590442027,430
251-nods-found-batch-output,JON_188_idf_sha_nods_p1_r100_t518400_5M_25d_16h_22m_9s_tootallnate.java-websocket-fa3909c=org.java_websocket.issues.Issue580Test.runNoCloseBlockingTestScenario2_output_1590441733,1590442518,1590442029,489
251-nods-found-batch-output,JON_188_idf_sha_nods_p1_r100_t518400_5M_25d_16h_22m_9s_tootallnate.java-websocket-fa3909c=org.java_websocket.issues.Issue580Test.runNoCloseBlockingTestScenario3_output_1590441733,1590442506,1590442027,479
251-nods-found-batch-output,JON_188_idf_sha_nods_p1_r100_t518400_5M_25d_16h_22m_9s_tootallnate.java-websocket-fa3909c=org.java_websocket.issues.Issue580Test.runNoCloseBlockingTestScenario4_output_1590441733,1590442511,1590442039,472
251-nods-found-batch-output,JON_188_idf_sha_nods_p1_r100_t518400_5M_25d_16h_22m_9s_tootallnate.java-websocket-fa3909c=org.java_websocket.issues.Issue580Test.runNoCloseBlockingTestScenario5_output_1590441733,1590442486,1590442036,450
251-nods-found-batch-output,JON_188_idf_sha_nods_p1_r100_t518400_5M_25d_16h_22m_9s_tootallnate.java-websocket-fa3909c=org.java_websocket.issues.Issue580Test.runNoCloseBlockingTestScenario8_output_1590441733,1590442481,1590442039,442
251-nods-found-batch-output,JON_188_idf_sha_nods_p1_r100_t518400_5M_25d_16h_22m_9s_tootallnate.java-websocket-fa3909c=org.java_websocket.issues.Issue677Test.testIssue_output_1590441733,1590442459,1590442039,420
251-nods-found-batch-output,JON_188_idf_sha_nods_p1_r100_t518400_5M_25d_16h_22m_9s_tootallnate.java-websocket-fa3909c=org.java_websocket.issues.Issue713Test.testIssue_output_1590441733,1590442525,1590442039,486
251-nods-found-batch-output,JON_188_idf_sha_nods_p1_r100_t518400_5M_25d_16h_22m_9s_tootallnate.java-websocket-fa3909c=org.java_websocket.misc.OpeningHandshakeRejectionTest.testHandshakeRejectionTestCase10_output_1590441733,1590442494,1590442041,453
251-nods-found-batch-output,JON_188_idf_sha_nods_p1_r100_t518400_5M_25d_16h_22m_9s_tootallnate.java-websocket-fa3909c=org.java_websocket.misc.OpeningHandshakeRejectionTest.testHandshakeRejectionTestCase11_output_1590441733,1590442502,1590442050,452
251-nods-found-batch-output,JON_188_idf_sha_nods_p1_r100_t518400_5M_25d_16h_22m_9s_tootallnate.java-websocket-fa3909c=org.java_websocket.misc.OpeningHandshakeRejectionTest.testHandshakeRejectionTestCase1_output_1590441733,1590442516,1590442041,475
251-nods-found-batch-output,JON_188_idf_sha_nods_p1_r100_t518400_5M_25d_16h_22m_9s_tootallnate.java-websocket-fa3909c=org.java_websocket.misc.OpeningHandshakeRejectionTest.testHandshakeRejectionTestCase2_output_1590441733,1590442476,1590442043,433
251-nods-found-batch-output,JON_188_idf_sha_nods_p1_r100_t518400_5M_25d_16h_22m_9s_tootallnate.java-websocket-fa3909c=org.java_websocket.misc.OpeningHandshakeRejectionTest.testHandshakeRejectionTestCase3_output_1590441733,1590442519,1590442045,474
251-nods-found-batch-output,JON_188_idf_sha_nods_p1_r100_t518400_5M_25d_16h_22m_9s_tootallnate.java-websocket-fa3909c=org.java_websocket.misc.OpeningHandshakeRejectionTest.testHandshakeRejectionTestCase4_output_1590441733,1590442517,1590442045,472
251-nods-found-batch-output,JON_188_idf_sha_nods_p1_r100_t518400_5M_25d_16h_22m_9s_tootallnate.java-websocket-fa3909c=org.java_websocket.misc.OpeningHandshakeRejectionTest.testHandshakeRejectionTestCase5_output_1590441733,1590442496,1590442043,453
251-nods-found-batch-output,JON_188_idf_sha_nods_p1_r100_t518400_5M_25d_16h_22m_9s_tootallnate.java-websocket-fa3909c=org.java_websocket.misc.OpeningHandshakeRejectionTest.testHandshakeRejectionTestCase6_output_1590441733,1590442514,1590442043,471
251-nods-found-batch-output,JON_188_idf_sha_nods_p1_r100_t518400_5M_25d_16h_22m_9s_tootallnate.java-websocket-fa3909c=org.java_websocket.misc.OpeningHandshakeRejectionTest.testHandshakeRejectionTestCase7_output_1590441733,1590442495,1590442048,447
251-nods-found-batch-output,JON_188_idf_sha_nods_p1_r100_t518400_5M_25d_16h_22m_9s_tootallnate.java-websocket-fa3909c=org.java_websocket.misc.OpeningHandshakeRejectionTest.testHandshakeRejectionTestCase8_output_1590441733,1590442499,1590442048,451
251-nods-found-batch-output,JON_188_idf_sha_nods_p1_r100_t518400_5M_25d_16h_22m_9s_tootallnate.java-websocket-fa3909c=org.java_websocket.misc.OpeningHandshakeRejectionTest.testHandshakeRejectionTestCase9_output_1590441733,1590442508,1590442045,463
251-nods-found-batch-output,JON_188_idf_sha_nods_p1_r100_t518400_5M_25d_16h_22m_9s_tootallnate.java-websocket-fa3909c=org.java_websocket.protocols.ProtoclHandshakeRejectionTest.testHandshakeRejectionTestCase10_output_1590441733,1590442508,1590442050,458
251-nods-found-batch-output,JON_188_idf_sha_nods_p1_r100_t518400_5M_25d_16h_22m_9s_tootallnate.java-websocket-fa3909c=org.java_websocket.protocols.ProtoclHandshakeRejectionTest.testHandshakeRejectionTestCase11_output_1590441733,1590442517,1590442049,468
251-nods-found-batch-output,JON_188_idf_sha_nods_p1_r100_t518400_5M_25d_16h_22m_9s_tootallnate.java-websocket-fa3909c=org.java_websocket.protocols.ProtoclHandshakeRejectionTest.testHandshakeRejectionTestCase13_output_1590441733,1590442508,1590442050,458
251-nods-found-batch-output,JON_188_idf_sha_nods_p1_r100_t518400_5M_25d_16h_22m_9s_tootallnate.java-websocket-fa3909c=org.java_websocket.protocols.ProtoclHandshakeRejectionTest.testHandshakeRejectionTestCase14_output_1590441733,1590442518,1590442050,468
251-nods-found-batch-output,JON_188_idf_sha_nods_p1_r100_t518400_5M_25d_16h_22m_9s_tootallnate.java-websocket-fa3909c=org.java_websocket.protocols.ProtoclHandshakeRejectionTest.testHandshakeRejectionTestCase16_output_1590441733,1590442477,1590442050,427
251-nods-found-batch-output,JON_188_idf_sha_nods_p1_r100_t518400_5M_25d_16h_22m_9s_tootallnate.java-websocket-fa3909c=org.java_websocket.protocols.ProtoclHandshakeRejectionTest.testHandshakeRejectionTestCase17_output_1590441733,1590442539,1590442054,485
251-nods-found-batch-output,JON_188_idf_sha_nods_p1_r100_t518400_5M_25d_16h_22m_9s_tootallnate.java-websocket-fa3909c=org.java_websocket.protocols.ProtoclHandshakeRejectionTest.testHandshakeRejectionTestCase2_output_1590441733,1590442552,1590442052,500
251-nods-found-batch-output,JON_188_idf_sha_nods_p1_r100_t518400_5M_25d_16h_22m_9s_tootallnate.java-websocket-fa3909c=org.java_websocket.protocols.ProtoclHandshakeRejectionTest.testHandshakeRejectionTestCase3_output_1590441733,1590442504,1590442050,454
251-nods-found-batch-output,JON_188_idf_sha_nods_p1_r100_t518400_5M_25d_16h_22m_9s_tootallnate.java-websocket-fa3909c=org.java_websocket.protocols.ProtoclHandshakeRejectionTest.testHandshakeRejectionTestCase4_output_1590441733,1590442523,1590442050,473
251-nods-found-batch-output,JON_188_idf_sha_nods_p1_r100_t518400_5M_25d_16h_22m_9s_tootallnate.java-websocket-fa3909c=org.java_websocket.protocols.ProtoclHandshakeRejectionTest.testHandshakeRejectionTestCase6_output_1590441733,1590442506,1590442052,454
251-nods-found-batch-output,JON_188_idf_sha_nods_p1_r100_t518400_5M_25d_16h_22m_9s_tootallnate.java-websocket-fa3909c=org.java_websocket.protocols.ProtoclHandshakeRejectionTest.testHandshakeRejectionTestCase8_output_1590441733,1590442499,1590442052,447
251-nods-found-batch-output,JON_188_idf_sha_nods_p1_r100_t518400_5M_25d_16h_22m_9s_tootallnate.java-websocket-fa3909c=org.java_websocket.protocols.ProtoclHandshakeRejectionTest.testHandshakeRejectionTestCase9_output_1590441733,1590442513,1590442054,459
251-nods-found-batch-output,JON_188_idf_sha_nods_p1_r100_t518400_5M_25d_16h_22m_9s_undertow-io.undertow-d0efffa=io.undertow.websockets.jsr.test.JsrWebSocketServer07Test.testErrorHandling_output_1590441733,1590442948,1590442056,892
251-nods-found-batch-output,JON_188_idf_sha_nods_p1_r100_t518400_5M_25d_16h_22m_9s_undertow-io.undertow-d0efffa=io.undertow.websockets.jsr.test.JsrWebSocketServer08Test.testErrorHandling_output_1590441733,1590442924,1590442069,855
251-nods-found-batch-output,JON_188_idf_sha_nods_p1_r100_t518400_5M_25d_16h_22m_9s_undertow-io.undertow-d0efffa=io.undertow.websockets.jsr.test.JsrWebSocketServer13Test.testErrorHandling_output_1590441733,1590442966,1590442054,912
251-nods-found-batch-output,JON_188_idf_sha_nods_p1_r100_t518400_5M_25d_16h_22m_9s_undertow-io.undertow-d0efffa=io.undertow.websockets.jsr.test.reconnect.ClientEndpointReconnectTestCase.testAnnotatedClientEndpoint_output_1590441733,1590442981,1590442059,922
251-nods-found-batch-output,JON_188_idf_sha_nods_p1_r100_t518400_5M_25d_16h_22m_9s_vert-x3.vertx-mqtt-c8213e0=io.vertx.mqtt.test.server.MqttServerClientIdentifierTest.testValidClientIdentifier_output_1590441733,1590442093,1590442069,24
251-nods-found-batch-output,JON_188_idf_sha_nods_p1_r100_t518400_5M_25d_16h_22m_9s_vert-x3.vertx-mqtt-c8213e0=io.vertx.mqtt.test.server.MqttServerClientPublishTest.publishQos0_output_1590441733,1590442069,1590442054,15
251-nods-found-batch-output,JON_188_idf_sha_nods_p1_r100_t518400_5M_25d_16h_22m_9s_vert-x3.vertx-mqtt-c8213e0=io.vertx.mqtt.test.server.MqttServerConnectionTest.accepted_output_1590441733,1590442070,1590442054,16
251-nods-found-batch-output,JON_188_idf_sha_nods_p1_r100_t518400_5M_25d_16h_22m_9s_vert-x3.vertx-mqtt-c8213e0=io.vertx.mqtt.test.server.MqttServerConnectionTest.connectionAlreadyAccepted_output_1590441733,1590442095,1590442071,24
251-nods-found-batch-output,JON_188_idf_sha_nods_p1_r100_t518400_5M_25d_16h_22m_9s_vert-x3.vertx-mqtt-c8213e0=io.vertx.mqtt.test.server.MqttServerConnectionTest.noConnectSent_output_1590441733,1590442094,1590442071,23
251-nods-found-batch-output,JON_188_idf_sha_nods_p1_r100_t518400_5M_25d_16h_22m_9s_vert-x3.vertx-mqtt-c8213e0=io.vertx.mqtt.test.server.MqttServerUnsubscribeTest.unsubscribe_output_1590441733,1590442070,1590442054,16
251-nods-found-batch-output,JON_188_idf_sha_nods_p1_r100_t518400_5M_25d_16h_22m_9s_vert-x3.vertx-rabbitmq-client-7305bcd=io.vertx.rabbitmq.RabbitMQClientReconnectTest.testReconnect_output_1590441733,1590442805,1590442073,732
251-nods-found-batch-output,JON_188_idf_sha_nods_p1_r100_t518400_5M_25d_16h_22m_9s_vert-x3.vertx-rabbitmq-client-7305bcd=io.vertx.rabbitmq.RabbitMQConsumptionStreamingTest.keepMostRecentOptionShouldWorks_output_1590441733,1590442687,1590442082,605
251-nods-found-batch-output,JON_188_idf_sha_nods_p1_r100_t518400_5M_25d_16h_22m_9s_vert-x3.vertx-rabbitmq-client-7305bcd=io.vertx.rabbitmq.RabbitMQConsumptionStreamingTest.pauseAndResumeShouldWork_output_1590441733,1590442729,1590442082,647
251-nods-found-batch-output,JON_188_idf_sha_nods_p1_r100_t518400_5M_25d_16h_22m_9s_vert-x3.vertx-rabbitmq-client-7305bcd=io.vertx.rabbitmq.RabbitMQServiceTest.testBasicCancel_output_1590441733,1590442752,1590442073,679
251-nods-found-batch-output,JON_188_idf_sha_nods_p1_r100_t518400_5M_25d_16h_22m_9s_vert-x3.vertx-rabbitmq-client-7305bcd=io.vertx.rabbitmq.RabbitMQServiceTest.testBasicConsume_output_1590441733,1590442756,1590442098,658
251-nods-found-batch-output,JON_188_idf_sha_nods_p1_r100_t518400_5M_25d_16h_22m_9s_vert-x3.vertx-rabbitmq-client-7305bcd=io.vertx.rabbitmq.RabbitMQServiceTest.testGetMessageCount_output_1590441733,1590442731,1590442073,658
251-nods-found-batch-output,JON_188_idf_sha_nods_p1_r100_t518400_5M_25d_16h_22m_9s_vert-x3.vertx-rabbitmq-client-7305bcd=io.vertx.rabbitmq.RabbitMQServiceTest.testMessageOrderingWhenConsumingNewApi_output_1590441733,1590442780,1590442084,696
251-nods-found-batch-output,JON_188_idf_sha_nods_p1_r100_t518400_5M_25d_16h_22m_9s_visallo.vertexium-f1fd59e=org.vertexium.accumulo.AccumuloGraphTest.testFindPathsMultiplePaths_output_1590441733,1590442185,1590442142,43
251-nods-found-batch-output,JON_188_idf_sha_nods_p1_r100_t518400_5M_25d_16h_22m_9s_visallo.vertexium-f1fd59e=org.vertexium.accumulo.AccumuloGraphTest.testFindRelatedEdgesPerformance_output_1590441733,1590442145,1590442099,46
251-nods-found-batch-output,JON_188_idf_sha_nods_p1_r100_t518400_5M_25d_16h_22m_9s_visallo.vertexium-f1fd59e=org.vertexium.inmemory.InMemoryGraphTest.manyVisibilities_output_1590441733,1590442163,1590442130,33
251-nods-found-batch-output,JON_188_idf_sha_nods_p1_r100_t518400_5M_25d_16h_22m_9s_visallo.vertexium-f1fd59e=org.vertexium.inmemory.InMemoryGraphTest.testMarkPropertyVisible_output_1590441733,1590442145,1590442114,31
251-nods-found-batch-output,JON_188_idf_sha_nods_p1_r100_t518400_5M_25d_16h_22m_9s_visallo.vertexium-f1fd59e=org.vertexium.util.IncreasingTimeTest.currentTimeMillisReturnsTimeGreaterThanSystemTime_output_1590441733,1590442140,1590442112,28
251-nods-found-batch-output,JON_188_idf_sha_nods_p1_r100_t518400_5M_25d_16h_22m_9s_vmware.admiral-e4b0293=com.vmware.admiral.adapter.registry.service.RegistryAdapterServiceProxyTest.testInitWithProxyWithList_output_1590441733,1590442813,1590442123,690
251-nods-found-batch-output,JON_188_idf_sha_nods_p1_r100_t518400_5M_25d_16h_22m_9s_vmware.admiral-e4b0293=com.vmware.admiral.adapter.registry.service.RegistryAdapterServiceTest.testDockerHubListImageTags_output_1590441733,1590442977,1590442091,886
251-nods-found-batch-output,JON_188_idf_sha_nods_p1_r100_t518400_5M_25d_16h_22m_9s_vmware.admiral-e4b0293=com.vmware.admiral.adapter.registry.service.RegistryAdapterServiceTest.testSameRegistryAsGlobalAndProject_output_1590441733,1590442866,1590442089,777
251-nods-found-batch-output,JON_188_idf_sha_nods_p1_r100_t518400_5M_25d_16h_22m_9s_vmware.admiral-e4b0293=com.vmware.admiral.adapter.registry.service.RegistryAdapterServiceTest.testSameRegistryTwoDifferentProjectsNotRemoveOldTenantLinkShouldFail_output_1590441733,1590442873,1590442105,768
251-nods-found-batch-output,JON_188_idf_sha_nods_p1_r100_t518400_5M_25d_16h_22m_9s_vmware.admiral-e4b0293=com.vmware.admiral.adapter.registry.service.RegistryAdapterServiceTest.testV1Ping_output_1590441733,1590442927,1590442096,831
251-nods-found-batch-output,JON_188_idf_sha_nods_p1_r100_t518400_5M_25d_16h_22m_9s_wro4j.wro4j-185ab60=ro.isdc.wro.extensions.processor.TestBourbonCssProcessor.shouldBeThreadSafe_output_1590441733,1590443307,1590442089,1218
251-nods-found-batch-output,JON_188_idf_sha_nods_p1_r100_t518400_5M_25d_16h_22m_9s_wro4j.wro4j-185ab60=ro.isdc.wro.extensions.processor.TestRubySassCssProcessor.shouldBeThreadSafeWhenInitializingProcessor_output_1590441733,1590443237,1590442095,1142
251-nods-found-batch-output,JON_188_idf_sha_nods_p1_r100_t518400_5M_25d_16h_22m_9s_zalando.riptide-8277e11=org.zalando.riptide.backup.BackupRequestPluginTest.shouldUseBackupRequest_output_1590441733,1590443150,1590442135,1015
251-nods-found-batch-output,JON_188_idf_sha_nods_p1_r100_t518400_5M_25d_16h_22m_9s_zalando.riptide-8277e11=org.zalando.riptide.failsafe.RetryAfterDelayFunctionTest.shouldRetryOnDemandWithDynamicDelay_output_1590441733,1590443017,1590442110,907
251-nods-found-batch-output,JON_188_idf_sha_nods_p1_r100_t518400_5M_25d_16h_25m_9s_square.retrofit-ae28c3d=retrofit2.adapter.rxjava.CompletableThrowingSafeSubscriberTest.throwingInOnCompleteDeliveredToPlugin_output_1590441913,1590442604,1590442205,399
251-nods-found-batch-output,JON_188_idf_sha_nods_p1_r100_t518400_5M_25d_16h_25m_9s_square.retrofit-ae28c3d=retrofit2.CallTest.cancelOkHttpRequest_output_1590441913,1590442979,1590442210,769
251-nods-found-batch-output,JON_188_idf_sha_nods_p1_r100_t518400_5M_25d_16h_25m_9s_square.retrofit-ae28c3d=retrofit2.CallTest.cancelRequest_output_1590441913,1590442879,1590442213,666
251-nods-found-batch-output,JON_188_idf_sha_nods_p1_r100_t518400_5M_25d_16h_25m_9s_tootallnate.java-websocket-fa3909c=org.java_websocket.issues.Issue256Test.runReconnectBlockingScenario1_output_1590441913,1590442639,1590442213,426
251-nods-found-batch-output,JON_188_idf_sha_nods_p1_r100_t518400_5M_25d_16h_25m_9s_tootallnate.java-websocket-fa3909c=org.java_websocket.issues.Issue256Test.runReconnectBlockingScenario2_output_1590441913,1590442639,1590442216,423
251-nods-found-batch-output,JON_188_idf_sha_nods_p1_r100_t518400_5M_25d_16h_25m_9s_tootallnate.java-websocket-fa3909c=org.java_websocket.issues.Issue256Test.runReconnectBlockingScenario3_output_1590441913,1590442636,1590442213,423
251-nods-found-batch-output,JON_188_idf_sha_nods_p1_r100_t518400_5M_25d_16h_25m_9s_tootallnate.java-websocket-fa3909c=org.java_websocket.issues.Issue256Test.runReconnectBlockingScenario4_output_1590441913,1590442629,1590442216,413
251-nods-found-batch-output,JON_188_idf_sha_nods_p1_r100_t518400_5M_25d_16h_25m_9s_tootallnate.java-websocket-fa3909c=org.java_websocket.issues.Issue256Test.runReconnectBlockingScenario5_output_1590441913,1590442676,1590442216,460
251-nods-found-batch-output,JON_188_idf_sha_nods_p1_r100_t518400_5M_25d_16h_25m_9s_tootallnate.java-websocket-fa3909c=org.java_websocket.issues.Issue256Test.runReconnectBlockingScenario6_output_1590441913,1590442621,1590442216,405
251-nods-found-batch-output,JON_188_idf_sha_nods_p1_r100_t518400_5M_25d_16h_25m_9s_tootallnate.java-websocket-fa3909c=org.java_websocket.issues.Issue256Test.runReconnectBlockingScenario7_output_1590441913,1590442666,1590442219,447
251-nods-found-batch-output,JON_188_idf_sha_nods_p1_r100_t518400_5M_25d_16h_25m_9s_tootallnate.java-websocket-fa3909c=org.java_websocket.issues.Issue256Test.runReconnectBlockingScenario8_output_1590441913,1590442692,1590442219,473
251-nods-found-batch-output,JON_188_idf_sha_nods_p1_r100_t518400_5M_25d_16h_25m_9s_tootallnate.java-websocket-fa3909c=org.java_websocket.issues.Issue256Test.runReconnectBlockingScenario9_output_1590441913,1590442660,1590442222,438
251-nods-found-batch-output,JON_188_idf_sha_nods_p1_r100_t518400_5M_25d_16h_25m_9s_tootallnate.java-websocket-fa3909c=org.java_websocket.issues.Issue256Test.runReconnectScenario0_output_1590441913,1590442780,1590442222,558
251-nods-found-batch-output,JON_188_idf_sha_nods_p1_r100_t518400_5M_25d_16h_25m_9s_tootallnate.java-websocket-fa3909c=org.java_websocket.issues.Issue256Test.runReconnectScenario1_output_1590441913,1590442813,1590442226,587
251-nods-found-batch-output,JON_188_idf_sha_nods_p1_r100_t518400_5M_25d_16h_25m_9s_tootallnate.java-websocket-fa3909c=org.java_websocket.issues.Issue256Test.runReconnectScenario2_output_1590441913,1590442741,1590442225,516
251-nods-found-batch-output,JON_188_idf_sha_nods_p1_r100_t518400_5M_25d_16h_25m_9s_tootallnate.java-websocket-fa3909c=org.java_websocket.issues.Issue256Test.runReconnectScenario3_output_1590441913,1590442736,1590442225,511
251-nods-found-batch-output,JON_188_idf_sha_nods_p1_r100_t518400_5M_25d_16h_25m_9s_tootallnate.java-websocket-fa3909c=org.java_websocket.issues.Issue256Test.runReconnectScenario4_output_1590441913,1590442792,1590442225,567
251-nods-found-batch-output,JON_188_idf_sha_nods_p1_r100_t518400_5M_25d_16h_25m_9s_tootallnate.java-websocket-fa3909c=org.java_websocket.issues.Issue256Test.runReconnectScenario5_output_1590441913,1590442744,1590442226,518
251-nods-found-batch-output,JON_188_idf_sha_nods_p1_r100_t518400_5M_25d_16h_25m_9s_tootallnate.java-websocket-fa3909c=org.java_websocket.issues.Issue256Test.runReconnectScenario6_output_1590441913,1590442716,1590442225,491
251-nods-found-batch-output,JON_188_idf_sha_nods_p1_r100_t518400_5M_25d_16h_25m_9s_tootallnate.java-websocket-fa3909c=org.java_websocket.issues.Issue256Test.runReconnectScenario7_output_1590441913,1590442657,1590442228,429
251-nods-found-batch-output,JON_188_idf_sha_nods_p1_r100_t518400_5M_25d_16h_25m_9s_tootallnate.java-websocket-fa3909c=org.java_websocket.issues.Issue256Test.runReconnectScenario8_output_1590441913,1590442795,1590442225,570
251-nods-found-batch-output,JON_188_idf_sha_nods_p1_r100_t518400_5M_25d_16h_25m_9s_tootallnate.java-websocket-fa3909c=org.java_websocket.issues.Issue256Test.runReconnectScenario9_output_1590441913,1590442757,1590442228,529
251-nods-found-batch-output,JON_188_idf_sha_nods_p1_r100_t518400_5M_25d_16h_25m_9s_tootallnate.java-websocket-fa3909c=org.java_websocket.issues.Issue580Test.runNoCloseBlockingTestScenario0_output_1590441913,1590442727,1590442225,502
251-nods-found-batch-output,JON_188_idf_sha_nods_p1_r100_t518400_5M_25d_16h_25m_9s_tootallnate.java-websocket-fa3909c=org.java_websocket.issues.Issue580Test.runNoCloseBlockingTestScenario2_output_1590441913,1590442708,1590442231,477
251-nods-found-batch-output,JON_188_idf_sha_nods_p1_r100_t518400_5M_25d_16h_25m_9s_tootallnate.java-websocket-fa3909c=org.java_websocket.issues.Issue580Test.runNoCloseBlockingTestScenario3_output_1590441913,1590442680,1590442229,451
251-nods-found-batch-output,JON_188_idf_sha_nods_p1_r100_t518400_5M_25d_16h_25m_9s_tootallnate.java-websocket-fa3909c=org.java_websocket.issues.Issue580Test.runNoCloseBlockingTestScenario4_output_1590441913,1590442666,1590442199,467
251-nods-found-batch-output,JON_188_idf_sha_nods_p1_r100_t518400_5M_25d_16h_25m_9s_tootallnate.java-websocket-fa3909c=org.java_websocket.issues.Issue580Test.runNoCloseBlockingTestScenario5_output_1590441913,1590442683,1590442229,454
251-nods-found-batch-output,JON_188_idf_sha_nods_p1_r100_t518400_5M_25d_16h_25m_9s_tootallnate.java-websocket-fa3909c=org.java_websocket.issues.Issue580Test.runNoCloseBlockingTestScenario8_output_1590441913,1590442709,1590442242,467
251-nods-found-batch-output,JON_188_idf_sha_nods_p1_r100_t518400_5M_25d_16h_25m_9s_tootallnate.java-websocket-fa3909c=org.java_websocket.issues.Issue677Test.testIssue_output_1590441913,1590442704,1590442232,472
251-nods-found-batch-output,JON_188_idf_sha_nods_p1_r100_t518400_5M_25d_16h_25m_9s_tootallnate.java-websocket-fa3909c=org.java_websocket.issues.Issue713Test.testIssue_output_1590441913,1590442716,1590442235,481
251-nods-found-batch-output,JON_188_idf_sha_nods_p1_r100_t518400_5M_25d_16h_25m_9s_tootallnate.java-websocket-fa3909c=org.java_websocket.misc.OpeningHandshakeRejectionTest.testHandshakeRejectionTestCase10_output_1590441913,1590442691,1590442235,456
251-nods-found-batch-output,JON_188_idf_sha_nods_p1_r100_t518400_5M_25d_16h_25m_9s_tootallnate.java-websocket-fa3909c=org.java_websocket.misc.OpeningHandshakeRejectionTest.testHandshakeRejectionTestCase11_output_1590441913,1590442662,1590442238,424
251-nods-found-batch-output,JON_188_idf_sha_nods_p1_r100_t518400_5M_25d_16h_25m_9s_tootallnate.java-websocket-fa3909c=org.java_websocket.misc.OpeningHandshakeRejectionTest.testHandshakeRejectionTestCase1_output_1590441913,1590442700,1590442235,465
251-nods-found-batch-output,JON_188_idf_sha_nods_p1_r100_t518400_5M_25d_16h_25m_9s_tootallnate.java-websocket-fa3909c=org.java_websocket.misc.OpeningHandshakeRejectionTest.testHandshakeRejectionTestCase2_output_1590441913,1590442693,1590442235,458
251-nods-found-batch-output,JON_188_idf_sha_nods_p1_r100_t518400_5M_25d_16h_25m_9s_tootallnate.java-websocket-fa3909c=org.java_websocket.misc.OpeningHandshakeRejectionTest.testHandshakeRejectionTestCase3_output_1590441913,1590442688,1590442235,453
251-nods-found-batch-output,JON_188_idf_sha_nods_p1_r100_t518400_5M_25d_16h_25m_9s_tootallnate.java-websocket-fa3909c=org.java_websocket.misc.OpeningHandshakeRejectionTest.testHandshakeRejectionTestCase4_output_1590441913,1590442708,1590442235,473
251-nods-found-batch-output,JON_188_idf_sha_nods_p1_r100_t518400_5M_25d_16h_25m_9s_tootallnate.java-websocket-fa3909c=org.java_websocket.misc.OpeningHandshakeRejectionTest.testHandshakeRejectionTestCase5_output_1590441913,1590442691,1590442235,456
251-nods-found-batch-output,JON_188_idf_sha_nods_p1_r100_t518400_5M_25d_16h_25m_9s_tootallnate.java-websocket-fa3909c=org.java_websocket.misc.OpeningHandshakeRejectionTest.testHandshakeRejectionTestCase6_output_1590441913,1590442660,1590442238,422
251-nods-found-batch-output,JON_188_idf_sha_nods_p1_r100_t518400_5M_25d_16h_25m_9s_tootallnate.java-websocket-fa3909c=org.java_websocket.misc.OpeningHandshakeRejectionTest.testHandshakeRejectionTestCase7_output_1590441913,1590442685,1590442235,450
251-nods-found-batch-output,JON_188_idf_sha_nods_p1_r100_t518400_5M_25d_16h_25m_9s_tootallnate.java-websocket-fa3909c=org.java_websocket.misc.OpeningHandshakeRejectionTest.testHandshakeRejectionTestCase8_output_1590441913,1590442679,1590442235,444
251-nods-found-batch-output,JON_188_idf_sha_nods_p1_r100_t518400_5M_25d_16h_25m_9s_tootallnate.java-websocket-fa3909c=org.java_websocket.misc.OpeningHandshakeRejectionTest.testHandshakeRejectionTestCase9_output_1590441913,1590442723,1590442235,488
251-nods-found-batch-output,JON_188_idf_sha_nods_p1_r100_t518400_5M_25d_16h_25m_9s_tootallnate.java-websocket-fa3909c=org.java_websocket.protocols.ProtoclHandshakeRejectionTest.testHandshakeRejectionTestCase10_output_1590441913,1590442689,1590442238,451
251-nods-found-batch-output,JON_188_idf_sha_nods_p1_r100_t518400_5M_25d_16h_25m_9s_tootallnate.java-websocket-fa3909c=org.java_websocket.protocols.ProtoclHandshakeRejectionTest.testHandshakeRejectionTestCase11_output_1590441913,1590442677,1590442238,439
251-nods-found-batch-output,JON_188_idf_sha_nods_p1_r100_t518400_5M_25d_16h_25m_9s_tootallnate.java-websocket-fa3909c=org.java_websocket.protocols.ProtoclHandshakeRejectionTest.testHandshakeRejectionTestCase13_output_1590441913,1590442662,1590442238,424
251-nods-found-batch-output,JON_188_idf_sha_nods_p1_r100_t518400_5M_25d_16h_25m_9s_tootallnate.java-websocket-fa3909c=org.java_websocket.protocols.ProtoclHandshakeRejectionTest.testHandshakeRejectionTestCase14_output_1590441913,1590442680,1590442241,439
251-nods-found-batch-output,JON_188_idf_sha_nods_p1_r100_t518400_5M_25d_16h_25m_9s_tootallnate.java-websocket-fa3909c=org.java_websocket.protocols.ProtoclHandshakeRejectionTest.testHandshakeRejectionTestCase16_output_1590441913,1590442740,1590442238,502
251-nods-found-batch-output,JON_188_idf_sha_nods_p1_r100_t518400_5M_25d_16h_25m_9s_tootallnate.java-websocket-fa3909c=org.java_websocket.protocols.ProtoclHandshakeRejectionTest.testHandshakeRejectionTestCase17_output_1590441913,1590442619,1590442241,378
251-nods-found-batch-output,JON_188_idf_sha_nods_p1_r100_t518400_5M_25d_16h_25m_9s_tootallnate.java-websocket-fa3909c=org.java_websocket.protocols.ProtoclHandshakeRejectionTest.testHandshakeRejectionTestCase2_output_1590441913,1590442701,1590442244,457
251-nods-found-batch-output,JON_188_idf_sha_nods_p1_r100_t518400_5M_25d_16h_25m_9s_tootallnate.java-websocket-fa3909c=org.java_websocket.protocols.ProtoclHandshakeRejectionTest.testHandshakeRejectionTestCase3_output_1590441913,1590442679,1590442241,438
251-nods-found-batch-output,JON_188_idf_sha_nods_p1_r100_t518400_5M_25d_16h_25m_9s_tootallnate.java-websocket-fa3909c=org.java_websocket.protocols.ProtoclHandshakeRejectionTest.testHandshakeRejectionTestCase4_output_1590441913,1590442726,1590442241,485
251-nods-found-batch-output,JON_188_idf_sha_nods_p1_r100_t518400_5M_25d_16h_25m_9s_tootallnate.java-websocket-fa3909c=org.java_websocket.protocols.ProtoclHandshakeRejectionTest.testHandshakeRejectionTestCase6_output_1590441913,1590442667,1590442241,426
251-nods-found-batch-output,JON_188_idf_sha_nods_p1_r100_t518400_5M_25d_16h_25m_9s_tootallnate.java-websocket-fa3909c=org.java_websocket.protocols.ProtoclHandshakeRejectionTest.testHandshakeRejectionTestCase8_output_1590441913,1590442687,1590442241,446
251-nods-found-batch-output,JON_188_idf_sha_nods_p1_r100_t518400_5M_25d_16h_25m_9s_tootallnate.java-websocket-fa3909c=org.java_websocket.protocols.ProtoclHandshakeRejectionTest.testHandshakeRejectionTestCase9_output_1590441913,1590442741,1590442244,497
251-nods-found-batch-output,JON_188_idf_sha_nods_p1_r100_t518400_5M_25d_16h_25m_9s_undertow-io.undertow-d0efffa=io.undertow.websockets.jsr.test.JsrWebSocketServer07Test.testErrorHandling_output_1590441913,1590443131,1590442242,889
251-nods-found-batch-output,JON_188_idf_sha_nods_p1_r100_t518400_5M_25d_16h_25m_9s_undertow-io.undertow-d0efffa=io.undertow.websockets.jsr.test.JsrWebSocketServer08Test.testErrorHandling_output_1590441913,1590443112,1590442207,905
251-nods-found-batch-output,JON_188_idf_sha_nods_p1_r100_t518400_5M_25d_16h_25m_9s_undertow-io.undertow-d0efffa=io.undertow.websockets.jsr.test.JsrWebSocketServer13Test.testErrorHandling_output_1590441913,1590443139,1590442244,895
251-nods-found-batch-output,JON_188_idf_sha_nods_p1_r100_t518400_5M_25d_16h_25m_9s_undertow-io.undertow-d0efffa=io.undertow.websockets.jsr.test.reconnect.ClientEndpointReconnectTestCase.testAnnotatedClientEndpoint_output_1590441913,1590443088,1590442249,839
251-nods-found-batch-output,JON_188_idf_sha_nods_p1_r100_t518400_5M_25d_16h_25m_9s_vert-x3.vertx-mqtt-c8213e0=io.vertx.mqtt.test.server.MqttServerClientIdentifierTest.testValidClientIdentifier_output_1590441913,1590442289,1590442259,30
251-nods-found-batch-output,JON_188_idf_sha_nods_p1_r100_t518400_5M_25d_16h_25m_9s_vert-x3.vertx-mqtt-c8213e0=io.vertx.mqtt.test.server.MqttServerClientPublishTest.publishQos0_output_1590441913,1590442289,1590442259,30
251-nods-found-batch-output,JON_188_idf_sha_nods_p1_r100_t518400_5M_25d_16h_25m_9s_vert-x3.vertx-mqtt-c8213e0=io.vertx.mqtt.test.server.MqttServerConnectionTest.accepted_output_1590441913,1590442290,1590442261,29
251-nods-found-batch-output,JON_188_idf_sha_nods_p1_r100_t518400_5M_25d_16h_25m_9s_vert-x3.vertx-mqtt-c8213e0=io.vertx.mqtt.test.server.MqttServerConnectionTest.connectionAlreadyAccepted_output_1590441913,1590442290,1590442262,28
251-nods-found-batch-output,JON_188_idf_sha_nods_p1_r100_t518400_5M_25d_16h_25m_9s_visallo.vertexium-f1fd59e=org.vertexium.inmemory.InMemoryGraphTest.manyVisibilities_output_1590441913,1590442299,1590442268,31
251-nods-found-batch-output,JON_188_idf_sha_nods_p1_r100_t518400_5M_25d_16h_25m_9s_vert-x3.vertx-mqtt-c8213e0=io.vertx.mqtt.test.server.MqttServerConnectionTest.noConnectSent_output_1590441913,1590442290,1590442265,25
251-nods-found-batch-output,JON_188_idf_sha_nods_p1_r100_t518400_5M_25d_16h_25m_9s_vert-x3.vertx-mqtt-c8213e0=io.vertx.mqtt.test.server.MqttServerUnsubscribeTest.unsubscribe_output_1590441913,1590442235,1590442210,25
251-nods-found-batch-output,JON_188_idf_sha_nods_p1_r100_t518400_5M_25d_16h_25m_9s_vert-x3.vertx-rabbitmq-client-7305bcd=io.vertx.rabbitmq.RabbitMQClientReconnectTest.testReconnect_output_1590441913,1590442889,1590442265,624
251-nods-found-batch-output,JON_188_idf_sha_nods_p1_r100_t518400_5M_25d_16h_25m_9s_vert-x3.vertx-rabbitmq-client-7305bcd=io.vertx.rabbitmq.RabbitMQConsumptionStreamingTest.keepMostRecentOptionShouldWorks_output_1590441913,1590442961,1590442262,699
251-nods-found-batch-output,JON_188_idf_sha_nods_p1_r100_t518400_5M_25d_16h_25m_9s_vert-x3.vertx-rabbitmq-client-7305bcd=io.vertx.rabbitmq.RabbitMQConsumptionStreamingTest.pauseAndResumeShouldWork_output_1590441913,1590442917,1590442263,654
251-nods-found-batch-output,JON_188_idf_sha_nods_p1_r100_t518400_5M_25d_16h_25m_9s_vert-x3.vertx-rabbitmq-client-7305bcd=io.vertx.rabbitmq.RabbitMQServiceTest.testBasicCancel_output_1590441913,1590442923,1590442265,658
251-nods-found-batch-output,JON_188_idf_sha_nods_p1_r100_t518400_5M_25d_16h_25m_9s_vert-x3.vertx-rabbitmq-client-7305bcd=io.vertx.rabbitmq.RabbitMQServiceTest.testBasicConsume_output_1590441913,1590442930,1590442265,665
251-nods-found-batch-output,JON_188_idf_sha_nods_p1_r100_t518400_5M_25d_16h_25m_9s_vert-x3.vertx-rabbitmq-client-7305bcd=io.vertx.rabbitmq.RabbitMQServiceTest.testGetMessageCount_output_1590441913,1590442982,1590442268,714
251-nods-found-batch-output,JON_188_idf_sha_nods_p1_r100_t518400_5M_25d_16h_25m_9s_vert-x3.vertx-rabbitmq-client-7305bcd=io.vertx.rabbitmq.RabbitMQServiceTest.testMessageOrderingWhenConsumingNewApi_output_1590441913,1590442828,1590442210,618
251-nods-found-batch-output,JON_188_idf_sha_nods_p1_r100_t518400_5M_25d_16h_25m_9s_visallo.vertexium-f1fd59e=org.vertexium.accumulo.AccumuloGraphTest.testFindPathsMultiplePaths_output_1590441913,1590442309,1590442265,44
251-nods-found-batch-output,JON_188_idf_sha_nods_p1_r100_t518400_5M_25d_16h_25m_9s_visallo.vertexium-f1fd59e=org.vertexium.accumulo.AccumuloGraphTest.testFindRelatedEdgesPerformance_output_1590441913,1590442310,1590442268,42
251-nods-found-batch-output,JON_188_idf_sha_nods_p1_r100_t518400_5M_25d_16h_25m_9s_visallo.vertexium-f1fd59e=org.vertexium.inmemory.InMemoryGraphTest.testMarkPropertyVisible_output_1590441913,1590442245,1590442210,35
251-nods-found-batch-output,JON_188_idf_sha_nods_p1_r100_t518400_5M_25d_16h_25m_9s_visallo.vertexium-f1fd59e=org.vertexium.util.IncreasingTimeTest.currentTimeMillisReturnsTimeGreaterThanSystemTime_output_1590441913,1590442237,1590442210,27
251-nods-found-batch-output,JON_188_idf_sha_nods_p1_r100_t518400_5M_25d_16h_25m_9s_vmware.admiral-e4b0293=com.vmware.admiral.adapter.registry.service.RegistryAdapterServiceProxyTest.testInitWithProxyWithList_output_1590441913,1590442997,1590442277,720
251-nods-found-batch-output,JON_188_idf_sha_nods_p1_r100_t518400_5M_25d_16h_25m_9s_vmware.admiral-e4b0293=com.vmware.admiral.adapter.registry.service.RegistryAdapterServiceTest.testDockerHubListImageTags_output_1590441913,1590443087,1590442269,818
251-nods-found-batch-output,JON_188_idf_sha_nods_p1_r100_t518400_5M_25d_16h_25m_9s_vmware.admiral-e4b0293=com.vmware.admiral.adapter.registry.service.RegistryAdapterServiceTest.testSameRegistryAsGlobalAndProject_output_1590441913,1590443071,1590442271,800
251-nods-found-batch-output,JON_188_idf_sha_nods_p1_r100_t518400_5M_25d_16h_25m_9s_vmware.admiral-e4b0293=com.vmware.admiral.adapter.registry.service.RegistryAdapterServiceTest.testSameRegistryTwoDifferentProjectsNotRemoveOldTenantLinkShouldFail_output_1590441913,1590443008,1590442286,722
251-nods-found-batch-output,JON_188_idf_sha_nods_p1_r100_t518400_5M_25d_16h_25m_9s_vmware.admiral-e4b0293=com.vmware.admiral.adapter.registry.service.RegistryAdapterServiceTest.testV1Ping_output_1590441913,1590443104,1590442278,826
251-nods-found-batch-output,JON_188_idf_sha_nods_p1_r100_t518400_5M_25d_16h_25m_9s_wro4j.wro4j-185ab60=ro.isdc.wro.extensions.processor.TestBourbonCssProcessor.shouldBeThreadSafe_output_1590441913,1590443482,1590442279,1203
251-nods-found-batch-output,JON_188_idf_sha_nods_p1_r100_t518400_5M_25d_16h_25m_9s_wro4j.wro4j-185ab60=ro.isdc.wro.extensions.processor.TestRubySassCssProcessor.shouldBeThreadSafeWhenInitializingProcessor_output_1590441913,1590443409,1590442279,1130
251-nods-found-batch-output,JON_188_idf_sha_nods_p1_r100_t518400_5M_25d_16h_25m_9s_zalando.riptide-8277e11=org.zalando.riptide.backup.BackupRequestPluginTest.shouldUseBackupRequest_output_1590441913,1590443349,1590442279,1070
251-nods-found-batch-output,JON_188_idf_sha_nods_p1_r100_t518400_5M_25d_16h_25m_9s_zalando.riptide-8277e11=org.zalando.riptide.failsafe.RetryAfterDelayFunctionTest.shouldRetryOnDemandWithDynamicDelay_output_1590441913,1590443236,1590442285,951
251-nods-found-batch-output,JON_188_idf_sha_nods_p1_r100_t518400_5M_25d_16h_28m_10s_square.retrofit-ae28c3d=retrofit2.adapter.rxjava.CompletableThrowingSafeSubscriberTest.throwingInOnCompleteDeliveredToPlugin_output_1590442093,1590442745,1590442349,396
251-nods-found-batch-output,JON_188_idf_sha_nods_p1_r100_t518400_5M_25d_16h_28m_10s_square.retrofit-ae28c3d=retrofit2.CallTest.cancelOkHttpRequest_output_1590442093,1590443049,1590442357,692
251-nods-found-batch-output,JON_188_idf_sha_nods_p1_r100_t518400_5M_25d_16h_28m_10s_square.retrofit-ae28c3d=retrofit2.CallTest.cancelRequest_output_1590442093,1590443068,1590442366,702
251-nods-found-batch-output,JON_188_idf_sha_nods_p1_r100_t518400_5M_25d_16h_28m_10s_tootallnate.java-websocket-fa3909c=org.java_websocket.issues.Issue256Test.runReconnectBlockingScenario1_output_1590442093,1590442830,1590442357,473
251-nods-found-batch-output,JON_188_idf_sha_nods_p1_r100_t518400_5M_25d_16h_28m_10s_tootallnate.java-websocket-fa3909c=org.java_websocket.issues.Issue256Test.runReconnectBlockingScenario2_output_1590442093,1590442841,1590442366,475
251-nods-found-batch-output,JON_188_idf_sha_nods_p1_r100_t518400_5M_25d_16h_28m_10s_tootallnate.java-websocket-fa3909c=org.java_websocket.issues.Issue256Test.runReconnectBlockingScenario3_output_1590442093,1590442833,1590442363,470
251-nods-found-batch-output,JON_188_idf_sha_nods_p1_r100_t518400_5M_25d_16h_28m_10s_tootallnate.java-websocket-fa3909c=org.java_websocket.issues.Issue256Test.runReconnectBlockingScenario4_output_1590442093,1590442874,1590442366,508
251-nods-found-batch-output,JON_188_idf_sha_nods_p1_r100_t518400_5M_25d_16h_28m_10s_tootallnate.java-websocket-fa3909c=org.java_websocket.issues.Issue256Test.runReconnectBlockingScenario5_output_1590442093,1590442870,1590442369,501
251-nods-found-batch-output,JON_188_idf_sha_nods_p1_r100_t518400_5M_25d_16h_28m_10s_tootallnate.java-websocket-fa3909c=org.java_websocket.issues.Issue256Test.runReconnectBlockingScenario6_output_1590442093,1590442839,1590442369,470
251-nods-found-batch-output,JON_188_idf_sha_nods_p1_r100_t518400_5M_25d_16h_28m_10s_tootallnate.java-websocket-fa3909c=org.java_websocket.issues.Issue256Test.runReconnectBlockingScenario7_output_1590442093,1590442860,1590442372,488
251-nods-found-batch-output,JON_188_idf_sha_nods_p1_r100_t518400_5M_25d_16h_28m_10s_tootallnate.java-websocket-fa3909c=org.java_websocket.issues.Issue256Test.runReconnectBlockingScenario8_output_1590442093,1590442832,1590442372,460
251-nods-found-batch-output,JON_188_idf_sha_nods_p1_r100_t518400_5M_25d_16h_28m_10s_tootallnate.java-websocket-fa3909c=org.java_websocket.issues.Issue256Test.runReconnectBlockingScenario9_output_1590442093,1590442854,1590442375,479
251-nods-found-batch-output,JON_188_idf_sha_nods_p1_r100_t518400_5M_25d_16h_28m_10s_tootallnate.java-websocket-fa3909c=org.java_websocket.issues.Issue256Test.runReconnectScenario0_output_1590442093,1590442955,1590442375,580
251-nods-found-batch-output,JON_188_idf_sha_nods_p1_r100_t518400_5M_25d_16h_28m_10s_tootallnate.java-websocket-fa3909c=org.java_websocket.issues.Issue256Test.runReconnectScenario1_output_1590442093,1590442878,1590442375,503
251-nods-found-batch-output,JON_188_idf_sha_nods_p1_r100_t518400_5M_25d_16h_28m_10s_tootallnate.java-websocket-fa3909c=org.java_websocket.issues.Issue256Test.runReconnectScenario2_output_1590442093,1590442893,1590442354,539
251-nods-found-batch-output,JON_188_idf_sha_nods_p1_r100_t518400_5M_25d_16h_28m_10s_tootallnate.java-websocket-fa3909c=org.java_websocket.issues.Issue256Test.runReconnectScenario3_output_1590442093,1590442933,1590442378,555
251-nods-found-batch-output,JON_188_idf_sha_nods_p1_r100_t518400_5M_25d_16h_28m_10s_tootallnate.java-websocket-fa3909c=org.java_websocket.issues.Issue256Test.runReconnectScenario4_output_1590442093,1590442964,1590442380,584
251-nods-found-batch-output,JON_188_idf_sha_nods_p1_r100_t518400_5M_25d_16h_28m_10s_tootallnate.java-websocket-fa3909c=org.java_websocket.issues.Issue256Test.runReconnectScenario5_output_1590442093,1590442949,1590442384,565
251-nods-found-batch-output,JON_188_idf_sha_nods_p1_r100_t518400_5M_25d_16h_28m_10s_tootallnate.java-websocket-fa3909c=org.java_websocket.issues.Issue256Test.runReconnectScenario6_output_1590442093,1590442992,1590442384,608
251-nods-found-batch-output,JON_188_idf_sha_nods_p1_r100_t518400_5M_25d_16h_28m_10s_tootallnate.java-websocket-fa3909c=org.java_websocket.issues.Issue256Test.runReconnectScenario7_output_1590442093,1590442953,1590442387,566
251-nods-found-batch-output,JON_188_idf_sha_nods_p1_r100_t518400_5M_25d_16h_28m_10s_tootallnate.java-websocket-fa3909c=org.java_websocket.issues.Issue256Test.runReconnectScenario8_output_1590442093,1590442919,1590442384,535
251-nods-found-batch-output,JON_188_idf_sha_nods_p1_r100_t518400_5M_25d_16h_28m_10s_tootallnate.java-websocket-fa3909c=org.java_websocket.issues.Issue256Test.runReconnectScenario9_output_1590442093,1590442955,1590442387,568
251-nods-found-batch-output,JON_188_idf_sha_nods_p1_r100_t518400_5M_25d_16h_28m_10s_tootallnate.java-websocket-fa3909c=org.java_websocket.issues.Issue580Test.runNoCloseBlockingTestScenario0_output_1590442093,1590442861,1590442387,474
251-nods-found-batch-output,JON_188_idf_sha_nods_p1_r100_t518400_5M_25d_16h_28m_10s_tootallnate.java-websocket-fa3909c=org.java_websocket.issues.Issue580Test.runNoCloseBlockingTestScenario2_output_1590442093,1590442875,1590442387,488
251-nods-found-batch-output,JON_188_idf_sha_nods_p1_r100_t518400_5M_25d_16h_28m_10s_tootallnate.java-websocket-fa3909c=org.java_websocket.issues.Issue580Test.runNoCloseBlockingTestScenario3_output_1590442093,1590442853,1590442387,466
251-nods-found-batch-output,JON_188_idf_sha_nods_p1_r100_t518400_5M_25d_16h_28m_10s_tootallnate.java-websocket-fa3909c=org.java_websocket.issues.Issue580Test.runNoCloseBlockingTestScenario4_output_1590442093,1590442887,1590442387,500
251-nods-found-batch-output,JON_188_idf_sha_nods_p1_r100_t518400_5M_25d_16h_28m_10s_tootallnate.java-websocket-fa3909c=org.java_websocket.issues.Issue580Test.runNoCloseBlockingTestScenario5_output_1590442093,1590442869,1590442387,482
251-nods-found-batch-output,JON_188_idf_sha_nods_p1_r100_t518400_5M_25d_16h_28m_10s_tootallnate.java-websocket-fa3909c=org.java_websocket.issues.Issue580Test.runNoCloseBlockingTestScenario8_output_1590442093,1590442885,1590442390,495
251-nods-found-batch-output,JON_188_idf_sha_nods_p1_r100_t518400_5M_25d_16h_28m_10s_tootallnate.java-websocket-fa3909c=org.java_websocket.issues.Issue677Test.testIssue_output_1590442093,1590442861,1590442393,468
251-nods-found-batch-output,JON_188_idf_sha_nods_p1_r100_t518400_5M_25d_16h_28m_10s_tootallnate.java-websocket-fa3909c=org.java_websocket.issues.Issue713Test.testIssue_output_1590442093,1590442888,1590442387,501
251-nods-found-batch-output,JON_188_idf_sha_nods_p1_r100_t518400_5M_25d_16h_28m_10s_tootallnate.java-websocket-fa3909c=org.java_websocket.misc.OpeningHandshakeRejectionTest.testHandshakeRejectionTestCase10_output_1590442093,1590442926,1590442432,494
251-nods-found-batch-output,JON_188_idf_sha_nods_p1_r100_t518400_5M_25d_16h_28m_10s_tootallnate.java-websocket-fa3909c=org.java_websocket.misc.OpeningHandshakeRejectionTest.testHandshakeRejectionTestCase11_output_1590442093,1590442902,1590442423,479
251-nods-found-batch-output,JON_188_idf_sha_nods_p1_r100_t518400_5M_25d_16h_28m_10s_tootallnate.java-websocket-fa3909c=org.java_websocket.misc.OpeningHandshakeRejectionTest.testHandshakeRejectionTestCase1_output_1590442093,1590442849,1590442393,456
251-nods-found-batch-output,JON_188_idf_sha_nods_p1_r100_t518400_5M_25d_16h_28m_10s_tootallnate.java-websocket-fa3909c=org.java_websocket.misc.OpeningHandshakeRejectionTest.testHandshakeRejectionTestCase2_output_1590442093,1590442905,1590442423,482
251-nods-found-batch-output,JON_188_idf_sha_nods_p1_r100_t518400_5M_25d_16h_28m_10s_tootallnate.java-websocket-fa3909c=org.java_websocket.misc.OpeningHandshakeRejectionTest.testHandshakeRejectionTestCase3_output_1590442093,1590442883,1590442429,454
251-nods-found-batch-output,JON_188_idf_sha_nods_p1_r100_t518400_5M_25d_16h_28m_10s_tootallnate.java-websocket-fa3909c=org.java_websocket.misc.OpeningHandshakeRejectionTest.testHandshakeRejectionTestCase4_output_1590442093,1590442861,1590442393,468
251-nods-found-batch-output,JON_188_idf_sha_nods_p1_r100_t518400_5M_25d_16h_28m_10s_tootallnate.java-websocket-fa3909c=org.java_websocket.misc.OpeningHandshakeRejectionTest.testHandshakeRejectionTestCase5_output_1590442093,1590442902,1590442429,473
251-nods-found-batch-output,JON_188_idf_sha_nods_p1_r100_t518400_5M_25d_16h_28m_10s_tootallnate.java-websocket-fa3909c=org.java_websocket.misc.OpeningHandshakeRejectionTest.testHandshakeRejectionTestCase6_output_1590442093,1590442823,1590442407,416
251-nods-found-batch-output,JON_188_idf_sha_nods_p1_r100_t518400_5M_25d_16h_28m_10s_tootallnate.java-websocket-fa3909c=org.java_websocket.misc.OpeningHandshakeRejectionTest.testHandshakeRejectionTestCase7_output_1590442093,1590442870,1590442432,438
251-nods-found-batch-output,JON_188_idf_sha_nods_p1_r100_t518400_5M_25d_16h_28m_10s_tootallnate.java-websocket-fa3909c=org.java_websocket.misc.OpeningHandshakeRejectionTest.testHandshakeRejectionTestCase8_output_1590442093,1590442892,1590442429,463
251-nods-found-batch-output,JON_188_idf_sha_nods_p1_r100_t518400_5M_25d_16h_28m_10s_tootallnate.java-websocket-fa3909c=org.java_websocket.misc.OpeningHandshakeRejectionTest.testHandshakeRejectionTestCase9_output_1590442093,1590442890,1590442432,458
251-nods-found-batch-output,JON_188_idf_sha_nods_p1_r100_t518400_5M_25d_16h_28m_10s_tootallnate.java-websocket-fa3909c=org.java_websocket.protocols.ProtoclHandshakeRejectionTest.testHandshakeRejectionTestCase10_output_1590442093,1590442905,1590442434,471
251-nods-found-batch-output,JON_188_idf_sha_nods_p1_r100_t518400_5M_25d_16h_28m_10s_tootallnate.java-websocket-fa3909c=org.java_websocket.protocols.ProtoclHandshakeRejectionTest.testHandshakeRejectionTestCase11_output_1590442093,1590442915,1590442434,481
251-nods-found-batch-output,JON_188_idf_sha_nods_p1_r100_t518400_5M_25d_16h_28m_10s_tootallnate.java-websocket-fa3909c=org.java_websocket.protocols.ProtoclHandshakeRejectionTest.testHandshakeRejectionTestCase13_output_1590442093,1590442902,1590442434,468
251-nods-found-batch-output,JON_188_idf_sha_nods_p1_r100_t518400_5M_25d_16h_28m_10s_tootallnate.java-websocket-fa3909c=org.java_websocket.protocols.ProtoclHandshakeRejectionTest.testHandshakeRejectionTestCase14_output_1590442093,1590442871,1590442432,439
251-nods-found-batch-output,JON_188_idf_sha_nods_p1_r100_t518400_5M_25d_16h_28m_10s_tootallnate.java-websocket-fa3909c=org.java_websocket.protocols.ProtoclHandshakeRejectionTest.testHandshakeRejectionTestCase16_output_1590442093,1590442914,1590442434,480
251-nods-found-batch-output,JON_188_idf_sha_nods_p1_r100_t518400_5M_25d_16h_28m_10s_tootallnate.java-websocket-fa3909c=org.java_websocket.protocols.ProtoclHandshakeRejectionTest.testHandshakeRejectionTestCase17_output_1590442093,1590442929,1590442437,492
251-nods-found-batch-output,JON_188_idf_sha_nods_p1_r100_t518400_5M_25d_16h_28m_10s_tootallnate.java-websocket-fa3909c=org.java_websocket.protocols.ProtoclHandshakeRejectionTest.testHandshakeRejectionTestCase2_output_1590442093,1590442912,1590442437,475
251-nods-found-batch-output,JON_188_idf_sha_nods_p1_r100_t518400_5M_25d_16h_28m_10s_tootallnate.java-websocket-fa3909c=org.java_websocket.protocols.ProtoclHandshakeRejectionTest.testHandshakeRejectionTestCase3_output_1590442093,1590442973,1590442437,536
251-nods-found-batch-output,JON_188_idf_sha_nods_p1_r100_t518400_5M_25d_16h_28m_10s_tootallnate.java-websocket-fa3909c=org.java_websocket.protocols.ProtoclHandshakeRejectionTest.testHandshakeRejectionTestCase4_output_1590442093,1590442897,1590442437,460
251-nods-found-batch-output,JON_188_idf_sha_nods_p1_r100_t518400_5M_25d_16h_28m_10s_tootallnate.java-websocket-fa3909c=org.java_websocket.protocols.ProtoclHandshakeRejectionTest.testHandshakeRejectionTestCase6_output_1590442093,1590442920,1590442437,483
251-nods-found-batch-output,JON_188_idf_sha_nods_p1_r100_t518400_5M_25d_16h_28m_10s_tootallnate.java-websocket-fa3909c=org.java_websocket.protocols.ProtoclHandshakeRejectionTest.testHandshakeRejectionTestCase8_output_1590442093,1590442912,1590442440,472
251-nods-found-batch-output,JON_188_idf_sha_nods_p1_r100_t518400_5M_25d_16h_28m_10s_tootallnate.java-websocket-fa3909c=org.java_websocket.protocols.ProtoclHandshakeRejectionTest.testHandshakeRejectionTestCase9_output_1590442093,1590442892,1590442440,452
251-nods-found-batch-output,JON_188_idf_sha_nods_p1_r100_t518400_5M_25d_16h_28m_10s_undertow-io.undertow-d0efffa=io.undertow.websockets.jsr.test.JsrWebSocketServer07Test.testErrorHandling_output_1590442093,1590443326,1590442440,886
251-nods-found-batch-output,JON_188_idf_sha_nods_p1_r100_t518400_5M_25d_16h_28m_10s_undertow-io.undertow-d0efffa=io.undertow.websockets.jsr.test.JsrWebSocketServer08Test.testErrorHandling_output_1590442093,1590443387,1590442443,944
251-nods-found-batch-output,JON_188_idf_sha_nods_p1_r100_t518400_5M_25d_16h_28m_10s_undertow-io.undertow-d0efffa=io.undertow.websockets.jsr.test.JsrWebSocketServer13Test.testErrorHandling_output_1590442093,1590443390,1590442440,950
251-nods-found-batch-output,JON_188_idf_sha_nods_p1_r100_t518400_5M_25d_16h_28m_10s_undertow-io.undertow-d0efffa=io.undertow.websockets.jsr.test.reconnect.ClientEndpointReconnectTestCase.testAnnotatedClientEndpoint_output_1590442093,1590443340,1590442443,897
251-nods-found-batch-output,JON_188_idf_sha_nods_p1_r100_t518400_5M_25d_16h_28m_10s_vert-x3.vertx-mqtt-c8213e0=io.vertx.mqtt.test.server.MqttServerClientIdentifierTest.testValidClientIdentifier_output_1590442093,1590442472,1590442446,26
251-nods-found-batch-output,JON_188_idf_sha_nods_p1_r100_t518400_5M_25d_16h_28m_10s_vert-x3.vertx-mqtt-c8213e0=io.vertx.mqtt.test.server.MqttServerClientPublishTest.publishQos0_output_1590442093,1590442471,1590442443,28
251-nods-found-batch-output,JON_188_idf_sha_nods_p1_r100_t518400_5M_25d_16h_28m_10s_vert-x3.vertx-mqtt-c8213e0=io.vertx.mqtt.test.server.MqttServerConnectionTest.accepted_output_1590442093,1590442474,1590442449,25
251-nods-found-batch-output,JON_188_idf_sha_nods_p1_r100_t518400_5M_25d_16h_28m_10s_vert-x3.vertx-mqtt-c8213e0=io.vertx.mqtt.test.server.MqttServerConnectionTest.connectionAlreadyAccepted_output_1590442093,1590442474,1590442446,28
251-nods-found-batch-output,JON_188_idf_sha_nods_p1_r100_t518400_5M_25d_16h_28m_10s_vert-x3.vertx-mqtt-c8213e0=io.vertx.mqtt.test.server.MqttServerConnectionTest.noConnectSent_output_1590442093,1590442472,1590442446,26
251-nods-found-batch-output,JON_188_idf_sha_nods_p1_r100_t518400_5M_25d_16h_28m_10s_vert-x3.vertx-mqtt-c8213e0=io.vertx.mqtt.test.server.MqttServerUnsubscribeTest.unsubscribe_output_1590442093,1590442472,1590442446,26
251-nods-found-batch-output,JON_188_idf_sha_nods_p1_r100_t518400_5M_25d_16h_28m_10s_vert-x3.vertx-rabbitmq-client-7305bcd=io.vertx.rabbitmq.RabbitMQClientReconnectTest.testReconnect_output_1590442093,1590443191,1590442446,745
251-nods-found-batch-output,JON_188_idf_sha_nods_p1_r100_t518400_5M_25d_16h_28m_10s_vert-x3.vertx-rabbitmq-client-7305bcd=io.vertx.rabbitmq.RabbitMQConsumptionStreamingTest.keepMostRecentOptionShouldWorks_output_1590442093,1590443107,1590442446,661
251-nods-found-batch-output,JON_188_idf_sha_nods_p1_r100_t518400_5M_25d_16h_28m_10s_vert-x3.vertx-rabbitmq-client-7305bcd=io.vertx.rabbitmq.RabbitMQConsumptionStreamingTest.pauseAndResumeShouldWork_output_1590442093,1590443109,1590442476,633
251-nods-found-batch-output,JON_188_idf_sha_nods_p1_r100_t518400_5M_25d_16h_28m_10s_vert-x3.vertx-rabbitmq-client-7305bcd=io.vertx.rabbitmq.RabbitMQServiceTest.testBasicCancel_output_1590442093,1590443175,1590442446,729
251-nods-found-batch-output,JON_188_idf_sha_nods_p1_r100_t518400_5M_25d_16h_28m_10s_vert-x3.vertx-rabbitmq-client-7305bcd=io.vertx.rabbitmq.RabbitMQServiceTest.testBasicConsume_output_1590442093,1590443143,1590442446,697
251-nods-found-batch-output,JON_188_idf_sha_nods_p1_r100_t518400_5M_25d_16h_28m_10s_vert-x3.vertx-rabbitmq-client-7305bcd=io.vertx.rabbitmq.RabbitMQServiceTest.testGetMessageCount_output_1590442093,1590443119,1590442464,655
251-nods-found-batch-output,JON_188_idf_sha_nods_p1_r100_t518400_5M_25d_16h_28m_10s_vert-x3.vertx-rabbitmq-client-7305bcd=io.vertx.rabbitmq.RabbitMQServiceTest.testMessageOrderingWhenConsumingNewApi_output_1590442093,1590443093,1590442446,647
251-nods-found-batch-output,JON_188_idf_sha_nods_p1_r100_t518400_5M_25d_16h_28m_10s_visallo.vertexium-f1fd59e=org.vertexium.accumulo.AccumuloGraphTest.testFindPathsMultiplePaths_output_1590442093,1590442519,1590442476,43
251-nods-found-batch-output,JON_188_idf_sha_nods_p1_r100_t518400_5M_25d_16h_28m_10s_visallo.vertexium-f1fd59e=org.vertexium.accumulo.AccumuloGraphTest.testFindRelatedEdgesPerformance_output_1590442093,1590442490,1590442446,44
251-nods-found-batch-output,JON_188_idf_sha_nods_p1_r100_t518400_5M_25d_16h_28m_10s_visallo.vertexium-f1fd59e=org.vertexium.inmemory.InMemoryGraphTest.manyVisibilities_output_1590442093,1590442478,1590442446,32
251-nods-found-batch-output,JON_188_idf_sha_nods_p1_r100_t518400_5M_25d_16h_28m_10s_visallo.vertexium-f1fd59e=org.vertexium.inmemory.InMemoryGraphTest.testMarkPropertyVisible_output_1590442093,1590442479,1590442446,33
251-nods-found-batch-output,JON_188_idf_sha_nods_p1_r100_t518400_5M_25d_16h_28m_10s_visallo.vertexium-f1fd59e=org.vertexium.util.IncreasingTimeTest.currentTimeMillisReturnsTimeGreaterThanSystemTime_output_1590442093,1590442481,1590442452,29
251-nods-found-batch-output,JON_188_idf_sha_nods_p1_r100_t518400_5M_25d_16h_28m_10s_vmware.admiral-e4b0293=com.vmware.admiral.adapter.registry.service.RegistryAdapterServiceProxyTest.testInitWithProxyWithList_output_1590442093,1590443194,1590442449,745
251-nods-found-batch-output,JON_188_idf_sha_nods_p1_r100_t518400_5M_25d_16h_28m_10s_vmware.admiral-e4b0293=com.vmware.admiral.adapter.registry.service.RegistryAdapterServiceTest.testDockerHubListImageTags_output_1590442093,1590443322,1590442452,870
251-nods-found-batch-output,JON_188_idf_sha_nods_p1_r100_t518400_5M_25d_16h_28m_10s_vmware.admiral-e4b0293=com.vmware.admiral.adapter.registry.service.RegistryAdapterServiceTest.testSameRegistryAsGlobalAndProject_output_1590442093,1590443280,1590442449,831
251-nods-found-batch-output,JON_188_idf_sha_nods_p1_r100_t518400_5M_25d_16h_28m_10s_vmware.admiral-e4b0293=com.vmware.admiral.adapter.registry.service.RegistryAdapterServiceTest.testSameRegistryTwoDifferentProjectsNotRemoveOldTenantLinkShouldFail_output_1590442093,1590443346,1590442476,870
251-nods-found-batch-output,JON_188_idf_sha_nods_p1_r100_t518400_5M_25d_16h_28m_10s_vmware.admiral-e4b0293=com.vmware.admiral.adapter.registry.service.RegistryAdapterServiceTest.testV1Ping_output_1590442093,1590443367,1590442452,915
251-nods-found-batch-output,JON_188_idf_sha_nods_p1_r100_t518400_5M_25d_16h_28m_10s_wro4j.wro4j-185ab60=ro.isdc.wro.extensions.processor.TestBourbonCssProcessor.shouldBeThreadSafe_output_1590442093,1590443741,1590442452,1289
251-nods-found-batch-output,JON_188_idf_sha_nods_p1_r100_t518400_5M_25d_16h_28m_10s_wro4j.wro4j-185ab60=ro.isdc.wro.extensions.processor.TestRubySassCssProcessor.shouldBeThreadSafeWhenInitializingProcessor_output_1590442093,1590443757,1590442457,1300
251-nods-found-batch-output,JON_188_idf_sha_nods_p1_r100_t518400_5M_25d_16h_28m_10s_zalando.riptide-8277e11=org.zalando.riptide.backup.BackupRequestPluginTest.shouldUseBackupRequest_output_1590442093,1590443530,1590442449,1081
251-nods-found-batch-output,JON_188_idf_sha_nods_p1_r100_t518400_5M_25d_16h_28m_10s_zalando.riptide-8277e11=org.zalando.riptide.failsafe.RetryAfterDelayFunctionTest.shouldRetryOnDemandWithDynamicDelay_output_1590442093,1590443520,1590442476,1044
251-nods-found-batch-output,JON_188_idf_sha_nods_p1_r100_t518400_5M_25d_16h_31m_9s_square.retrofit-ae28c3d=retrofit2.adapter.rxjava.CompletableThrowingSafeSubscriberTest.throwingInOnCompleteDeliveredToPlugin_output_1590442273,1590442896,1590442547,349
251-nods-found-batch-output,JON_188_idf_sha_nods_p1_r100_t518400_5M_25d_16h_31m_9s_square.retrofit-ae28c3d=retrofit2.CallTest.cancelOkHttpRequest_output_1590442273,1590443191,1590442554,637
251-nods-found-batch-output,JON_188_idf_sha_nods_p1_r100_t518400_5M_25d_16h_31m_9s_square.retrofit-ae28c3d=retrofit2.CallTest.cancelRequest_output_1590442273,1590443063,1590442547,516
251-nods-found-batch-output,JON_188_idf_sha_nods_p1_r100_t518400_5M_25d_16h_34m_9s_square.retrofit-ae28c3d=retrofit2.CallTest.cancelOkHttpRequest_output_1590442453,1590443434,1590442743,691
251-nods-found-batch-output,JON_188_idf_sha_nods_p1_r100_t518400_5M_25d_16h_31m_9s_tootallnate.java-websocket-fa3909c=org.java_websocket.issues.Issue256Test.runReconnectBlockingScenario1_output_1590442273,1590442990,1590442559,431
251-nods-found-batch-output,JON_188_idf_sha_nods_p1_r100_t518400_5M_25d_16h_31m_9s_tootallnate.java-websocket-fa3909c=org.java_websocket.issues.Issue256Test.runReconnectBlockingScenario2_output_1590442273,1590442972,1590442557,415
251-nods-found-batch-output,JON_188_idf_sha_nods_p1_r100_t518400_5M_25d_16h_31m_9s_tootallnate.java-websocket-fa3909c=org.java_websocket.issues.Issue256Test.runReconnectBlockingScenario3_output_1590442273,1590443002,1590442559,443
251-nods-found-batch-output,JON_188_idf_sha_nods_p1_r100_t518400_5M_25d_16h_31m_9s_tootallnate.java-websocket-fa3909c=org.java_websocket.issues.Issue256Test.runReconnectBlockingScenario4_output_1590442273,1590442991,1590442559,432
251-nods-found-batch-output,JON_188_idf_sha_nods_p1_r100_t518400_5M_25d_16h_31m_9s_tootallnate.java-websocket-fa3909c=org.java_websocket.issues.Issue256Test.runReconnectBlockingScenario5_output_1590442273,1590442990,1590442561,429
251-nods-found-batch-output,JON_188_idf_sha_nods_p1_r100_t518400_5M_25d_16h_31m_9s_tootallnate.java-websocket-fa3909c=org.java_websocket.issues.Issue256Test.runReconnectBlockingScenario6_output_1590442273,1590443009,1590442561,448
251-nods-found-batch-output,JON_188_idf_sha_nods_p1_r100_t518400_5M_25d_16h_31m_9s_tootallnate.java-websocket-fa3909c=org.java_websocket.issues.Issue256Test.runReconnectBlockingScenario7_output_1590442273,1590442968,1590442561,407
251-nods-found-batch-output,JON_188_idf_sha_nods_p1_r100_t518400_5M_25d_16h_31m_9s_tootallnate.java-websocket-fa3909c=org.java_websocket.issues.Issue256Test.runReconnectBlockingScenario8_output_1590442273,1590442998,1590442561,437
251-nods-found-batch-output,JON_188_idf_sha_nods_p1_r100_t518400_5M_25d_16h_31m_9s_tootallnate.java-websocket-fa3909c=org.java_websocket.issues.Issue256Test.runReconnectBlockingScenario9_output_1590442273,1590442988,1590442561,427
251-nods-found-batch-output,JON_188_idf_sha_nods_p1_r100_t518400_5M_25d_16h_31m_9s_tootallnate.java-websocket-fa3909c=org.java_websocket.issues.Issue256Test.runReconnectScenario0_output_1590442273,1590443048,1590442561,487
251-nods-found-batch-output,JON_188_idf_sha_nods_p1_r100_t518400_5M_25d_16h_31m_9s_tootallnate.java-websocket-fa3909c=org.java_websocket.issues.Issue256Test.runReconnectScenario1_output_1590442273,1590443067,1590442561,506
251-nods-found-batch-output,JON_188_idf_sha_nods_p1_r100_t518400_5M_25d_16h_31m_9s_tootallnate.java-websocket-fa3909c=org.java_websocket.issues.Issue256Test.runReconnectScenario2_output_1590442273,1590443084,1590442561,523
251-nods-found-batch-output,JON_188_idf_sha_nods_p1_r100_t518400_5M_25d_16h_31m_9s_tootallnate.java-websocket-fa3909c=org.java_websocket.issues.Issue256Test.runReconnectScenario3_output_1590442273,1590443042,1590442561,481
251-nods-found-batch-output,JON_188_idf_sha_nods_p1_r100_t518400_5M_25d_16h_31m_9s_tootallnate.java-websocket-fa3909c=org.java_websocket.issues.Issue256Test.runReconnectScenario4_output_1590442273,1590443071,1590442564,507
251-nods-found-batch-output,JON_188_idf_sha_nods_p1_r100_t518400_5M_25d_16h_31m_9s_tootallnate.java-websocket-fa3909c=org.java_websocket.issues.Issue256Test.runReconnectScenario5_output_1590442273,1590443105,1590442564,541
251-nods-found-batch-output,JON_188_idf_sha_nods_p1_r100_t518400_5M_25d_16h_31m_9s_tootallnate.java-websocket-fa3909c=org.java_websocket.issues.Issue256Test.runReconnectScenario6_output_1590442273,1590443069,1590442566,503
251-nods-found-batch-output,JON_188_idf_sha_nods_p1_r100_t518400_5M_25d_16h_31m_9s_tootallnate.java-websocket-fa3909c=org.java_websocket.issues.Issue256Test.runReconnectScenario7_output_1590442273,1590443107,1590442568,539
251-nods-found-batch-output,JON_188_idf_sha_nods_p1_r100_t518400_5M_25d_16h_31m_9s_tootallnate.java-websocket-fa3909c=org.java_websocket.issues.Issue256Test.runReconnectScenario8_output_1590442273,1590443127,1590442568,559
251-nods-found-batch-output,JON_188_idf_sha_nods_p1_r100_t518400_5M_25d_16h_31m_9s_tootallnate.java-websocket-fa3909c=org.java_websocket.issues.Issue256Test.runReconnectScenario9_output_1590442273,1590443101,1590442568,533
251-nods-found-batch-output,JON_188_idf_sha_nods_p1_r100_t518400_5M_25d_16h_31m_9s_tootallnate.java-websocket-fa3909c=org.java_websocket.issues.Issue580Test.runNoCloseBlockingTestScenario0_output_1590442273,1590443028,1590442568,460
251-nods-found-batch-output,JON_188_idf_sha_nods_p1_r100_t518400_5M_25d_16h_31m_9s_tootallnate.java-websocket-fa3909c=org.java_websocket.issues.Issue580Test.runNoCloseBlockingTestScenario2_output_1590442273,1590443060,1590442571,489
251-nods-found-batch-output,JON_188_idf_sha_nods_p1_r100_t518400_5M_25d_16h_31m_9s_tootallnate.java-websocket-fa3909c=org.java_websocket.issues.Issue580Test.runNoCloseBlockingTestScenario3_output_1590442273,1590443019,1590442570,449
251-nods-found-batch-output,JON_188_idf_sha_nods_p1_r100_t518400_5M_25d_16h_31m_9s_tootallnate.java-websocket-fa3909c=org.java_websocket.issues.Issue580Test.runNoCloseBlockingTestScenario4_output_1590442273,1590443002,1590442576,426
251-nods-found-batch-output,JON_188_idf_sha_nods_p1_r100_t518400_5M_25d_16h_31m_9s_tootallnate.java-websocket-fa3909c=org.java_websocket.issues.Issue580Test.runNoCloseBlockingTestScenario5_output_1590442273,1590442983,1590442552,431
251-nods-found-batch-output,JON_188_idf_sha_nods_p1_r100_t518400_5M_25d_16h_31m_9s_tootallnate.java-websocket-fa3909c=org.java_websocket.issues.Issue580Test.runNoCloseBlockingTestScenario8_output_1590442273,1590442984,1590442578,406
251-nods-found-batch-output,JON_188_idf_sha_nods_p1_r100_t518400_5M_25d_16h_31m_9s_tootallnate.java-websocket-fa3909c=org.java_websocket.issues.Issue677Test.testIssue_output_1590442273,1590443015,1590442568,447
251-nods-found-batch-output,JON_188_idf_sha_nods_p1_r100_t518400_5M_25d_16h_31m_9s_tootallnate.java-websocket-fa3909c=org.java_websocket.issues.Issue713Test.testIssue_output_1590442273,1590443066,1590442572,494
251-nods-found-batch-output,JON_188_idf_sha_nods_p1_r100_t518400_5M_25d_16h_31m_9s_tootallnate.java-websocket-fa3909c=org.java_websocket.misc.OpeningHandshakeRejectionTest.testHandshakeRejectionTestCase10_output_1590442273,1590442994,1590442585,409
251-nods-found-batch-output,JON_188_idf_sha_nods_p1_r100_t518400_5M_25d_16h_31m_9s_tootallnate.java-websocket-fa3909c=org.java_websocket.misc.OpeningHandshakeRejectionTest.testHandshakeRejectionTestCase11_output_1590442273,1590443024,1590442578,446
251-nods-found-batch-output,JON_188_idf_sha_nods_p1_r100_t518400_5M_25d_16h_31m_9s_tootallnate.java-websocket-fa3909c=org.java_websocket.misc.OpeningHandshakeRejectionTest.testHandshakeRejectionTestCase1_output_1590442273,1590443041,1590442580,461
251-nods-found-batch-output,JON_188_idf_sha_nods_p1_r100_t518400_5M_25d_16h_31m_9s_tootallnate.java-websocket-fa3909c=org.java_websocket.misc.OpeningHandshakeRejectionTest.testHandshakeRejectionTestCase2_output_1590442273,1590443028,1590442576,452
251-nods-found-batch-output,JON_188_idf_sha_nods_p1_r100_t518400_5M_25d_16h_31m_9s_tootallnate.java-websocket-fa3909c=org.java_websocket.misc.OpeningHandshakeRejectionTest.testHandshakeRejectionTestCase3_output_1590442273,1590443048,1590442582,466
251-nods-found-batch-output,JON_188_idf_sha_nods_p1_r100_t518400_5M_25d_16h_31m_9s_tootallnate.java-websocket-fa3909c=org.java_websocket.misc.OpeningHandshakeRejectionTest.testHandshakeRejectionTestCase4_output_1590442273,1590442909,1590442575,334
251-nods-found-batch-output,JON_188_idf_sha_nods_p1_r100_t518400_5M_25d_16h_31m_9s_tootallnate.java-websocket-fa3909c=org.java_websocket.misc.OpeningHandshakeRejectionTest.testHandshakeRejectionTestCase5_output_1590442273,1590443018,1590442578,440
251-nods-found-batch-output,JON_188_idf_sha_nods_p1_r100_t518400_5M_25d_16h_31m_9s_tootallnate.java-websocket-fa3909c=org.java_websocket.misc.OpeningHandshakeRejectionTest.testHandshakeRejectionTestCase6_output_1590442273,1590443031,1590442578,453
251-nods-found-batch-output,JON_188_idf_sha_nods_p1_r100_t518400_5M_25d_16h_31m_9s_tootallnate.java-websocket-fa3909c=org.java_websocket.misc.OpeningHandshakeRejectionTest.testHandshakeRejectionTestCase7_output_1590442273,1590443036,1590442579,457
251-nods-found-batch-output,JON_188_idf_sha_nods_p1_r100_t518400_5M_25d_16h_31m_9s_tootallnate.java-websocket-fa3909c=org.java_websocket.misc.OpeningHandshakeRejectionTest.testHandshakeRejectionTestCase8_output_1590442273,1590443063,1590442582,481
251-nods-found-batch-output,JON_188_idf_sha_nods_p1_r100_t518400_5M_25d_16h_31m_9s_tootallnate.java-websocket-fa3909c=org.java_websocket.misc.OpeningHandshakeRejectionTest.testHandshakeRejectionTestCase9_output_1590442273,1590443036,1590442582,454
251-nods-found-batch-output,JON_188_idf_sha_nods_p1_r100_t518400_5M_25d_16h_31m_9s_tootallnate.java-websocket-fa3909c=org.java_websocket.protocols.ProtoclHandshakeRejectionTest.testHandshakeRejectionTestCase10_output_1590442273,1590442988,1590442587,401
251-nods-found-batch-output,JON_188_idf_sha_nods_p1_r100_t518400_5M_25d_16h_31m_9s_tootallnate.java-websocket-fa3909c=org.java_websocket.protocols.ProtoclHandshakeRejectionTest.testHandshakeRejectionTestCase11_output_1590442273,1590443035,1590442587,448
251-nods-found-batch-output,JON_188_idf_sha_nods_p1_r100_t518400_5M_25d_16h_31m_9s_tootallnate.java-websocket-fa3909c=org.java_websocket.protocols.ProtoclHandshakeRejectionTest.testHandshakeRejectionTestCase13_output_1590442273,1590442977,1590442587,390
251-nods-found-batch-output,JON_188_idf_sha_nods_p1_r100_t518400_5M_25d_16h_31m_9s_tootallnate.java-websocket-fa3909c=org.java_websocket.protocols.ProtoclHandshakeRejectionTest.testHandshakeRejectionTestCase14_output_1590442273,1590443071,1590442592,479
251-nods-found-batch-output,JON_188_idf_sha_nods_p1_r100_t518400_5M_25d_16h_31m_9s_tootallnate.java-websocket-fa3909c=org.java_websocket.protocols.ProtoclHandshakeRejectionTest.testHandshakeRejectionTestCase16_output_1590442273,1590443005,1590442588,417
251-nods-found-batch-output,JON_188_idf_sha_nods_p1_r100_t518400_5M_25d_16h_31m_9s_tootallnate.java-websocket-fa3909c=org.java_websocket.protocols.ProtoclHandshakeRejectionTest.testHandshakeRejectionTestCase17_output_1590442273,1590443051,1590442587,464
251-nods-found-batch-output,JON_188_idf_sha_nods_p1_r100_t518400_5M_25d_16h_31m_9s_tootallnate.java-websocket-fa3909c=org.java_websocket.protocols.ProtoclHandshakeRejectionTest.testHandshakeRejectionTestCase2_output_1590442273,1590443048,1590442589,459
251-nods-found-batch-output,JON_188_idf_sha_nods_p1_r100_t518400_5M_25d_16h_31m_9s_tootallnate.java-websocket-fa3909c=org.java_websocket.protocols.ProtoclHandshakeRejectionTest.testHandshakeRejectionTestCase3_output_1590442273,1590442986,1590442592,394
251-nods-found-batch-output,JON_188_idf_sha_nods_p1_r100_t518400_5M_25d_16h_31m_9s_tootallnate.java-websocket-fa3909c=org.java_websocket.protocols.ProtoclHandshakeRejectionTest.testHandshakeRejectionTestCase4_output_1590442273,1590443003,1590442592,411
251-nods-found-batch-output,JON_188_idf_sha_nods_p1_r100_t518400_5M_25d_16h_31m_9s_tootallnate.java-websocket-fa3909c=org.java_websocket.protocols.ProtoclHandshakeRejectionTest.testHandshakeRejectionTestCase6_output_1590442273,1590443045,1590442592,453
251-nods-found-batch-output,JON_188_idf_sha_nods_p1_r100_t518400_5M_25d_16h_31m_9s_tootallnate.java-websocket-fa3909c=org.java_websocket.protocols.ProtoclHandshakeRejectionTest.testHandshakeRejectionTestCase8_output_1590442273,1590443058,1590442591,467
251-nods-found-batch-output,JON_188_idf_sha_nods_p1_r100_t518400_5M_25d_16h_31m_9s_tootallnate.java-websocket-fa3909c=org.java_websocket.protocols.ProtoclHandshakeRejectionTest.testHandshakeRejectionTestCase9_output_1590442273,1590442987,1590442594,393
251-nods-found-batch-output,JON_188_idf_sha_nods_p1_r100_t518400_5M_25d_16h_31m_9s_undertow-io.undertow-d0efffa=io.undertow.websockets.jsr.test.JsrWebSocketServer07Test.testErrorHandling_output_1590442273,1590443386,1590442595,791
251-nods-found-batch-output,JON_188_idf_sha_nods_p1_r100_t518400_5M_25d_16h_31m_9s_undertow-io.undertow-d0efffa=io.undertow.websockets.jsr.test.JsrWebSocketServer08Test.testErrorHandling_output_1590442273,1590443532,1590442596,936
251-nods-found-batch-output,JON_188_idf_sha_nods_p1_r100_t518400_5M_25d_16h_31m_9s_undertow-io.undertow-d0efffa=io.undertow.websockets.jsr.test.JsrWebSocketServer13Test.testErrorHandling_output_1590442273,1590443473,1590442605,868
251-nods-found-batch-output,JON_188_idf_sha_nods_p1_r100_t518400_5M_25d_16h_31m_9s_undertow-io.undertow-d0efffa=io.undertow.websockets.jsr.test.reconnect.ClientEndpointReconnectTestCase.testAnnotatedClientEndpoint_output_1590442273,1590443458,1590442601,857
251-nods-found-batch-output,JON_188_idf_sha_nods_p1_r100_t518400_5M_25d_16h_31m_9s_vert-x3.vertx-mqtt-c8213e0=io.vertx.mqtt.test.server.MqttServerClientIdentifierTest.testValidClientIdentifier_output_1590442273,1590442627,1590442596,31
251-nods-found-batch-output,JON_188_idf_sha_nods_p1_r100_t518400_5M_25d_16h_31m_9s_vert-x3.vertx-mqtt-c8213e0=io.vertx.mqtt.test.server.MqttServerClientPublishTest.publishQos0_output_1590442273,1590442630,1590442601,29
251-nods-found-batch-output,JON_188_idf_sha_nods_p1_r100_t518400_5M_25d_16h_31m_9s_vert-x3.vertx-mqtt-c8213e0=io.vertx.mqtt.test.server.MqttServerConnectionTest.accepted_output_1590442273,1590442628,1590442598,30
251-nods-found-batch-output,JON_188_idf_sha_nods_p1_r100_t518400_5M_25d_16h_31m_9s_vert-x3.vertx-mqtt-c8213e0=io.vertx.mqtt.test.server.MqttServerConnectionTest.connectionAlreadyAccepted_output_1590442273,1590442631,1590442611,20
251-nods-found-batch-output,JON_188_idf_sha_nods_p1_r100_t518400_5M_25d_16h_31m_9s_visallo.vertexium-f1fd59e=org.vertexium.inmemory.InMemoryGraphTest.manyVisibilities_output_1590442273,1590442657,1590442627,30
251-nods-found-batch-output,JON_188_idf_sha_nods_p1_r100_t518400_5M_25d_16h_31m_9s_vert-x3.vertx-mqtt-c8213e0=io.vertx.mqtt.test.server.MqttServerConnectionTest.noConnectSent_output_1590442273,1590442631,1590442605,26
251-nods-found-batch-output,JON_188_idf_sha_nods_p1_r100_t518400_5M_25d_16h_31m_9s_vert-x3.vertx-mqtt-c8213e0=io.vertx.mqtt.test.server.MqttServerUnsubscribeTest.unsubscribe_output_1590442273,1590442647,1590442620,27
251-nods-found-batch-output,JON_188_idf_sha_nods_p1_r100_t518400_5M_25d_16h_31m_9s_vert-x3.vertx-rabbitmq-client-7305bcd=io.vertx.rabbitmq.RabbitMQClientReconnectTest.testReconnect_output_1590442273,1590443273,1590442613,660
251-nods-found-batch-output,JON_188_idf_sha_nods_p1_r100_t518400_5M_25d_16h_31m_9s_vert-x3.vertx-rabbitmq-client-7305bcd=io.vertx.rabbitmq.RabbitMQConsumptionStreamingTest.keepMostRecentOptionShouldWorks_output_1590442273,1590443327,1590442611,716
251-nods-found-batch-output,JON_188_idf_sha_nods_p1_r100_t518400_5M_25d_16h_31m_9s_vert-x3.vertx-rabbitmq-client-7305bcd=io.vertx.rabbitmq.RabbitMQConsumptionStreamingTest.pauseAndResumeShouldWork_output_1590442273,1590443250,1590442611,639
251-nods-found-batch-output,JON_188_idf_sha_nods_p1_r100_t518400_5M_25d_16h_31m_9s_vert-x3.vertx-rabbitmq-client-7305bcd=io.vertx.rabbitmq.RabbitMQServiceTest.testBasicCancel_output_1590442273,1590443281,1590442618,663
251-nods-found-batch-output,JON_188_idf_sha_nods_p1_r100_t518400_5M_25d_16h_31m_9s_vert-x3.vertx-rabbitmq-client-7305bcd=io.vertx.rabbitmq.RabbitMQServiceTest.testBasicConsume_output_1590442273,1590443270,1590442622,648
251-nods-found-batch-output,JON_188_idf_sha_nods_p1_r100_t518400_5M_25d_16h_31m_9s_vert-x3.vertx-rabbitmq-client-7305bcd=io.vertx.rabbitmq.RabbitMQServiceTest.testGetMessageCount_output_1590442273,1590443287,1590442625,662
251-nods-found-batch-output,JON_188_idf_sha_nods_p1_r100_t518400_5M_25d_16h_31m_9s_vert-x3.vertx-rabbitmq-client-7305bcd=io.vertx.rabbitmq.RabbitMQServiceTest.testMessageOrderingWhenConsumingNewApi_output_1590442273,1590443282,1590442627,655
251-nods-found-batch-output,JON_188_idf_sha_nods_p1_r100_t518400_5M_25d_16h_31m_9s_visallo.vertexium-f1fd59e=org.vertexium.accumulo.AccumuloGraphTest.testFindPathsMultiplePaths_output_1590442273,1590442670,1590442627,43
251-nods-found-batch-output,JON_188_idf_sha_nods_p1_r100_t518400_5M_25d_16h_31m_9s_visallo.vertexium-f1fd59e=org.vertexium.accumulo.AccumuloGraphTest.testFindRelatedEdgesPerformance_output_1590442273,1590442672,1590442629,43
251-nods-found-batch-output,JON_188_idf_sha_nods_p1_r100_t518400_5M_25d_16h_31m_9s_visallo.vertexium-f1fd59e=org.vertexium.inmemory.InMemoryGraphTest.testMarkPropertyVisible_output_1590442273,1590442659,1590442627,32
251-nods-found-batch-output,JON_188_idf_sha_nods_p1_r100_t518400_5M_25d_16h_31m_9s_visallo.vertexium-f1fd59e=org.vertexium.util.IncreasingTimeTest.currentTimeMillisReturnsTimeGreaterThanSystemTime_output_1590442273,1590442657,1590442627,30
251-nods-found-batch-output,JON_188_idf_sha_nods_p1_r100_t518400_5M_25d_16h_31m_9s_vmware.admiral-e4b0293=com.vmware.admiral.adapter.registry.service.RegistryAdapterServiceProxyTest.testInitWithProxyWithList_output_1590442273,1590443387,1590442629,758
251-nods-found-batch-output,JON_188_idf_sha_nods_p1_r100_t518400_5M_25d_16h_31m_9s_vmware.admiral-e4b0293=com.vmware.admiral.adapter.registry.service.RegistryAdapterServiceTest.testDockerHubListImageTags_output_1590442273,1590443411,1590442634,777
251-nods-found-batch-output,JON_188_idf_sha_nods_p1_r100_t518400_5M_25d_16h_31m_9s_vmware.admiral-e4b0293=com.vmware.admiral.adapter.registry.service.RegistryAdapterServiceTest.testSameRegistryAsGlobalAndProject_output_1590442273,1590443454,1590442629,825
251-nods-found-batch-output,JON_188_idf_sha_nods_p1_r100_t518400_5M_25d_16h_31m_9s_vmware.admiral-e4b0293=com.vmware.admiral.adapter.registry.service.RegistryAdapterServiceTest.testSameRegistryTwoDifferentProjectsNotRemoveOldTenantLinkShouldFail_output_1590442273,1590443448,1590442629,819
251-nods-found-batch-output,JON_188_idf_sha_nods_p1_r100_t518400_5M_25d_16h_31m_9s_vmware.admiral-e4b0293=com.vmware.admiral.adapter.registry.service.RegistryAdapterServiceTest.testV1Ping_output_1590442273,1590443562,1590442629,933
251-nods-found-batch-output,JON_188_idf_sha_nods_p1_r100_t518400_5M_25d_16h_31m_9s_zalando.riptide-8277e11=org.zalando.riptide.backup.BackupRequestPluginTest.shouldUseBackupRequest_output_1590442273,1590443767,1590442631,1136
251-nods-found-batch-output,JON_188_idf_sha_nods_p1_r100_t518400_5M_25d_16h_31m_9s_zalando.riptide-8277e11=org.zalando.riptide.failsafe.RetryAfterDelayFunctionTest.shouldRetryOnDemandWithDynamicDelay_output_1590442273,1590443562,1590442634,928
251-nods-found-batch-output,JON_188_idf_sha_nods_p1_r100_t518400_5M_25d_16h_34m_9s_square.retrofit-ae28c3d=retrofit2.adapter.rxjava.CompletableThrowingSafeSubscriberTest.throwingInOnCompleteDeliveredToPlugin_output_1590442453,1590443067,1590442692,375
251-nods-found-batch-output,JON_188_idf_sha_nods_p1_r100_t518400_5M_25d_16h_34m_9s_square.retrofit-ae28c3d=retrofit2.CallTest.cancelRequest_output_1590442453,1590443415,1590442745,670
251-nods-found-batch-output,JON_188_idf_sha_nods_p1_r100_t518400_5M_25d_16h_34m_9s_tootallnate.java-websocket-fa3909c=org.java_websocket.issues.Issue256Test.runReconnectBlockingScenario1_output_1590442453,1590443205,1590442745,460
251-nods-found-batch-output,JON_188_idf_sha_nods_p1_r100_t518400_5M_25d_16h_34m_9s_tootallnate.java-websocket-fa3909c=org.java_websocket.issues.Issue256Test.runReconnectBlockingScenario2_output_1590442453,1590443188,1590442745,443
251-nods-found-batch-output,JON_188_idf_sha_nods_p1_r100_t518400_5M_25d_16h_34m_9s_tootallnate.java-websocket-fa3909c=org.java_websocket.issues.Issue256Test.runReconnectBlockingScenario3_output_1590442453,1590443195,1590442748,447
251-nods-found-batch-output,JON_188_idf_sha_nods_p1_r100_t518400_5M_25d_16h_34m_9s_tootallnate.java-websocket-fa3909c=org.java_websocket.issues.Issue256Test.runReconnectBlockingScenario4_output_1590442453,1590443197,1590442748,449
251-nods-found-batch-output,JON_188_idf_sha_nods_p1_r100_t518400_5M_25d_16h_34m_9s_tootallnate.java-websocket-fa3909c=org.java_websocket.issues.Issue256Test.runReconnectBlockingScenario5_output_1590442453,1590443197,1590442745,452
251-nods-found-batch-output,JON_188_idf_sha_nods_p1_r100_t518400_5M_25d_16h_34m_9s_tootallnate.java-websocket-fa3909c=org.java_websocket.issues.Issue256Test.runReconnectBlockingScenario6_output_1590442453,1590443180,1590442748,432
251-nods-found-batch-output,JON_188_idf_sha_nods_p1_r100_t518400_5M_25d_16h_34m_9s_tootallnate.java-websocket-fa3909c=org.java_websocket.issues.Issue256Test.runReconnectBlockingScenario7_output_1590442453,1590443206,1590442750,456
251-nods-found-batch-output,JON_188_idf_sha_nods_p1_r100_t518400_5M_25d_16h_34m_9s_tootallnate.java-websocket-fa3909c=org.java_websocket.issues.Issue256Test.runReconnectBlockingScenario8_output_1590442453,1590443186,1590442754,432
251-nods-found-batch-output,JON_188_idf_sha_nods_p1_r100_t518400_5M_25d_16h_34m_9s_tootallnate.java-websocket-fa3909c=org.java_websocket.issues.Issue256Test.runReconnectBlockingScenario9_output_1590442453,1590443183,1590442759,424
251-nods-found-batch-output,JON_188_idf_sha_nods_p1_r100_t518400_5M_25d_16h_34m_9s_tootallnate.java-websocket-fa3909c=org.java_websocket.issues.Issue256Test.runReconnectScenario0_output_1590442453,1590443307,1590442757,550
251-nods-found-batch-output,JON_188_idf_sha_nods_p1_r100_t518400_5M_25d_16h_34m_9s_tootallnate.java-websocket-fa3909c=org.java_websocket.issues.Issue256Test.runReconnectScenario1_output_1590442453,1590443245,1590442754,491
251-nods-found-batch-output,JON_188_idf_sha_nods_p1_r100_t518400_5M_25d_16h_34m_9s_tootallnate.java-websocket-fa3909c=org.java_websocket.issues.Issue256Test.runReconnectScenario2_output_1590442453,1590443284,1590442759,525
251-nods-found-batch-output,JON_188_idf_sha_nods_p1_r100_t518400_5M_25d_16h_34m_9s_tootallnate.java-websocket-fa3909c=org.java_websocket.issues.Issue256Test.runReconnectScenario3_output_1590442453,1590443334,1590442763,571
251-nods-found-batch-output,JON_188_idf_sha_nods_p1_r100_t518400_5M_25d_16h_34m_9s_tootallnate.java-websocket-fa3909c=org.java_websocket.issues.Issue256Test.runReconnectScenario4_output_1590442453,1590443272,1590442759,513
251-nods-found-batch-output,JON_188_idf_sha_nods_p1_r100_t518400_5M_25d_16h_34m_9s_tootallnate.java-websocket-fa3909c=org.java_websocket.issues.Issue256Test.runReconnectScenario5_output_1590442453,1590443300,1590442763,537
251-nods-found-batch-output,JON_188_idf_sha_nods_p1_r100_t518400_5M_25d_16h_34m_9s_tootallnate.java-websocket-fa3909c=org.java_websocket.issues.Issue256Test.runReconnectScenario6_output_1590442453,1590443313,1590442763,550
251-nods-found-batch-output,JON_188_idf_sha_nods_p1_r100_t518400_5M_25d_16h_34m_9s_tootallnate.java-websocket-fa3909c=org.java_websocket.issues.Issue256Test.runReconnectScenario7_output_1590442453,1590443267,1590442763,504
251-nods-found-batch-output,JON_188_idf_sha_nods_p1_r100_t518400_5M_25d_16h_34m_9s_tootallnate.java-websocket-fa3909c=org.java_websocket.issues.Issue256Test.runReconnectScenario8_output_1590442453,1590443327,1590442763,564
251-nods-found-batch-output,JON_188_idf_sha_nods_p1_r100_t518400_5M_25d_16h_34m_9s_tootallnate.java-websocket-fa3909c=org.java_websocket.issues.Issue256Test.runReconnectScenario9_output_1590442453,1590443307,1590442766,541
251-nods-found-batch-output,JON_188_idf_sha_nods_p1_r100_t518400_5M_25d_16h_34m_9s_tootallnate.java-websocket-fa3909c=org.java_websocket.issues.Issue580Test.runNoCloseBlockingTestScenario0_output_1590442453,1590443265,1590442766,499
251-nods-found-batch-output,JON_188_idf_sha_nods_p1_r100_t518400_5M_25d_16h_34m_9s_tootallnate.java-websocket-fa3909c=org.java_websocket.issues.Issue580Test.runNoCloseBlockingTestScenario2_output_1590442453,1590443230,1590442763,467
251-nods-found-batch-output,JON_188_idf_sha_nods_p1_r100_t518400_5M_25d_16h_34m_9s_tootallnate.java-websocket-fa3909c=org.java_websocket.issues.Issue580Test.runNoCloseBlockingTestScenario3_output_1590442453,1590443170,1590442697,473
251-nods-found-batch-output,JON_188_idf_sha_nods_p1_r100_t518400_5M_25d_16h_34m_9s_tootallnate.java-websocket-fa3909c=org.java_websocket.issues.Issue580Test.runNoCloseBlockingTestScenario4_output_1590442453,1590443231,1590442769,462
251-nods-found-batch-output,JON_188_idf_sha_nods_p1_r100_t518400_5M_25d_16h_34m_9s_tootallnate.java-websocket-fa3909c=org.java_websocket.issues.Issue580Test.runNoCloseBlockingTestScenario5_output_1590442453,1590443235,1590442771,464
251-nods-found-batch-output,JON_188_idf_sha_nods_p1_r100_t518400_5M_25d_16h_34m_9s_tootallnate.java-websocket-fa3909c=org.java_websocket.issues.Issue580Test.runNoCloseBlockingTestScenario8_output_1590442453,1590443245,1590442765,480
251-nods-found-batch-output,JON_188_idf_sha_nods_p1_r100_t518400_5M_25d_16h_34m_9s_tootallnate.java-websocket-fa3909c=org.java_websocket.issues.Issue677Test.testIssue_output_1590442453,1590443217,1590442769,448
251-nods-found-batch-output,JON_188_idf_sha_nods_p1_r100_t518400_5M_25d_16h_34m_9s_tootallnate.java-websocket-fa3909c=org.java_websocket.issues.Issue713Test.testIssue_output_1590442453,1590443287,1590442766,521
251-nods-found-batch-output,JON_188_idf_sha_nods_p1_r100_t518400_5M_25d_16h_34m_9s_tootallnate.java-websocket-fa3909c=org.java_websocket.misc.OpeningHandshakeRejectionTest.testHandshakeRejectionTestCase10_output_1590442453,1590443224,1590442769,455
251-nods-found-batch-output,JON_188_idf_sha_nods_p1_r100_t518400_5M_25d_16h_34m_9s_tootallnate.java-websocket-fa3909c=org.java_websocket.misc.OpeningHandshakeRejectionTest.testHandshakeRejectionTestCase11_output_1590442453,1590443234,1590442791,443
251-nods-found-batch-output,JON_188_idf_sha_nods_p1_r100_t518400_5M_25d_16h_34m_9s_tootallnate.java-websocket-fa3909c=org.java_websocket.misc.OpeningHandshakeRejectionTest.testHandshakeRejectionTestCase1_output_1590442453,1590443221,1590442766,455
251-nods-found-batch-output,JON_188_idf_sha_nods_p1_r100_t518400_5M_25d_16h_34m_9s_tootallnate.java-websocket-fa3909c=org.java_websocket.misc.OpeningHandshakeRejectionTest.testHandshakeRejectionTestCase2_output_1590442453,1590443248,1590442789,459
251-nods-found-batch-output,JON_188_idf_sha_nods_p1_r100_t518400_5M_25d_16h_34m_9s_tootallnate.java-websocket-fa3909c=org.java_websocket.misc.OpeningHandshakeRejectionTest.testHandshakeRejectionTestCase3_output_1590442453,1590443201,1590442787,414
251-nods-found-batch-output,JON_188_idf_sha_nods_p1_r100_t518400_5M_25d_16h_34m_9s_tootallnate.java-websocket-fa3909c=org.java_websocket.misc.OpeningHandshakeRejectionTest.testHandshakeRejectionTestCase4_output_1590442453,1590443246,1590442792,454
251-nods-found-batch-output,JON_188_idf_sha_nods_p1_r100_t518400_5M_25d_16h_34m_9s_tootallnate.java-websocket-fa3909c=org.java_websocket.misc.OpeningHandshakeRejectionTest.testHandshakeRejectionTestCase5_output_1590442453,1590443251,1590442791,460
251-nods-found-batch-output,JON_188_idf_sha_nods_p1_r100_t518400_5M_25d_16h_34m_9s_tootallnate.java-websocket-fa3909c=org.java_websocket.misc.OpeningHandshakeRejectionTest.testHandshakeRejectionTestCase6_output_1590442453,1590443237,1590442784,453
251-nods-found-batch-output,JON_188_idf_sha_nods_p1_r100_t518400_5M_25d_16h_34m_9s_tootallnate.java-websocket-fa3909c=org.java_websocket.misc.OpeningHandshakeRejectionTest.testHandshakeRejectionTestCase7_output_1590442453,1590443277,1590442798,479
251-nods-found-batch-output,JON_188_idf_sha_nods_p1_r100_t518400_5M_25d_16h_34m_9s_tootallnate.java-websocket-fa3909c=org.java_websocket.misc.OpeningHandshakeRejectionTest.testHandshakeRejectionTestCase8_output_1590442453,1590443244,1590442798,446
251-nods-found-batch-output,JON_188_idf_sha_nods_p1_r100_t518400_5M_25d_16h_34m_9s_tootallnate.java-websocket-fa3909c=org.java_websocket.misc.OpeningHandshakeRejectionTest.testHandshakeRejectionTestCase9_output_1590442453,1590443222,1590442775,447
251-nods-found-batch-output,JON_188_idf_sha_nods_p1_r100_t518400_5M_25d_16h_34m_9s_tootallnate.java-websocket-fa3909c=org.java_websocket.protocols.ProtoclHandshakeRejectionTest.testHandshakeRejectionTestCase10_output_1590442453,1590443263,1590442798,465
251-nods-found-batch-output,JON_188_idf_sha_nods_p1_r100_t518400_5M_25d_16h_34m_9s_tootallnate.java-websocket-fa3909c=org.java_websocket.protocols.ProtoclHandshakeRejectionTest.testHandshakeRejectionTestCase11_output_1590442453,1590443254,1590442791,463
251-nods-found-batch-output,JON_188_idf_sha_nods_p1_r100_t518400_5M_25d_16h_34m_9s_tootallnate.java-websocket-fa3909c=org.java_websocket.protocols.ProtoclHandshakeRejectionTest.testHandshakeRejectionTestCase13_output_1590442453,1590443259,1590442793,466
251-nods-found-batch-output,JON_188_idf_sha_nods_p1_r100_t518400_5M_25d_16h_34m_9s_tootallnate.java-websocket-fa3909c=org.java_websocket.protocols.ProtoclHandshakeRejectionTest.testHandshakeRejectionTestCase14_output_1590442453,1590443241,1590442792,449
251-nods-found-batch-output,JON_188_idf_sha_nods_p1_r100_t518400_5M_25d_16h_34m_9s_tootallnate.java-websocket-fa3909c=org.java_websocket.protocols.ProtoclHandshakeRejectionTest.testHandshakeRejectionTestCase16_output_1590442453,1590443245,1590442791,454
251-nods-found-batch-output,JON_188_idf_sha_nods_p1_r100_t518400_5M_25d_16h_34m_9s_tootallnate.java-websocket-fa3909c=org.java_websocket.protocols.ProtoclHandshakeRejectionTest.testHandshakeRejectionTestCase17_output_1590442453,1590443260,1590442795,465
251-nods-found-batch-output,JON_188_idf_sha_nods_p1_r100_t518400_5M_25d_16h_34m_9s_tootallnate.java-websocket-fa3909c=org.java_websocket.protocols.ProtoclHandshakeRejectionTest.testHandshakeRejectionTestCase2_output_1590442453,1590443246,1590442796,450
251-nods-found-batch-output,JON_188_idf_sha_nods_p1_r100_t518400_5M_25d_16h_34m_9s_tootallnate.java-websocket-fa3909c=org.java_websocket.protocols.ProtoclHandshakeRejectionTest.testHandshakeRejectionTestCase3_output_1590442453,1590443213,1590442801,412
251-nods-found-batch-output,JON_188_idf_sha_nods_p1_r100_t518400_5M_25d_16h_34m_9s_tootallnate.java-websocket-fa3909c=org.java_websocket.protocols.ProtoclHandshakeRejectionTest.testHandshakeRejectionTestCase4_output_1590442453,1590443254,1590442798,456
251-nods-found-batch-output,JON_188_idf_sha_nods_p1_r100_t518400_5M_25d_16h_34m_9s_tootallnate.java-websocket-fa3909c=org.java_websocket.protocols.ProtoclHandshakeRejectionTest.testHandshakeRejectionTestCase6_output_1590442453,1590443306,1590442802,504
251-nods-found-batch-output,JON_188_idf_sha_nods_p1_r100_t518400_5M_25d_16h_34m_9s_tootallnate.java-websocket-fa3909c=org.java_websocket.protocols.ProtoclHandshakeRejectionTest.testHandshakeRejectionTestCase8_output_1590442453,1590443213,1590442802,411
251-nods-found-batch-output,JON_188_idf_sha_nods_p1_r100_t518400_5M_25d_16h_34m_9s_tootallnate.java-websocket-fa3909c=org.java_websocket.protocols.ProtoclHandshakeRejectionTest.testHandshakeRejectionTestCase9_output_1590442453,1590443295,1590442802,493
251-nods-found-batch-output,JON_188_idf_sha_nods_p1_r100_t518400_5M_25d_16h_34m_9s_undertow-io.undertow-d0efffa=io.undertow.websockets.jsr.test.JsrWebSocketServer07Test.testErrorHandling_output_1590442453,1590443681,1590442806,875
251-nods-found-batch-output,JON_188_idf_sha_nods_p1_r100_t518400_5M_25d_16h_34m_9s_undertow-io.undertow-d0efffa=io.undertow.websockets.jsr.test.JsrWebSocketServer08Test.testErrorHandling_output_1590442453,1590443652,1590442806,846
251-nods-found-batch-output,JON_188_idf_sha_nods_p1_r100_t518400_5M_25d_16h_34m_9s_undertow-io.undertow-d0efffa=io.undertow.websockets.jsr.test.JsrWebSocketServer13Test.testErrorHandling_output_1590442453,1590443713,1590442819,894
251-nods-found-batch-output,JON_188_idf_sha_nods_p1_r100_t518400_5M_25d_16h_34m_9s_undertow-io.undertow-d0efffa=io.undertow.websockets.jsr.test.reconnect.ClientEndpointReconnectTestCase.testAnnotatedClientEndpoint_output_1590442453,1590443704,1590442804,900
251-nods-found-batch-output,JON_188_idf_sha_nods_p1_r100_t518400_5M_25d_16h_34m_9s_vert-x3.vertx-mqtt-c8213e0=io.vertx.mqtt.test.server.MqttServerClientIdentifierTest.testValidClientIdentifier_output_1590442453,1590442822,1590442806,16
251-nods-found-batch-output,JON_188_idf_sha_nods_p1_r100_t518400_5M_25d_16h_34m_9s_vert-x3.vertx-mqtt-c8213e0=io.vertx.mqtt.test.server.MqttServerClientPublishTest.publishQos0_output_1590442453,1590442821,1590442807,14
251-nods-found-batch-output,JON_188_idf_sha_nods_p1_r100_t518400_5M_25d_16h_34m_9s_vert-x3.vertx-mqtt-c8213e0=io.vertx.mqtt.test.server.MqttServerConnectionTest.accepted_output_1590442453,1590442834,1590442812,22
251-nods-found-batch-output,JON_188_idf_sha_nods_p1_r100_t518400_5M_25d_16h_34m_9s_vert-x3.vertx-mqtt-c8213e0=io.vertx.mqtt.test.server.MqttServerConnectionTest.connectionAlreadyAccepted_output_1590442453,1590442842,1590442815,27
251-nods-found-batch-output,JON_188_idf_sha_nods_p1_r100_t518400_5M_25d_16h_34m_9s_vert-x3.vertx-mqtt-c8213e0=io.vertx.mqtt.test.server.MqttServerConnectionTest.noConnectSent_output_1590442453,1590442843,1590442816,27
251-nods-found-batch-output,JON_188_idf_sha_nods_p1_r100_t518400_5M_25d_16h_34m_9s_vert-x3.vertx-mqtt-c8213e0=io.vertx.mqtt.test.server.MqttServerUnsubscribeTest.unsubscribe_output_1590442453,1590442843,1590442819,24
251-nods-found-batch-output,JON_188_idf_sha_nods_p1_r100_t518400_5M_25d_16h_34m_9s_vert-x3.vertx-rabbitmq-client-7305bcd=io.vertx.rabbitmq.RabbitMQClientReconnectTest.testReconnect_output_1590442453,1590443507,1590442817,690
251-nods-found-batch-output,JON_188_idf_sha_nods_p1_r100_t518400_5M_25d_16h_34m_9s_vert-x3.vertx-rabbitmq-client-7305bcd=io.vertx.rabbitmq.RabbitMQConsumptionStreamingTest.keepMostRecentOptionShouldWorks_output_1590442453,1590443453,1590442845,608
251-nods-found-batch-output,JON_188_idf_sha_nods_p1_r100_t518400_5M_25d_16h_34m_9s_vert-x3.vertx-rabbitmq-client-7305bcd=io.vertx.rabbitmq.RabbitMQConsumptionStreamingTest.pauseAndResumeShouldWork_output_1590442453,1590443519,1590442817,702
251-nods-found-batch-output,JON_188_idf_sha_nods_p1_r100_t518400_5M_25d_16h_34m_9s_vert-x3.vertx-rabbitmq-client-7305bcd=io.vertx.rabbitmq.RabbitMQServiceTest.testBasicCancel_output_1590442453,1590443473,1590442823,650
251-nods-found-batch-output,JON_188_idf_sha_nods_p1_r100_t518400_5M_25d_16h_34m_9s_vert-x3.vertx-rabbitmq-client-7305bcd=io.vertx.rabbitmq.RabbitMQServiceTest.testBasicConsume_output_1590442453,1590443488,1590442817,671
251-nods-found-batch-output,JON_188_idf_sha_nods_p1_r100_t518400_5M_25d_16h_34m_9s_vert-x3.vertx-rabbitmq-client-7305bcd=io.vertx.rabbitmq.RabbitMQServiceTest.testGetMessageCount_output_1590442453,1590443471,1590442845,626
251-nods-found-batch-output,JON_188_idf_sha_nods_p1_r100_t518400_5M_25d_16h_34m_9s_vert-x3.vertx-rabbitmq-client-7305bcd=io.vertx.rabbitmq.RabbitMQServiceTest.testMessageOrderingWhenConsumingNewApi_output_1590442453,1590443439,1590442837,602
251-nods-found-batch-output,JON_188_idf_sha_nods_p1_r100_t518400_5M_25d_16h_34m_9s_visallo.vertexium-f1fd59e=org.vertexium.accumulo.AccumuloGraphTest.testFindPathsMultiplePaths_output_1590442453,1590442868,1590442826,42
251-nods-found-batch-output,JON_188_idf_sha_nods_p1_r100_t518400_5M_25d_16h_34m_9s_visallo.vertexium-f1fd59e=org.vertexium.accumulo.AccumuloGraphTest.testFindRelatedEdgesPerformance_output_1590442453,1590442869,1590442823,46
251-nods-found-batch-output,JON_188_idf_sha_nods_p1_r100_t518400_5M_25d_16h_34m_9s_visallo.vertexium-f1fd59e=org.vertexium.inmemory.InMemoryGraphTest.manyVisibilities_output_1590442453,1590442852,1590442821,31
251-nods-found-batch-output,JON_188_idf_sha_nods_p1_r100_t518400_5M_25d_16h_34m_9s_visallo.vertexium-f1fd59e=org.vertexium.inmemory.InMemoryGraphTest.testMarkPropertyVisible_output_1590442453,1590442859,1590442827,32
251-nods-found-batch-output,JON_188_idf_sha_nods_p1_r100_t518400_5M_25d_16h_34m_9s_visallo.vertexium-f1fd59e=org.vertexium.util.IncreasingTimeTest.currentTimeMillisReturnsTimeGreaterThanSystemTime_output_1590442453,1590442864,1590442836,28
251-nods-found-batch-output,JON_188_idf_sha_nods_p1_r100_t518400_5M_25d_16h_34m_9s_vmware.admiral-e4b0293=com.vmware.admiral.adapter.registry.service.RegistryAdapterServiceProxyTest.testInitWithProxyWithList_output_1590442453,1590443613,1590442836,777
251-nods-found-batch-output,JON_188_idf_sha_nods_p1_r100_t518400_5M_25d_16h_34m_9s_vmware.admiral-e4b0293=com.vmware.admiral.adapter.registry.service.RegistryAdapterServiceTest.testDockerHubListImageTags_output_1590442453,1590443765,1590442836,929
251-nods-found-batch-output,JON_188_idf_sha_nods_p1_r100_t518400_5M_25d_16h_34m_9s_vmware.admiral-e4b0293=com.vmware.admiral.adapter.registry.service.RegistryAdapterServiceTest.testSameRegistryAsGlobalAndProject_output_1590442453,1590443561,1590442826,735
251-nods-found-batch-output,JON_188_idf_sha_nods_p1_r100_t518400_5M_25d_16h_34m_9s_vmware.admiral-e4b0293=com.vmware.admiral.adapter.registry.service.RegistryAdapterServiceTest.testSameRegistryTwoDifferentProjectsNotRemoveOldTenantLinkShouldFail_output_1590442453,1590443714,1590442842,872
251-nods-found-batch-output,JON_188_idf_sha_nods_p1_r100_t518400_5M_25d_16h_34m_9s_vmware.admiral-e4b0293=com.vmware.admiral.adapter.registry.service.RegistryAdapterServiceTest.testV1Ping_output_1590442453,1590443698,1590442824,874
251-nods-found-batch-output,JON_188_idf_sha_nods_p1_r100_t518400_5M_25d_16h_37m_9s_square.retrofit-ae28c3d=retrofit2.adapter.rxjava.CompletableThrowingSafeSubscriberTest.throwingInOnCompleteDeliveredToPlugin_output_1590442633,1590443354,1590442944,410
251-nods-found-batch-output,JON_188_idf_sha_nods_p1_r100_t518400_5M_25d_16h_37m_9s_square.retrofit-ae28c3d=retrofit2.CallTest.cancelOkHttpRequest_output_1590442633,1590443594,1590442950,644
251-nods-found-batch-output,JON_188_idf_sha_nods_p1_r100_t518400_5M_25d_16h_37m_9s_square.retrofit-ae28c3d=retrofit2.CallTest.cancelRequest_output_1590442633,1590443670,1590442947,723
251-nods-found-batch-output,JON_188_idf_sha_nods_p1_r100_t518400_5M_25d_16h_37m_9s_tootallnate.java-websocket-fa3909c=org.java_websocket.issues.Issue256Test.runReconnectBlockingScenario1_output_1590442633,1590443378,1590442950,428
251-nods-found-batch-output,JON_188_idf_sha_nods_p1_r100_t518400_5M_25d_16h_37m_9s_tootallnate.java-websocket-fa3909c=org.java_websocket.issues.Issue256Test.runReconnectBlockingScenario2_output_1590442633,1590443420,1590442950,470
251-nods-found-batch-output,JON_188_idf_sha_nods_p1_r100_t518400_5M_25d_16h_37m_9s_tootallnate.java-websocket-fa3909c=org.java_websocket.issues.Issue256Test.runReconnectBlockingScenario3_output_1590442633,1590443384,1590442950,434
251-nods-found-batch-output,JON_188_idf_sha_nods_p1_r100_t518400_5M_25d_16h_37m_9s_tootallnate.java-websocket-fa3909c=org.java_websocket.issues.Issue256Test.runReconnectBlockingScenario4_output_1590442633,1590443379,1590442950,429
251-nods-found-batch-output,JON_188_idf_sha_nods_p1_r100_t518400_5M_25d_16h_37m_9s_tootallnate.java-websocket-fa3909c=org.java_websocket.issues.Issue256Test.runReconnectBlockingScenario5_output_1590442633,1590443405,1590442950,455
251-nods-found-batch-output,JON_188_idf_sha_nods_p1_r100_t518400_5M_25d_16h_37m_9s_tootallnate.java-websocket-fa3909c=org.java_websocket.issues.Issue256Test.runReconnectBlockingScenario6_output_1590442633,1590443409,1590442950,459
251-nods-found-batch-output,JON_188_idf_sha_nods_p1_r100_t518400_5M_25d_16h_37m_9s_tootallnate.java-websocket-fa3909c=org.java_websocket.issues.Issue256Test.runReconnectBlockingScenario7_output_1590442633,1590443456,1590442953,503
251-nods-found-batch-output,JON_188_idf_sha_nods_p1_r100_t518400_5M_25d_16h_37m_9s_tootallnate.java-websocket-fa3909c=org.java_websocket.issues.Issue256Test.runReconnectBlockingScenario8_output_1590442633,1590443410,1590442944,466
251-nods-found-batch-output,JON_188_idf_sha_nods_p1_r100_t518400_5M_25d_16h_37m_9s_tootallnate.java-websocket-fa3909c=org.java_websocket.issues.Issue256Test.runReconnectBlockingScenario9_output_1590442633,1590443433,1590442953,480
251-nods-found-batch-output,JON_188_idf_sha_nods_p1_r100_t518400_5M_25d_16h_37m_9s_tootallnate.java-websocket-fa3909c=org.java_websocket.issues.Issue256Test.runReconnectScenario0_output_1590442633,1590443519,1590442950,569
251-nods-found-batch-output,JON_188_idf_sha_nods_p1_r100_t518400_5M_25d_16h_37m_9s_tootallnate.java-websocket-fa3909c=org.java_websocket.issues.Issue256Test.runReconnectScenario1_output_1590442633,1590443521,1590442956,565
251-nods-found-batch-output,JON_188_idf_sha_nods_p1_r100_t518400_5M_25d_16h_37m_9s_tootallnate.java-websocket-fa3909c=org.java_websocket.issues.Issue256Test.runReconnectScenario2_output_1590442633,1590443510,1590442953,557
251-nods-found-batch-output,JON_188_idf_sha_nods_p1_r100_t518400_5M_25d_16h_37m_9s_tootallnate.java-websocket-fa3909c=org.java_websocket.issues.Issue256Test.runReconnectScenario3_output_1590442633,1590443448,1590442953,495
251-nods-found-batch-output,JON_188_idf_sha_nods_p1_r100_t518400_5M_25d_16h_37m_9s_tootallnate.java-websocket-fa3909c=org.java_websocket.issues.Issue256Test.runReconnectScenario4_output_1590442633,1590443504,1590442953,551
251-nods-found-batch-output,JON_188_idf_sha_nods_p1_r100_t518400_5M_25d_16h_37m_9s_tootallnate.java-websocket-fa3909c=org.java_websocket.issues.Issue256Test.runReconnectScenario5_output_1590442633,1590443510,1590442953,557
251-nods-found-batch-output,JON_188_idf_sha_nods_p1_r100_t518400_5M_25d_16h_37m_9s_tootallnate.java-websocket-fa3909c=org.java_websocket.issues.Issue256Test.runReconnectScenario6_output_1590442633,1590443512,1590442953,559
251-nods-found-batch-output,JON_188_idf_sha_nods_p1_r100_t518400_5M_25d_16h_37m_9s_tootallnate.java-websocket-fa3909c=org.java_websocket.issues.Issue256Test.runReconnectScenario7_output_1590442633,1590443489,1590442953,536
251-nods-found-batch-output,JON_188_idf_sha_nods_p1_r100_t518400_5M_25d_16h_37m_9s_tootallnate.java-websocket-fa3909c=org.java_websocket.issues.Issue256Test.runReconnectScenario8_output_1590442633,1590443463,1590442959,504
251-nods-found-batch-output,JON_188_idf_sha_nods_p1_r100_t518400_5M_25d_16h_37m_9s_tootallnate.java-websocket-fa3909c=org.java_websocket.issues.Issue256Test.runReconnectScenario9_output_1590442633,1590443494,1590442955,539
251-nods-found-batch-output,JON_188_idf_sha_nods_p1_r100_t518400_5M_25d_16h_37m_9s_tootallnate.java-websocket-fa3909c=org.java_websocket.issues.Issue580Test.runNoCloseBlockingTestScenario0_output_1590442633,1590443393,1590442964,429
251-nods-found-batch-output,JON_188_idf_sha_nods_p1_r100_t518400_5M_25d_16h_37m_9s_tootallnate.java-websocket-fa3909c=org.java_websocket.issues.Issue580Test.runNoCloseBlockingTestScenario2_output_1590442633,1590443418,1590442964,454
251-nods-found-batch-output,JON_188_idf_sha_nods_p1_r100_t518400_5M_25d_16h_37m_9s_tootallnate.java-websocket-fa3909c=org.java_websocket.issues.Issue580Test.runNoCloseBlockingTestScenario3_output_1590442633,1590443419,1590442962,457
251-nods-found-batch-output,JON_188_idf_sha_nods_p1_r100_t518400_5M_25d_16h_37m_9s_tootallnate.java-websocket-fa3909c=org.java_websocket.issues.Issue580Test.runNoCloseBlockingTestScenario4_output_1590442633,1590443426,1590442953,473
251-nods-found-batch-output,JON_188_idf_sha_nods_p1_r100_t518400_5M_25d_16h_37m_9s_tootallnate.java-websocket-fa3909c=org.java_websocket.issues.Issue580Test.runNoCloseBlockingTestScenario5_output_1590442633,1590443405,1590442964,441
251-nods-found-batch-output,JON_188_idf_sha_nods_p1_r100_t518400_5M_25d_16h_37m_9s_tootallnate.java-websocket-fa3909c=org.java_websocket.issues.Issue580Test.runNoCloseBlockingTestScenario8_output_1590442633,1590443381,1590442964,417
251-nods-found-batch-output,JON_188_idf_sha_nods_p1_r100_t518400_5M_25d_16h_37m_9s_tootallnate.java-websocket-fa3909c=org.java_websocket.issues.Issue677Test.testIssue_output_1590442633,1590443388,1590442966,422
251-nods-found-batch-output,JON_188_idf_sha_nods_p1_r100_t518400_5M_25d_16h_37m_9s_tootallnate.java-websocket-fa3909c=org.java_websocket.issues.Issue713Test.testIssue_output_1590442633,1590443459,1590442966,493
251-nods-found-batch-output,JON_188_idf_sha_nods_p1_r100_t518400_5M_25d_16h_40m_9s_square.retrofit-ae28c3d=retrofit2.CallTest.cancelOkHttpRequest_output_1590442812,1590443781,1590443104,677
251-nods-found-batch-output,JON_188_idf_sha_nods_p1_r100_t518400_5M_25d_16h_37m_9s_tootallnate.java-websocket-fa3909c=org.java_websocket.misc.OpeningHandshakeRejectionTest.testHandshakeRejectionTestCase10_output_1590442633,1590443505,1590442987,518
251-nods-found-batch-output,JON_188_idf_sha_nods_p1_r100_t518400_5M_25d_16h_37m_9s_tootallnate.java-websocket-fa3909c=org.java_websocket.misc.OpeningHandshakeRejectionTest.testHandshakeRejectionTestCase11_output_1590442633,1590443424,1590442974,450
251-nods-found-batch-output,JON_188_idf_sha_nods_p1_r100_t518400_5M_25d_16h_37m_9s_tootallnate.java-websocket-fa3909c=org.java_websocket.misc.OpeningHandshakeRejectionTest.testHandshakeRejectionTestCase1_output_1590442633,1590443327,1590442968,359
251-nods-found-batch-output,JON_188_idf_sha_nods_p1_r100_t518400_5M_25d_16h_37m_9s_tootallnate.java-websocket-fa3909c=org.java_websocket.misc.OpeningHandshakeRejectionTest.testHandshakeRejectionTestCase2_output_1590442633,1590443431,1590442976,455
251-nods-found-batch-output,JON_188_idf_sha_nods_p1_r100_t518400_5M_25d_16h_37m_9s_tootallnate.java-websocket-fa3909c=org.java_websocket.misc.OpeningHandshakeRejectionTest.testHandshakeRejectionTestCase3_output_1590442633,1590443413,1590442971,442
251-nods-found-batch-output,JON_188_idf_sha_nods_p1_r100_t518400_5M_25d_16h_37m_9s_tootallnate.java-websocket-fa3909c=org.java_websocket.misc.OpeningHandshakeRejectionTest.testHandshakeRejectionTestCase4_output_1590442633,1590443434,1590442971,463
251-nods-found-batch-output,JON_188_idf_sha_nods_p1_r100_t518400_5M_25d_16h_37m_9s_tootallnate.java-websocket-fa3909c=org.java_websocket.misc.OpeningHandshakeRejectionTest.testHandshakeRejectionTestCase5_output_1590442633,1590443482,1590442974,508
251-nods-found-batch-output,JON_188_idf_sha_nods_p1_r100_t518400_5M_25d_16h_37m_9s_tootallnate.java-websocket-fa3909c=org.java_websocket.misc.OpeningHandshakeRejectionTest.testHandshakeRejectionTestCase6_output_1590442633,1590443423,1590442976,447
251-nods-found-batch-output,JON_188_idf_sha_nods_p1_r100_t518400_5M_25d_16h_37m_9s_tootallnate.java-websocket-fa3909c=org.java_websocket.misc.OpeningHandshakeRejectionTest.testHandshakeRejectionTestCase7_output_1590442633,1590443424,1590442987,437
251-nods-found-batch-output,JON_188_idf_sha_nods_p1_r100_t518400_5M_25d_16h_37m_9s_tootallnate.java-websocket-fa3909c=org.java_websocket.misc.OpeningHandshakeRejectionTest.testHandshakeRejectionTestCase8_output_1590442633,1590443403,1590442968,435
251-nods-found-batch-output,JON_188_idf_sha_nods_p1_r100_t518400_5M_25d_16h_37m_9s_tootallnate.java-websocket-fa3909c=org.java_websocket.misc.OpeningHandshakeRejectionTest.testHandshakeRejectionTestCase9_output_1590442633,1590443433,1590442976,457
251-nods-found-batch-output,JON_188_idf_sha_nods_p1_r100_t518400_5M_25d_16h_37m_9s_tootallnate.java-websocket-fa3909c=org.java_websocket.protocols.ProtoclHandshakeRejectionTest.testHandshakeRejectionTestCase10_output_1590442633,1590443348,1590442978,370
251-nods-found-batch-output,JON_188_idf_sha_nods_p1_r100_t518400_5M_25d_16h_37m_9s_tootallnate.java-websocket-fa3909c=org.java_websocket.protocols.ProtoclHandshakeRejectionTest.testHandshakeRejectionTestCase11_output_1590442633,1590443342,1590442976,366
251-nods-found-batch-output,JON_188_idf_sha_nods_p1_r100_t518400_5M_25d_16h_37m_9s_tootallnate.java-websocket-fa3909c=org.java_websocket.protocols.ProtoclHandshakeRejectionTest.testHandshakeRejectionTestCase13_output_1590442633,1590443488,1590442978,510
251-nods-found-batch-output,JON_188_idf_sha_nods_p1_r100_t518400_5M_25d_16h_37m_9s_tootallnate.java-websocket-fa3909c=org.java_websocket.protocols.ProtoclHandshakeRejectionTest.testHandshakeRejectionTestCase14_output_1590442633,1590443441,1590443009,432
251-nods-found-batch-output,JON_188_idf_sha_nods_p1_r100_t518400_5M_25d_16h_37m_9s_tootallnate.java-websocket-fa3909c=org.java_websocket.protocols.ProtoclHandshakeRejectionTest.testHandshakeRejectionTestCase16_output_1590442633,1590443456,1590442978,478
251-nods-found-batch-output,JON_188_idf_sha_nods_p1_r100_t518400_5M_25d_16h_37m_9s_tootallnate.java-websocket-fa3909c=org.java_websocket.protocols.ProtoclHandshakeRejectionTest.testHandshakeRejectionTestCase17_output_1590442633,1590443428,1590442992,436
251-nods-found-batch-output,JON_188_idf_sha_nods_p1_r100_t518400_5M_25d_16h_37m_9s_tootallnate.java-websocket-fa3909c=org.java_websocket.protocols.ProtoclHandshakeRejectionTest.testHandshakeRejectionTestCase2_output_1590442633,1590443451,1590443006,445
251-nods-found-batch-output,JON_188_idf_sha_nods_p1_r100_t518400_5M_25d_16h_37m_9s_tootallnate.java-websocket-fa3909c=org.java_websocket.protocols.ProtoclHandshakeRejectionTest.testHandshakeRejectionTestCase3_output_1590442633,1590443394,1590442988,406
251-nods-found-batch-output,JON_188_idf_sha_nods_p1_r100_t518400_5M_25d_16h_37m_9s_tootallnate.java-websocket-fa3909c=org.java_websocket.protocols.ProtoclHandshakeRejectionTest.testHandshakeRejectionTestCase4_output_1590442633,1590443492,1590443006,486
251-nods-found-batch-output,JON_188_idf_sha_nods_p1_r100_t518400_5M_25d_16h_37m_9s_tootallnate.java-websocket-fa3909c=org.java_websocket.protocols.ProtoclHandshakeRejectionTest.testHandshakeRejectionTestCase6_output_1590442633,1590443420,1590442996,424
251-nods-found-batch-output,JON_188_idf_sha_nods_p1_r100_t518400_5M_25d_16h_37m_9s_tootallnate.java-websocket-fa3909c=org.java_websocket.protocols.ProtoclHandshakeRejectionTest.testHandshakeRejectionTestCase8_output_1590442633,1590443446,1590442989,457
251-nods-found-batch-output,JON_188_idf_sha_nods_p1_r100_t518400_5M_25d_16h_37m_9s_tootallnate.java-websocket-fa3909c=org.java_websocket.protocols.ProtoclHandshakeRejectionTest.testHandshakeRejectionTestCase9_output_1590442633,1590443433,1590443003,430
251-nods-found-batch-output,JON_188_idf_sha_nods_p1_r100_t518400_5M_25d_16h_37m_9s_vert-x3.vertx-mqtt-c8213e0=io.vertx.mqtt.test.server.MqttServerClientIdentifierTest.testValidClientIdentifier_output_1590442633,1590443023,1590443003,20
251-nods-found-batch-output,JON_188_idf_sha_nods_p1_r100_t518400_5M_25d_16h_37m_9s_vert-x3.vertx-mqtt-c8213e0=io.vertx.mqtt.test.server.MqttServerClientPublishTest.publishQos0_output_1590442633,1590443026,1590443010,16
251-nods-found-batch-output,JON_188_idf_sha_nods_p1_r100_t518400_5M_25d_16h_37m_9s_vert-x3.vertx-mqtt-c8213e0=io.vertx.mqtt.test.server.MqttServerConnectionTest.accepted_output_1590442633,1590443026,1590443006,20
251-nods-found-batch-output,JON_188_idf_sha_nods_p1_r100_t518400_5M_25d_16h_37m_9s_vert-x3.vertx-mqtt-c8213e0=io.vertx.mqtt.test.server.MqttServerConnectionTest.connectionAlreadyAccepted_output_1590442633,1590443027,1590443012,15
251-nods-found-batch-output,JON_188_idf_sha_nods_p1_r100_t518400_5M_25d_16h_37m_9s_vert-x3.vertx-mqtt-c8213e0=io.vertx.mqtt.test.server.MqttServerConnectionTest.noConnectSent_output_1590442633,1590443026,1590443012,14
251-nods-found-batch-output,JON_188_idf_sha_nods_p1_r100_t518400_5M_25d_16h_37m_9s_vert-x3.vertx-mqtt-c8213e0=io.vertx.mqtt.test.server.MqttServerUnsubscribeTest.unsubscribe_output_1590442633,1590443026,1590443008,18
251-nods-found-batch-output,JON_188_idf_sha_nods_p1_r100_t518400_5M_25d_16h_37m_9s_vert-x3.vertx-rabbitmq-client-7305bcd=io.vertx.rabbitmq.RabbitMQClientReconnectTest.testReconnect_output_1590442633,1590443722,1590443006,716
251-nods-found-batch-output,JON_188_idf_sha_nods_p1_r100_t518400_5M_25d_16h_37m_9s_vert-x3.vertx-rabbitmq-client-7305bcd=io.vertx.rabbitmq.RabbitMQConsumptionStreamingTest.keepMostRecentOptionShouldWorks_output_1590442633,1590443682,1590443012,670
251-nods-found-batch-output,JON_188_idf_sha_nods_p1_r100_t518400_5M_25d_16h_37m_9s_vert-x3.vertx-rabbitmq-client-7305bcd=io.vertx.rabbitmq.RabbitMQConsumptionStreamingTest.pauseAndResumeShouldWork_output_1590442633,1590443733,1590443021,712
251-nods-found-batch-output,JON_188_idf_sha_nods_p1_r100_t518400_5M_25d_16h_37m_9s_vert-x3.vertx-rabbitmq-client-7305bcd=io.vertx.rabbitmq.RabbitMQServiceTest.testBasicCancel_output_1590442633,1590443685,1590443021,664
251-nods-found-batch-output,JON_188_idf_sha_nods_p1_r100_t518400_5M_25d_16h_37m_9s_vert-x3.vertx-rabbitmq-client-7305bcd=io.vertx.rabbitmq.RabbitMQServiceTest.testBasicConsume_output_1590442633,1590443656,1590443013,643
251-nods-found-batch-output,JON_188_idf_sha_nods_p1_r100_t518400_5M_25d_16h_37m_9s_vert-x3.vertx-rabbitmq-client-7305bcd=io.vertx.rabbitmq.RabbitMQServiceTest.testGetMessageCount_output_1590442633,1590443649,1590443015,634
251-nods-found-batch-output,JON_188_idf_sha_nods_p1_r100_t518400_5M_25d_16h_37m_9s_vert-x3.vertx-rabbitmq-client-7305bcd=io.vertx.rabbitmq.RabbitMQServiceTest.testMessageOrderingWhenConsumingNewApi_output_1590442633,1590443725,1590443023,702
251-nods-found-batch-output,JON_188_idf_sha_nods_p1_r100_t518400_5M_25d_16h_37m_9s_visallo.vertexium-f1fd59e=org.vertexium.accumulo.AccumuloGraphTest.testFindPathsMultiplePaths_output_1590442633,1590443058,1590443015,43
251-nods-found-batch-output,JON_188_idf_sha_nods_p1_r100_t518400_5M_25d_16h_37m_9s_visallo.vertexium-f1fd59e=org.vertexium.accumulo.AccumuloGraphTest.testFindRelatedEdgesPerformance_output_1590442633,1590443060,1590443015,45
251-nods-found-batch-output,JON_188_idf_sha_nods_p1_r100_t518400_5M_25d_16h_37m_9s_visallo.vertexium-f1fd59e=org.vertexium.inmemory.InMemoryGraphTest.manyVisibilities_output_1590442633,1590443073,1590443040,33
251-nods-found-batch-output,JON_188_idf_sha_nods_p1_r100_t518400_5M_25d_16h_37m_9s_visallo.vertexium-f1fd59e=org.vertexium.inmemory.InMemoryGraphTest.testMarkPropertyVisible_output_1590442633,1590443044,1590443015,29
251-nods-found-batch-output,JON_188_idf_sha_nods_p1_r100_t518400_5M_25d_16h_37m_9s_visallo.vertexium-f1fd59e=org.vertexium.util.IncreasingTimeTest.currentTimeMillisReturnsTimeGreaterThanSystemTime_output_1590442633,1590443051,1590443026,25
251-nods-found-batch-output,JON_188_idf_sha_nods_p1_r100_t518400_5M_25d_16h_37m_9s_vmware.admiral-e4b0293=com.vmware.admiral.adapter.registry.service.RegistryAdapterServiceProxyTest.testInitWithProxyWithList_output_1590442633,1590443783,1590443020,763
251-nods-found-batch-output,JON_188_idf_sha_nods_p1_r100_t518400_5M_25d_16h_40m_9s_square.retrofit-ae28c3d=retrofit2.adapter.rxjava.CompletableThrowingSafeSubscriberTest.throwingInOnCompleteDeliveredToPlugin_output_1590442812,1590443504,1590443087,417
251-nods-found-batch-output,JON_188_idf_sha_nods_p1_r100_t518400_5M_25d_16h_40m_9s_square.retrofit-ae28c3d=retrofit2.CallTest.cancelRequest_output_1590442812,1590443716,1590443101,615
251-nods-found-batch-output,JON_188_idf_sha_nods_p1_r100_t518400_5M_25d_16h_40m_9s_tootallnate.java-websocket-fa3909c=org.java_websocket.issues.Issue256Test.runReconnectBlockingScenario1_output_1590442812,1590443529,1590443105,424
251-nods-found-batch-output,JON_188_idf_sha_nods_p1_r100_t518400_5M_25d_16h_40m_9s_tootallnate.java-websocket-fa3909c=org.java_websocket.issues.Issue256Test.runReconnectBlockingScenario2_output_1590442812,1590443522,1590443104,418
251-nods-found-batch-output,JON_188_idf_sha_nods_p1_r100_t518400_5M_25d_16h_40m_9s_tootallnate.java-websocket-fa3909c=org.java_websocket.issues.Issue256Test.runReconnectBlockingScenario3_output_1590442812,1590443583,1590443114,469
251-nods-found-batch-output,JON_188_idf_sha_nods_p1_r100_t518400_5M_25d_16h_40m_9s_tootallnate.java-websocket-fa3909c=org.java_websocket.issues.Issue256Test.runReconnectBlockingScenario4_output_1590442812,1590443573,1590443117,456
251-nods-found-batch-output,JON_188_idf_sha_nods_p1_r100_t518400_5M_25d_16h_40m_9s_tootallnate.java-websocket-fa3909c=org.java_websocket.issues.Issue256Test.runReconnectBlockingScenario5_output_1590442812,1590443565,1590443108,457
251-nods-found-batch-output,JON_188_idf_sha_nods_p1_r100_t518400_5M_25d_16h_40m_9s_tootallnate.java-websocket-fa3909c=org.java_websocket.issues.Issue256Test.runReconnectBlockingScenario6_output_1590442812,1590443508,1590443107,401
251-nods-found-batch-output,JON_188_idf_sha_nods_p1_r100_t518400_5M_25d_16h_40m_9s_tootallnate.java-websocket-fa3909c=org.java_websocket.issues.Issue256Test.runReconnectBlockingScenario7_output_1590442812,1590443577,1590443111,466
251-nods-found-batch-output,JON_188_idf_sha_nods_p1_r100_t518400_5M_25d_16h_40m_9s_tootallnate.java-websocket-fa3909c=org.java_websocket.issues.Issue256Test.runReconnectBlockingScenario8_output_1590442812,1590443549,1590443111,438
251-nods-found-batch-output,JON_188_idf_sha_nods_p1_r100_t518400_5M_25d_16h_40m_9s_tootallnate.java-websocket-fa3909c=org.java_websocket.issues.Issue256Test.runReconnectBlockingScenario9_output_1590442812,1590443542,1590443111,431
251-nods-found-batch-output,JON_188_idf_sha_nods_p1_r100_t518400_5M_25d_16h_40m_9s_tootallnate.java-websocket-fa3909c=org.java_websocket.issues.Issue256Test.runReconnectScenario0_output_1590442812,1590443642,1590443105,537
251-nods-found-batch-output,JON_188_idf_sha_nods_p1_r100_t518400_5M_25d_16h_40m_9s_tootallnate.java-websocket-fa3909c=org.java_websocket.issues.Issue256Test.runReconnectScenario1_output_1590442812,1590443668,1590443114,554
251-nods-found-batch-output,JON_188_idf_sha_nods_p1_r100_t518400_5M_25d_16h_40m_9s_tootallnate.java-websocket-fa3909c=org.java_websocket.issues.Issue256Test.runReconnectScenario2_output_1590442812,1590443661,1590443117,544
251-nods-found-batch-output,JON_188_idf_sha_nods_p1_r100_t518400_5M_25d_16h_40m_9s_tootallnate.java-websocket-fa3909c=org.java_websocket.issues.Issue256Test.runReconnectScenario3_output_1590442812,1590443672,1590443114,558
251-nods-found-batch-output,JON_188_idf_sha_nods_p1_r100_t518400_5M_25d_16h_40m_9s_tootallnate.java-websocket-fa3909c=org.java_websocket.issues.Issue256Test.runReconnectScenario4_output_1590442812,1590443655,1590443125,530
251-nods-found-batch-output,JON_188_idf_sha_nods_p1_r100_t518400_5M_25d_16h_40m_9s_tootallnate.java-websocket-fa3909c=org.java_websocket.issues.Issue256Test.runReconnectScenario5_output_1590442812,1590443664,1590443117,547
251-nods-found-batch-output,JON_188_idf_sha_nods_p1_r100_t518400_5M_25d_16h_40m_9s_tootallnate.java-websocket-fa3909c=org.java_websocket.issues.Issue256Test.runReconnectScenario6_output_1590442812,1590443620,1590443117,503
251-nods-found-batch-output,JON_188_idf_sha_nods_p1_r100_t518400_5M_25d_16h_40m_9s_tootallnate.java-websocket-fa3909c=org.java_websocket.issues.Issue256Test.runReconnectScenario7_output_1590442812,1590443530,1590443117,413
251-nods-found-batch-output,JON_188_idf_sha_nods_p1_r100_t518400_5M_25d_16h_40m_9s_tootallnate.java-websocket-fa3909c=org.java_websocket.issues.Issue256Test.runReconnectScenario8_output_1590442812,1590443622,1590443128,494
251-nods-found-batch-output,JON_188_idf_sha_nods_p1_r100_t518400_5M_25d_16h_40m_9s_tootallnate.java-websocket-fa3909c=org.java_websocket.issues.Issue256Test.runReconnectScenario9_output_1590442812,1590443650,1590443117,533
251-nods-found-batch-output,JON_188_idf_sha_nods_p1_r100_t518400_5M_25d_16h_40m_9s_tootallnate.java-websocket-fa3909c=org.java_websocket.issues.Issue580Test.runNoCloseBlockingTestScenario0_output_1590442812,1590443622,1590443119,503
251-nods-found-batch-output,JON_188_idf_sha_nods_p1_r100_t518400_5M_25d_16h_40m_9s_tootallnate.java-websocket-fa3909c=org.java_websocket.issues.Issue580Test.runNoCloseBlockingTestScenario2_output_1590442812,1590443567,1590443125,442
251-nods-found-batch-output,JON_188_idf_sha_nods_p1_r100_t518400_5M_25d_16h_40m_9s_tootallnate.java-websocket-fa3909c=org.java_websocket.issues.Issue580Test.runNoCloseBlockingTestScenario3_output_1590442812,1590443608,1590443128,480
251-nods-found-batch-output,JON_188_idf_sha_nods_p1_r100_t518400_5M_25d_16h_40m_9s_tootallnate.java-websocket-fa3909c=org.java_websocket.issues.Issue580Test.runNoCloseBlockingTestScenario4_output_1590442812,1590443620,1590443128,492
251-nods-found-batch-output,JON_188_idf_sha_nods_p1_r100_t518400_5M_25d_16h_40m_9s_tootallnate.java-websocket-fa3909c=org.java_websocket.issues.Issue580Test.runNoCloseBlockingTestScenario5_output_1590442812,1590443552,1590443125,427
251-nods-found-batch-output,JON_188_idf_sha_nods_p1_r100_t518400_5M_25d_16h_40m_9s_tootallnate.java-websocket-fa3909c=org.java_websocket.issues.Issue580Test.runNoCloseBlockingTestScenario8_output_1590442812,1590443518,1590443125,393
251-nods-found-batch-output,JON_188_idf_sha_nods_p1_r100_t518400_5M_25d_16h_40m_9s_tootallnate.java-websocket-fa3909c=org.java_websocket.issues.Issue677Test.testIssue_output_1590442812,1590443555,1590443131,424
251-nods-found-batch-output,JON_188_idf_sha_nods_p1_r100_t518400_5M_25d_16h_40m_9s_tootallnate.java-websocket-fa3909c=org.java_websocket.issues.Issue713Test.testIssue_output_1590442812,1590443562,1590443131,431
251-nods-found-batch-output,JON_188_idf_sha_nods_p1_r100_t518400_5M_25d_16h_40m_9s_tootallnate.java-websocket-fa3909c=org.java_websocket.misc.OpeningHandshakeRejectionTest.testHandshakeRejectionTestCase10_output_1590442812,1590443543,1590443134,409
251-nods-found-batch-output,JON_188_idf_sha_nods_p1_r100_t518400_5M_25d_16h_40m_9s_tootallnate.java-websocket-fa3909c=org.java_websocket.misc.OpeningHandshakeRejectionTest.testHandshakeRejectionTestCase11_output_1590442812,1590443568,1590443134,434
251-nods-found-batch-output,JON_188_idf_sha_nods_p1_r100_t518400_5M_25d_16h_40m_9s_tootallnate.java-websocket-fa3909c=org.java_websocket.misc.OpeningHandshakeRejectionTest.testHandshakeRejectionTestCase1_output_1590442812,1590443564,1590443131,433
251-nods-found-batch-output,JON_188_idf_sha_nods_p1_r100_t518400_5M_25d_16h_40m_9s_tootallnate.java-websocket-fa3909c=org.java_websocket.misc.OpeningHandshakeRejectionTest.testHandshakeRejectionTestCase2_output_1590442812,1590443545,1590443137,408
251-nods-found-batch-output,JON_188_idf_sha_nods_p1_r100_t518400_5M_25d_16h_40m_9s_tootallnate.java-websocket-fa3909c=org.java_websocket.misc.OpeningHandshakeRejectionTest.testHandshakeRejectionTestCase3_output_1590442812,1590443563,1590443134,429
251-nods-found-batch-output,JON_188_idf_sha_nods_p1_r100_t518400_5M_25d_16h_40m_9s_tootallnate.java-websocket-fa3909c=org.java_websocket.misc.OpeningHandshakeRejectionTest.testHandshakeRejectionTestCase4_output_1590442812,1590443524,1590443090,434
251-nods-found-batch-output,JON_188_idf_sha_nods_p1_r100_t518400_5M_25d_16h_40m_9s_tootallnate.java-websocket-fa3909c=org.java_websocket.misc.OpeningHandshakeRejectionTest.testHandshakeRejectionTestCase5_output_1590442812,1590443565,1590443134,431
251-nods-found-batch-output,JON_188_idf_sha_nods_p1_r100_t518400_5M_25d_16h_40m_9s_tootallnate.java-websocket-fa3909c=org.java_websocket.misc.OpeningHandshakeRejectionTest.testHandshakeRejectionTestCase6_output_1590442812,1590443605,1590443137,468
251-nods-found-batch-output,JON_188_idf_sha_nods_p1_r100_t518400_5M_25d_16h_40m_9s_tootallnate.java-websocket-fa3909c=org.java_websocket.misc.OpeningHandshakeRejectionTest.testHandshakeRejectionTestCase7_output_1590442812,1590443525,1590443137,388
251-nods-found-batch-output,JON_188_idf_sha_nods_p1_r100_t518400_5M_25d_16h_40m_9s_tootallnate.java-websocket-fa3909c=org.java_websocket.misc.OpeningHandshakeRejectionTest.testHandshakeRejectionTestCase8_output_1590442812,1590443532,1590443137,395
251-nods-found-batch-output,JON_188_idf_sha_nods_p1_r100_t518400_5M_25d_16h_40m_9s_tootallnate.java-websocket-fa3909c=org.java_websocket.misc.OpeningHandshakeRejectionTest.testHandshakeRejectionTestCase9_output_1590442812,1590443543,1590443137,406
251-nods-found-batch-output,JON_188_idf_sha_nods_p1_r100_t518400_5M_25d_16h_40m_9s_tootallnate.java-websocket-fa3909c=org.java_websocket.protocols.ProtoclHandshakeRejectionTest.testHandshakeRejectionTestCase10_output_1590442812,1590443558,1590443137,421
251-nods-found-batch-output,JON_188_idf_sha_nods_p1_r100_t518400_5M_25d_16h_40m_9s_tootallnate.java-websocket-fa3909c=org.java_websocket.protocols.ProtoclHandshakeRejectionTest.testHandshakeRejectionTestCase11_output_1590442812,1590443586,1590443137,449
251-nods-found-batch-output,JON_188_idf_sha_nods_p1_r100_t518400_5M_25d_16h_40m_9s_tootallnate.java-websocket-fa3909c=org.java_websocket.protocols.ProtoclHandshakeRejectionTest.testHandshakeRejectionTestCase13_output_1590442812,1590443576,1590443140,436
251-nods-found-batch-output,JON_188_idf_sha_nods_p1_r100_t518400_5M_25d_16h_40m_9s_tootallnate.java-websocket-fa3909c=org.java_websocket.protocols.ProtoclHandshakeRejectionTest.testHandshakeRejectionTestCase14_output_1590442812,1590443585,1590443137,448
251-nods-found-batch-output,JON_188_idf_sha_nods_p1_r100_t518400_5M_25d_16h_40m_9s_tootallnate.java-websocket-fa3909c=org.java_websocket.protocols.ProtoclHandshakeRejectionTest.testHandshakeRejectionTestCase16_output_1590442812,1590443582,1590443137,445
251-nods-found-batch-output,JON_188_idf_sha_nods_p1_r100_t518400_5M_25d_16h_40m_9s_tootallnate.java-websocket-fa3909c=org.java_websocket.protocols.ProtoclHandshakeRejectionTest.testHandshakeRejectionTestCase17_output_1590442812,1590443578,1590443140,438
251-nods-found-batch-output,JON_188_idf_sha_nods_p1_r100_t518400_5M_25d_16h_40m_9s_tootallnate.java-websocket-fa3909c=org.java_websocket.protocols.ProtoclHandshakeRejectionTest.testHandshakeRejectionTestCase2_output_1590442812,1590443602,1590443140,462
251-nods-found-batch-output,JON_188_idf_sha_nods_p1_r100_t518400_5M_25d_16h_40m_9s_tootallnate.java-websocket-fa3909c=org.java_websocket.protocols.ProtoclHandshakeRejectionTest.testHandshakeRejectionTestCase3_output_1590442812,1590443529,1590443140,389
251-nods-found-batch-output,JON_188_idf_sha_nods_p1_r100_t518400_5M_25d_16h_40m_9s_tootallnate.java-websocket-fa3909c=org.java_websocket.protocols.ProtoclHandshakeRejectionTest.testHandshakeRejectionTestCase4_output_1590442812,1590443635,1590443140,495
251-nods-found-batch-output,JON_188_idf_sha_nods_p1_r100_t518400_5M_25d_16h_40m_9s_tootallnate.java-websocket-fa3909c=org.java_websocket.protocols.ProtoclHandshakeRejectionTest.testHandshakeRejectionTestCase6_output_1590442812,1590443595,1590443147,448
251-nods-found-batch-output,JON_188_idf_sha_nods_p1_r100_t518400_5M_25d_16h_40m_9s_tootallnate.java-websocket-fa3909c=org.java_websocket.protocols.ProtoclHandshakeRejectionTest.testHandshakeRejectionTestCase8_output_1590442812,1590443582,1590443141,441
251-nods-found-batch-output,JON_188_idf_sha_nods_p1_r100_t518400_5M_25d_16h_40m_9s_tootallnate.java-websocket-fa3909c=org.java_websocket.protocols.ProtoclHandshakeRejectionTest.testHandshakeRejectionTestCase9_output_1590442812,1590443576,1590443140,436
251-nods-found-batch-output,JON_188_idf_sha_nods_p1_r100_t518400_5M_25d_16h_40m_9s_vert-x3.vertx-mqtt-c8213e0=io.vertx.mqtt.test.server.MqttServerClientIdentifierTest.testValidClientIdentifier_output_1590442812,1590443159,1590443143,16
251-nods-found-batch-output,JON_188_idf_sha_nods_p1_r100_t518400_5M_25d_16h_40m_9s_vert-x3.vertx-mqtt-c8213e0=io.vertx.mqtt.test.server.MqttServerClientPublishTest.publishQos0_output_1590442812,1590443158,1590443143,15
251-nods-found-batch-output,JON_188_idf_sha_nods_p1_r100_t518400_5M_25d_16h_40m_9s_vert-x3.vertx-mqtt-c8213e0=io.vertx.mqtt.test.server.MqttServerConnectionTest.accepted_output_1590442812,1590443162,1590443147,15
251-nods-found-batch-output,JON_188_idf_sha_nods_p1_r100_t518400_5M_25d_16h_40m_9s_vert-x3.vertx-mqtt-c8213e0=io.vertx.mqtt.test.server.MqttServerConnectionTest.connectionAlreadyAccepted_output_1590442812,1590443162,1590443146,16
251-nods-found-batch-output,JON_188_idf_sha_nods_p1_r100_t518400_5M_25d_16h_40m_9s_vert-x3.vertx-mqtt-c8213e0=io.vertx.mqtt.test.server.MqttServerConnectionTest.noConnectSent_output_1590442812,1590443160,1590443147,13
251-nods-found-batch-output,JON_188_idf_sha_nods_p1_r100_t518400_5M_25d_16h_40m_9s_vert-x3.vertx-mqtt-c8213e0=io.vertx.mqtt.test.server.MqttServerUnsubscribeTest.unsubscribe_output_1590442812,1590443161,1590443147,14
251-nods-found-batch-output,JON_188_idf_sha_nods_p1_r100_t518400_5M_25d_16h_40m_9s_vert-x3.vertx-rabbitmq-client-7305bcd=io.vertx.rabbitmq.RabbitMQConsumptionStreamingTest.keepMostRecentOptionShouldWorks_output_1590442812,1590443705,1590443147,558
251-nods-found-batch-output,JON_188_idf_sha_nods_p1_r100_t518400_5M_25d_16h_40m_9s_vert-x3.vertx-rabbitmq-client-7305bcd=io.vertx.rabbitmq.RabbitMQServiceTest.testBasicConsume_output_1590442812,1590443793,1590443147,646
251-nods-found-batch-output,JON_188_idf_sha_nods_p1_r100_t518400_5M_25d_16h_40m_9s_vert-x3.vertx-rabbitmq-client-7305bcd=io.vertx.rabbitmq.RabbitMQServiceTest.testGetMessageCount_output_1590442812,1590443803,1590443150,653
251-nods-found-batch-output,JON_188_idf_sha_nods_p1_r100_t518400_5M_25d_16h_40m_9s_vert-x3.vertx-rabbitmq-client-7305bcd=io.vertx.rabbitmq.RabbitMQServiceTest.testMessageOrderingWhenConsumingNewApi_output_1590442812,1590443779,1590443150,629
251-nods-found-batch-output,JON_188_idf_sha_nods_p1_r100_t518400_5M_25d_16h_40m_9s_visallo.vertexium-f1fd59e=org.vertexium.accumulo.AccumuloGraphTest.testFindPathsMultiplePaths_output_1590442812,1590443193,1590443150,43
251-nods-found-batch-output,JON_188_idf_sha_nods_p1_r100_t518400_5M_25d_16h_40m_9s_visallo.vertexium-f1fd59e=org.vertexium.accumulo.AccumuloGraphTest.testFindRelatedEdgesPerformance_output_1590442812,1590443196,1590443153,43
251-nods-found-batch-output,JON_188_idf_sha_nods_p1_r100_t518400_5M_25d_16h_40m_9s_visallo.vertexium-f1fd59e=org.vertexium.inmemory.InMemoryGraphTest.manyVisibilities_output_1590442812,1590443182,1590443150,32
251-nods-found-batch-output,JON_188_idf_sha_nods_p1_r100_t518400_5M_25d_16h_40m_9s_visallo.vertexium-f1fd59e=org.vertexium.inmemory.InMemoryGraphTest.testMarkPropertyVisible_output_1590442812,1590443180,1590443150,30
251-nods-found-batch-output,JON_188_idf_sha_nods_p1_r100_t518400_5M_25d_16h_40m_9s_visallo.vertexium-f1fd59e=org.vertexium.util.IncreasingTimeTest.currentTimeMillisReturnsTimeGreaterThanSystemTime_output_1590442812,1590443175,1590443150,25
251-nods-found-batch-output,JON_188_idf_sha_nods_p1_r100_t518400_5M_25d_16h_43m_10s_square.retrofit-ae28c3d=retrofit2.adapter.rxjava.CompletableThrowingSafeSubscriberTest.throwingInOnCompleteDeliveredToPlugin_output_1590442992,1590443611,1590443280,331
251-nods-found-batch-output,JON_188_idf_sha_nods_p1_r100_t518400_5M_25d_16h_43m_10s_tootallnate.java-websocket-fa3909c=org.java_websocket.issues.Issue256Test.runReconnectBlockingScenario1_output_1590442992,1590443715,1590443288,427
251-nods-found-batch-output,JON_188_idf_sha_nods_p1_r100_t518400_5M_25d_16h_43m_10s_tootallnate.java-websocket-fa3909c=org.java_websocket.issues.Issue256Test.runReconnectBlockingScenario2_output_1590442992,1590443711,1590443291,420
251-nods-found-batch-output,JON_188_idf_sha_nods_p1_r100_t518400_5M_25d_16h_43m_10s_tootallnate.java-websocket-fa3909c=org.java_websocket.issues.Issue256Test.runReconnectBlockingScenario3_output_1590442992,1590443741,1590443291,450
251-nods-found-batch-output,JON_188_idf_sha_nods_p1_r100_t518400_5M_25d_16h_43m_10s_tootallnate.java-websocket-fa3909c=org.java_websocket.issues.Issue256Test.runReconnectBlockingScenario4_output_1590442992,1590443705,1590443292,413
251-nods-found-batch-output,JON_188_idf_sha_nods_p1_r100_t518400_5M_25d_16h_43m_10s_tootallnate.java-websocket-fa3909c=org.java_websocket.issues.Issue256Test.runReconnectBlockingScenario5_output_1590442992,1590443703,1590443291,412
251-nods-found-batch-output,JON_188_idf_sha_nods_p1_r100_t518400_5M_25d_16h_43m_10s_tootallnate.java-websocket-fa3909c=org.java_websocket.issues.Issue256Test.runReconnectBlockingScenario6_output_1590442992,1590443728,1590443295,433
251-nods-found-batch-output,JON_188_idf_sha_nods_p1_r100_t518400_5M_25d_16h_43m_10s_tootallnate.java-websocket-fa3909c=org.java_websocket.issues.Issue256Test.runReconnectBlockingScenario7_output_1590442992,1590443723,1590443291,432
251-nods-found-batch-output,JON_188_idf_sha_nods_p1_r100_t518400_5M_25d_16h_43m_10s_tootallnate.java-websocket-fa3909c=org.java_websocket.issues.Issue256Test.runReconnectBlockingScenario8_output_1590442992,1590443643,1590443295,348
251-nods-found-batch-output,JON_188_idf_sha_nods_p1_r100_t518400_5M_25d_16h_43m_10s_tootallnate.java-websocket-fa3909c=org.java_websocket.issues.Issue256Test.runReconnectBlockingScenario9_output_1590442992,1590443721,1590443295,426
251-nods-found-batch-output,JON_188_idf_sha_nods_p1_r100_t518400_5M_25d_16h_43m_10s_tootallnate.java-websocket-fa3909c=org.java_websocket.issues.Issue256Test.runReconnectScenario1_output_1590442992,1590443807,1590443298,509
251-nods-found-batch-output,JON_188_idf_sha_nods_p1_r100_t518400_5M_25d_16h_43m_10s_tootallnate.java-websocket-fa3909c=org.java_websocket.issues.Issue256Test.runReconnectScenario2_output_1590442992,1590443789,1590443295,494
251-nods-found-batch-output,JON_188_idf_sha_nods_p1_r100_t518400_5M_25d_16h_43m_10s_tootallnate.java-websocket-fa3909c=org.java_websocket.issues.Issue256Test.runReconnectScenario4_output_1590442992,1590443798,1590443298,500
251-nods-found-batch-output,JON_188_idf_sha_nods_p1_r100_t518400_5M_25d_16h_43m_10s_tootallnate.java-websocket-fa3909c=org.java_websocket.issues.Issue580Test.runNoCloseBlockingTestScenario0_output_1590442992,1590443709,1590443315,394
251-nods-found-batch-output,JON_188_idf_sha_nods_p1_r100_t518400_5M_25d_16h_43m_10s_tootallnate.java-websocket-fa3909c=org.java_websocket.issues.Issue580Test.runNoCloseBlockingTestScenario2_output_1590442992,1590443735,1590443315,420
251-nods-found-batch-output,JON_188_idf_sha_nods_p1_r100_t518400_5M_25d_16h_43m_10s_tootallnate.java-websocket-fa3909c=org.java_websocket.issues.Issue580Test.runNoCloseBlockingTestScenario3_output_1590442992,1590443765,1590443312,453
251-nods-found-batch-output,JON_188_idf_sha_nods_p1_r100_t518400_5M_25d_16h_43m_10s_tootallnate.java-websocket-fa3909c=org.java_websocket.issues.Issue580Test.runNoCloseBlockingTestScenario4_output_1590442992,1590443765,1590443315,450
251-nods-found-batch-output,JON_188_idf_sha_nods_p1_r100_t518400_5M_25d_16h_43m_10s_tootallnate.java-websocket-fa3909c=org.java_websocket.issues.Issue580Test.runNoCloseBlockingTestScenario5_output_1590442992,1590443722,1590443315,407
251-nods-found-batch-output,JON_188_idf_sha_nods_p1_r100_t518400_5M_25d_16h_43m_10s_tootallnate.java-websocket-fa3909c=org.java_websocket.issues.Issue580Test.runNoCloseBlockingTestScenario8_output_1590442992,1590443706,1590443283,423
251-nods-found-batch-output,JON_188_idf_sha_nods_p1_r100_t518400_5M_25d_16h_43m_10s_tootallnate.java-websocket-fa3909c=org.java_websocket.issues.Issue677Test.testIssue_output_1590442992,1590443716,1590443315,401
251-nods-found-batch-output,JON_188_idf_sha_nods_p1_r100_t518400_5M_25d_16h_43m_10s_tootallnate.java-websocket-fa3909c=org.java_websocket.issues.Issue713Test.testIssue_output_1590442992,1590443755,1590443315,440
251-nods-found-batch-output,JON_188_idf_sha_nods_p1_r100_t518400_5M_25d_16h_43m_10s_tootallnate.java-websocket-fa3909c=org.java_websocket.misc.OpeningHandshakeRejectionTest.testHandshakeRejectionTestCase10_output_1590442992,1590443760,1590443318,442
251-nods-found-batch-output,JON_188_idf_sha_nods_p1_r100_t518400_5M_25d_16h_43m_10s_tootallnate.java-websocket-fa3909c=org.java_websocket.misc.OpeningHandshakeRejectionTest.testHandshakeRejectionTestCase11_output_1590442992,1590443749,1590443321,428
251-nods-found-batch-output,JON_188_idf_sha_nods_p1_r100_t518400_5M_25d_16h_43m_10s_tootallnate.java-websocket-fa3909c=org.java_websocket.misc.OpeningHandshakeRejectionTest.testHandshakeRejectionTestCase1_output_1590442992,1590443739,1590443321,418
251-nods-found-batch-output,JON_188_idf_sha_nods_p1_r100_t518400_5M_25d_16h_43m_10s_tootallnate.java-websocket-fa3909c=org.java_websocket.misc.OpeningHandshakeRejectionTest.testHandshakeRejectionTestCase2_output_1590442992,1590443713,1590443319,394
251-nods-found-batch-output,JON_188_idf_sha_nods_p1_r100_t518400_5M_25d_16h_43m_10s_tootallnate.java-websocket-fa3909c=org.java_websocket.misc.OpeningHandshakeRejectionTest.testHandshakeRejectionTestCase3_output_1590442992,1590443730,1590443318,412
251-nods-found-batch-output,JON_188_idf_sha_nods_p1_r100_t518400_5M_25d_16h_43m_10s_tootallnate.java-websocket-fa3909c=org.java_websocket.misc.OpeningHandshakeRejectionTest.testHandshakeRejectionTestCase4_output_1590442992,1590443719,1590443321,398
251-nods-found-batch-output,JON_188_idf_sha_nods_p1_r100_t518400_5M_25d_16h_43m_10s_tootallnate.java-websocket-fa3909c=org.java_websocket.misc.OpeningHandshakeRejectionTest.testHandshakeRejectionTestCase5_output_1590442992,1590443754,1590443321,433
251-nods-found-batch-output,JON_188_idf_sha_nods_p1_r100_t518400_5M_25d_16h_43m_10s_tootallnate.java-websocket-fa3909c=org.java_websocket.misc.OpeningHandshakeRejectionTest.testHandshakeRejectionTestCase6_output_1590442992,1590443745,1590443321,424
251-nods-found-batch-output,JON_188_idf_sha_nods_p1_r100_t518400_5M_25d_16h_43m_10s_tootallnate.java-websocket-fa3909c=org.java_websocket.misc.OpeningHandshakeRejectionTest.testHandshakeRejectionTestCase7_output_1590442992,1590443746,1590443321,425
251-nods-found-batch-output,JON_188_idf_sha_nods_p1_r100_t518400_5M_25d_16h_43m_10s_tootallnate.java-websocket-fa3909c=org.java_websocket.misc.OpeningHandshakeRejectionTest.testHandshakeRejectionTestCase8_output_1590442992,1590443706,1590443321,385
251-nods-found-batch-output,JON_188_idf_sha_nods_p1_r100_t518400_5M_25d_16h_43m_10s_tootallnate.java-websocket-fa3909c=org.java_websocket.misc.OpeningHandshakeRejectionTest.testHandshakeRejectionTestCase9_output_1590442992,1590443724,1590443328,396
251-nods-found-batch-output,JON_188_idf_sha_nods_p1_r100_t518400_5M_25d_16h_43m_10s_tootallnate.java-websocket-fa3909c=org.java_websocket.protocols.ProtoclHandshakeRejectionTest.testHandshakeRejectionTestCase10_output_1590442992,1590443717,1590443330,387
251-nods-found-batch-output,JON_188_idf_sha_nods_p1_r100_t518400_5M_25d_16h_43m_10s_tootallnate.java-websocket-fa3909c=org.java_websocket.protocols.ProtoclHandshakeRejectionTest.testHandshakeRejectionTestCase11_output_1590442992,1590443694,1590443321,373
251-nods-found-batch-output,JON_188_idf_sha_nods_p1_r100_t518400_5M_25d_16h_43m_10s_tootallnate.java-websocket-fa3909c=org.java_websocket.protocols.ProtoclHandshakeRejectionTest.testHandshakeRejectionTestCase13_output_1590442992,1590443742,1590443324,418
251-nods-found-batch-output,JON_188_idf_sha_nods_p1_r100_t518400_5M_25d_16h_43m_10s_tootallnate.java-websocket-fa3909c=org.java_websocket.protocols.ProtoclHandshakeRejectionTest.testHandshakeRejectionTestCase14_output_1590442992,1590443745,1590443327,418
251-nods-found-batch-output,JON_188_idf_sha_nods_p1_r100_t518400_5M_25d_16h_43m_10s_tootallnate.java-websocket-fa3909c=org.java_websocket.protocols.ProtoclHandshakeRejectionTest.testHandshakeRejectionTestCase16_output_1590442992,1590443733,1590443331,402
251-nods-found-batch-output,JON_188_idf_sha_nods_p1_r100_t518400_5M_25d_16h_43m_10s_visallo.vertexium-f1fd59e=org.vertexium.inmemory.InMemoryGraphTest.manyVisibilities_output_1590442992,1590443381,1590443351,30
251-nods-found-batch-output,JON_188_idf_sha_nods_p1_r100_t518400_5M_25d_16h_43m_10s_tootallnate.java-websocket-fa3909c=org.java_websocket.protocols.ProtoclHandshakeRejectionTest.testHandshakeRejectionTestCase17_output_1590442992,1590443717,1590443328,389
251-nods-found-batch-output,JON_188_idf_sha_nods_p1_r100_t518400_5M_25d_16h_43m_10s_tootallnate.java-websocket-fa3909c=org.java_websocket.protocols.ProtoclHandshakeRejectionTest.testHandshakeRejectionTestCase2_output_1590442992,1590443740,1590443334,406
251-nods-found-batch-output,JON_188_idf_sha_nods_p1_r100_t518400_5M_25d_16h_43m_10s_tootallnate.java-websocket-fa3909c=org.java_websocket.protocols.ProtoclHandshakeRejectionTest.testHandshakeRejectionTestCase3_output_1590442992,1590443744,1590443339,405
251-nods-found-batch-output,JON_188_idf_sha_nods_p1_r100_t518400_5M_25d_16h_43m_10s_tootallnate.java-websocket-fa3909c=org.java_websocket.protocols.ProtoclHandshakeRejectionTest.testHandshakeRejectionTestCase4_output_1590442992,1590443752,1590443335,417
251-nods-found-batch-output,JON_188_idf_sha_nods_p1_r100_t518400_5M_25d_16h_43m_10s_tootallnate.java-websocket-fa3909c=org.java_websocket.protocols.ProtoclHandshakeRejectionTest.testHandshakeRejectionTestCase6_output_1590442992,1590443723,1590443334,389
251-nods-found-batch-output,JON_188_idf_sha_nods_p1_r100_t518400_5M_25d_16h_43m_10s_tootallnate.java-websocket-fa3909c=org.java_websocket.protocols.ProtoclHandshakeRejectionTest.testHandshakeRejectionTestCase8_output_1590442992,1590443689,1590443336,353
251-nods-found-batch-output,JON_188_idf_sha_nods_p1_r100_t518400_5M_25d_16h_43m_10s_tootallnate.java-websocket-fa3909c=org.java_websocket.protocols.ProtoclHandshakeRejectionTest.testHandshakeRejectionTestCase9_output_1590442992,1590443730,1590443339,391
251-nods-found-batch-output,JON_188_idf_sha_nods_p1_r100_t518400_5M_25d_16h_43m_10s_vert-x3.vertx-mqtt-c8213e0=io.vertx.mqtt.test.server.MqttServerClientIdentifierTest.testValidClientIdentifier_output_1590442992,1590443354,1590443342,12
251-nods-found-batch-output,JON_188_idf_sha_nods_p1_r100_t518400_5M_25d_16h_43m_10s_vert-x3.vertx-mqtt-c8213e0=io.vertx.mqtt.test.server.MqttServerClientPublishTest.publishQos0_output_1590442992,1590443356,1590443342,14
251-nods-found-batch-output,JON_188_idf_sha_nods_p1_r100_t518400_5M_25d_16h_43m_10s_vert-x3.vertx-mqtt-c8213e0=io.vertx.mqtt.test.server.MqttServerConnectionTest.accepted_output_1590442992,1590443357,1590443342,15
251-nods-found-batch-output,JON_188_idf_sha_nods_p1_r100_t518400_5M_25d_16h_43m_10s_vert-x3.vertx-mqtt-c8213e0=io.vertx.mqtt.test.server.MqttServerConnectionTest.connectionAlreadyAccepted_output_1590442992,1590443369,1590443349,20
251-nods-found-batch-output,JON_188_idf_sha_nods_p1_r100_t518400_5M_25d_16h_43m_10s_vert-x3.vertx-mqtt-c8213e0=io.vertx.mqtt.test.server.MqttServerConnectionTest.noConnectSent_output_1590442992,1590443356,1590443342,14
251-nods-found-batch-output,JON_188_idf_sha_nods_p1_r100_t518400_5M_25d_16h_43m_10s_vert-x3.vertx-mqtt-c8213e0=io.vertx.mqtt.test.server.MqttServerUnsubscribeTest.unsubscribe_output_1590442992,1590443357,1590443342,15
251-nods-found-batch-output,JON_188_idf_sha_nods_p1_r100_t518400_5M_25d_16h_43m_10s_visallo.vertexium-f1fd59e=org.vertexium.accumulo.AccumuloGraphTest.testFindPathsMultiplePaths_output_1590442992,1590443393,1590443351,42
251-nods-found-batch-output,JON_188_idf_sha_nods_p1_r100_t518400_5M_25d_16h_43m_10s_visallo.vertexium-f1fd59e=org.vertexium.accumulo.AccumuloGraphTest.testFindRelatedEdgesPerformance_output_1590442992,1590443393,1590443354,39
251-nods-found-batch-output,JON_188_idf_sha_nods_p1_r100_t518400_5M_25d_16h_43m_10s_visallo.vertexium-f1fd59e=org.vertexium.inmemory.InMemoryGraphTest.testMarkPropertyVisible_output_1590442992,1590443388,1590443359,29
251-nods-found-batch-output,JON_188_idf_sha_nods_p1_r100_t518400_5M_25d_16h_43m_10s_visallo.vertexium-f1fd59e=org.vertexium.util.IncreasingTimeTest.currentTimeMillisReturnsTimeGreaterThanSystemTime_output_1590442992,1590443381,1590443358,23
251-nods-found-batch-output,JON_188_idf_sha_nods_p1_r100_t518400_5M_25d_16h_46m_9s_vert-x3.vertx-mqtt-c8213e0=io.vertx.mqtt.test.server.MqttServerClientIdentifierTest.testValidClientIdentifier_output_1590443173,1590443550,1590443533,17
251-nods-found-batch-output,JON_188_idf_sha_nods_p1_r100_t518400_5M_25d_16h_46m_9s_vert-x3.vertx-mqtt-c8213e0=io.vertx.mqtt.test.server.MqttServerClientPublishTest.publishQos0_output_1590443173,1590443564,1590443548,16
251-nods-found-batch-output,JON_188_idf_sha_nods_p1_r100_t518400_5M_25d_16h_46m_9s_vert-x3.vertx-mqtt-c8213e0=io.vertx.mqtt.test.server.MqttServerConnectionTest.accepted_output_1590443173,1590443577,1590443562,15
251-nods-found-batch-output,JON_188_idf_sha_nods_p1_r100_t518400_5M_25d_16h_46m_9s_visallo.vertexium-f1fd59e=org.vertexium.inmemory.InMemoryGraphTest.manyVisibilities_output_1590443173,1590443583,1590443553,30
251-nods-found-batch-output,JON_188_idf_sha_nods_p1_r100_t518400_5M_25d_16h_46m_9s_vert-x3.vertx-mqtt-c8213e0=io.vertx.mqtt.test.server.MqttServerConnectionTest.connectionAlreadyAccepted_output_1590443173,1590443543,1590443527,16
251-nods-found-batch-output,JON_188_idf_sha_nods_p1_r100_t518400_5M_25d_16h_46m_9s_vert-x3.vertx-mqtt-c8213e0=io.vertx.mqtt.test.server.MqttServerConnectionTest.noConnectSent_output_1590443173,1590443549,1590443533,16
251-nods-found-batch-output,JON_188_idf_sha_nods_p1_r100_t518400_5M_25d_16h_46m_9s_vert-x3.vertx-mqtt-c8213e0=io.vertx.mqtt.test.server.MqttServerUnsubscribeTest.unsubscribe_output_1590443173,1590443551,1590443536,15
251-nods-found-batch-output,JON_188_idf_sha_nods_p1_r100_t518400_5M_25d_16h_46m_9s_visallo.vertexium-f1fd59e=org.vertexium.accumulo.AccumuloGraphTest.testFindPathsMultiplePaths_output_1590443173,1590443584,1590443545,39
251-nods-found-batch-output,JON_188_idf_sha_nods_p1_r100_t518400_5M_25d_16h_46m_9s_visallo.vertexium-f1fd59e=org.vertexium.accumulo.AccumuloGraphTest.testFindRelatedEdgesPerformance_output_1590443173,1590443594,1590443553,41
251-nods-found-batch-output,JON_188_idf_sha_nods_p1_r100_t518400_5M_25d_16h_46m_9s_visallo.vertexium-f1fd59e=org.vertexium.inmemory.InMemoryGraphTest.testMarkPropertyVisible_output_1590443173,1590443582,1590443554,28
251-nods-found-batch-output,JON_188_idf_sha_nods_p1_r100_t518400_5M_25d_16h_46m_9s_visallo.vertexium-f1fd59e=org.vertexium.util.IncreasingTimeTest.currentTimeMillisReturnsTimeGreaterThanSystemTime_output_1590443173,1590443587,1590443557,30
251-nods-found-batch-output,JON_188_idf_sha_nods_p1_r100_t518400_5M_25d_16h_49m_9s_vert-x3.vertx-mqtt-c8213e0=io.vertx.mqtt.test.server.MqttServerClientIdentifierTest.testValidClientIdentifier_output_1590443353,1590443733,1590443716,17
251-nods-found-batch-output,JON_188_idf_sha_nods_p1_r100_t518400_5M_25d_16h_49m_9s_vert-x3.vertx-mqtt-c8213e0=io.vertx.mqtt.test.server.MqttServerClientPublishTest.publishQos0_output_1590443353,1590443723,1590443709,14
251-nods-found-batch-output,JON_188_idf_sha_nods_p1_r100_t518400_5M_25d_16h_49m_9s_vert-x3.vertx-mqtt-c8213e0=io.vertx.mqtt.test.server.MqttServerConnectionTest.accepted_output_1590443353,1590443724,1590443709,15
251-nods-found-batch-output,JON_188_idf_sha_nods_p1_r100_t518400_5M_25d_16h_49m_9s_vert-x3.vertx-mqtt-c8213e0=io.vertx.mqtt.test.server.MqttServerConnectionTest.connectionAlreadyAccepted_output_1590443353,1590443724,1590443709,15
251-nods-found-batch-output,JON_188_idf_sha_nods_p1_r100_t518400_5M_25d_16h_49m_9s_vert-x3.vertx-mqtt-c8213e0=io.vertx.mqtt.test.server.MqttServerConnectionTest.noConnectSent_output_1590443353,1590443726,1590443711,15
251-nods-found-batch-output,JON_188_idf_sha_nods_p1_r100_t518400_5M_25d_16h_49m_9s_vert-x3.vertx-mqtt-c8213e0=io.vertx.mqtt.test.server.MqttServerUnsubscribeTest.unsubscribe_output_1590443353,1590443730,1590443716,14
251-nods-found-batch-output,JON_188_idf_sha_nods_p1_r100_t518400_5M_25d_16h_49m_9s_visallo.vertexium-f1fd59e=org.vertexium.accumulo.AccumuloGraphTest.testFindPathsMultiplePaths_output_1590443353,1590443764,1590443727,37
251-nods-found-batch-output,JON_188_idf_sha_nods_p1_r100_t518400_5M_25d_16h_49m_9s_visallo.vertexium-f1fd59e=org.vertexium.accumulo.AccumuloGraphTest.testFindRelatedEdgesPerformance_output_1590443353,1590443769,1590443729,40
251-nods-found-batch-output,JON_188_idf_sha_nods_p1_r100_t518400_5M_25d_16h_49m_9s_visallo.vertexium-f1fd59e=org.vertexium.inmemory.InMemoryGraphTest.manyVisibilities_output_1590443353,1590443757,1590443727,30
251-nods-found-batch-output,JON_188_idf_sha_nods_p1_r100_t518400_5M_25d_16h_49m_9s_visallo.vertexium-f1fd59e=org.vertexium.inmemory.InMemoryGraphTest.testMarkPropertyVisible_output_1590443353,1590443765,1590443735,30
251-nods-found-batch-output,JON_188_idf_sha_nods_p1_r100_t518400_5M_25d_16h_49m_9s_visallo.vertexium-f1fd59e=org.vertexium.util.IncreasingTimeTest.currentTimeMillisReturnsTimeGreaterThanSystemTime_output_1590443353,1590443763,1590443737,26
251-nods-found-batch-output,JON_188_idf_sha_nods_p1_r100_t518400_5M_25d_16h_4m_9s_square.retrofit-ae28c3d=retrofit2.adapter.rxjava.CompletableThrowingSafeSubscriberTest.throwingInOnCompleteDeliveredToPlugin_output_1590440653,1590441302,1590440914,388
251-nods-found-batch-output,JON_188_idf_sha_nods_p1_r100_t518400_5M_25d_16h_4m_9s_square.retrofit-ae28c3d=retrofit2.CallTest.cancelOkHttpRequest_output_1590440653,1590441576,1590440909,667
251-nods-found-batch-output,JON_188_idf_sha_nods_p1_r100_t518400_5M_25d_16h_4m_9s_square.retrofit-ae28c3d=retrofit2.CallTest.cancelRequest_output_1590440653,1590441617,1590440923,694
251-nods-found-batch-output,JON_188_idf_sha_nods_p1_r100_t518400_5M_25d_16h_4m_9s_tootallnate.java-websocket-fa3909c=org.java_websocket.issues.Issue256Test.runReconnectBlockingScenario1_output_1590440653,1590441397,1590440928,469
251-nods-found-batch-output,JON_188_idf_sha_nods_p1_r100_t518400_5M_25d_16h_4m_9s_tootallnate.java-websocket-fa3909c=org.java_websocket.issues.Issue256Test.runReconnectBlockingScenario2_output_1590440653,1590441400,1590440928,472
251-nods-found-batch-output,JON_188_idf_sha_nods_p1_r100_t518400_5M_25d_16h_4m_9s_tootallnate.java-websocket-fa3909c=org.java_websocket.issues.Issue256Test.runReconnectBlockingScenario3_output_1590440653,1590441386,1590440935,451
251-nods-found-batch-output,JON_188_idf_sha_nods_p1_r100_t518400_5M_25d_16h_4m_9s_tootallnate.java-websocket-fa3909c=org.java_websocket.issues.Issue256Test.runReconnectBlockingScenario4_output_1590440653,1590441419,1590440925,494
251-nods-found-batch-output,JON_188_idf_sha_nods_p1_r100_t518400_5M_25d_16h_4m_9s_tootallnate.java-websocket-fa3909c=org.java_websocket.issues.Issue256Test.runReconnectBlockingScenario5_output_1590440653,1590441404,1590440929,475
251-nods-found-batch-output,JON_188_idf_sha_nods_p1_r100_t518400_5M_25d_16h_4m_9s_tootallnate.java-websocket-fa3909c=org.java_websocket.issues.Issue256Test.runReconnectBlockingScenario6_output_1590440653,1590441395,1590440929,466
251-nods-found-batch-output,JON_188_idf_sha_nods_p1_r100_t518400_5M_25d_16h_4m_9s_tootallnate.java-websocket-fa3909c=org.java_websocket.issues.Issue256Test.runReconnectBlockingScenario7_output_1590440653,1590441397,1590440933,464
251-nods-found-batch-output,JON_188_idf_sha_nods_p1_r100_t518400_5M_25d_16h_4m_9s_tootallnate.java-websocket-fa3909c=org.java_websocket.issues.Issue256Test.runReconnectBlockingScenario8_output_1590440653,1590441385,1590440932,453
251-nods-found-batch-output,JON_188_idf_sha_nods_p1_r100_t518400_5M_25d_16h_4m_9s_tootallnate.java-websocket-fa3909c=org.java_websocket.issues.Issue256Test.runReconnectBlockingScenario9_output_1590440653,1590441385,1590440935,450
251-nods-found-batch-output,JON_188_idf_sha_nods_p1_r100_t518400_5M_25d_16h_4m_9s_tootallnate.java-websocket-fa3909c=org.java_websocket.issues.Issue256Test.runReconnectScenario0_output_1590440653,1590441479,1590440937,542
251-nods-found-batch-output,JON_188_idf_sha_nods_p1_r100_t518400_5M_25d_16h_4m_9s_tootallnate.java-websocket-fa3909c=org.java_websocket.issues.Issue256Test.runReconnectScenario1_output_1590440653,1590441493,1590440940,553
251-nods-found-batch-output,JON_188_idf_sha_nods_p1_r100_t518400_5M_25d_16h_4m_9s_tootallnate.java-websocket-fa3909c=org.java_websocket.issues.Issue256Test.runReconnectScenario2_output_1590440653,1590441506,1590440935,571
251-nods-found-batch-output,JON_188_idf_sha_nods_p1_r100_t518400_5M_25d_16h_4m_9s_tootallnate.java-websocket-fa3909c=org.java_websocket.issues.Issue256Test.runReconnectScenario3_output_1590440653,1590441445,1590440940,505
251-nods-found-batch-output,JON_188_idf_sha_nods_p1_r100_t518400_5M_25d_16h_4m_9s_tootallnate.java-websocket-fa3909c=org.java_websocket.issues.Issue256Test.runReconnectScenario4_output_1590440653,1590441453,1590440940,513
251-nods-found-batch-output,JON_188_idf_sha_nods_p1_r100_t518400_5M_25d_16h_4m_9s_tootallnate.java-websocket-fa3909c=org.java_websocket.issues.Issue256Test.runReconnectScenario5_output_1590440653,1590441470,1590440942,528
251-nods-found-batch-output,JON_188_idf_sha_nods_p1_r100_t518400_5M_25d_16h_4m_9s_tootallnate.java-websocket-fa3909c=org.java_websocket.issues.Issue677Test.testIssue_output_1590440653,1590441398,1590440949,449
251-nods-found-batch-output,JON_188_idf_sha_nods_p1_r100_t518400_5M_25d_16h_4m_9s_tootallnate.java-websocket-fa3909c=org.java_websocket.issues.Issue256Test.runReconnectScenario6_output_1590440653,1590441490,1590440947,543
251-nods-found-batch-output,JON_188_idf_sha_nods_p1_r100_t518400_5M_25d_16h_4m_9s_tootallnate.java-websocket-fa3909c=org.java_websocket.issues.Issue256Test.runReconnectScenario7_output_1590440653,1590441439,1590440913,526
251-nods-found-batch-output,JON_188_idf_sha_nods_p1_r100_t518400_5M_25d_16h_4m_9s_tootallnate.java-websocket-fa3909c=org.java_websocket.issues.Issue256Test.runReconnectScenario8_output_1590440653,1590441519,1590440946,573
251-nods-found-batch-output,JON_188_idf_sha_nods_p1_r100_t518400_5M_25d_16h_4m_9s_tootallnate.java-websocket-fa3909c=org.java_websocket.issues.Issue256Test.runReconnectScenario9_output_1590440653,1590441492,1590440959,533
251-nods-found-batch-output,JON_188_idf_sha_nods_p1_r100_t518400_5M_25d_16h_4m_9s_tootallnate.java-websocket-fa3909c=org.java_websocket.issues.Issue580Test.runNoCloseBlockingTestScenario0_output_1590440653,1590441400,1590440946,454
251-nods-found-batch-output,JON_188_idf_sha_nods_p1_r100_t518400_5M_25d_16h_4m_9s_tootallnate.java-websocket-fa3909c=org.java_websocket.issues.Issue580Test.runNoCloseBlockingTestScenario2_output_1590440653,1590441443,1590440942,501
251-nods-found-batch-output,JON_188_idf_sha_nods_p1_r100_t518400_5M_25d_16h_4m_9s_tootallnate.java-websocket-fa3909c=org.java_websocket.issues.Issue580Test.runNoCloseBlockingTestScenario3_output_1590440653,1590441454,1590440959,495
251-nods-found-batch-output,JON_188_idf_sha_nods_p1_r100_t518400_5M_25d_16h_4m_9s_tootallnate.java-websocket-fa3909c=org.java_websocket.issues.Issue580Test.runNoCloseBlockingTestScenario4_output_1590440653,1590441402,1590440946,456
251-nods-found-batch-output,JON_188_idf_sha_nods_p1_r100_t518400_5M_25d_16h_4m_9s_tootallnate.java-websocket-fa3909c=org.java_websocket.issues.Issue580Test.runNoCloseBlockingTestScenario5_output_1590440653,1590441464,1590440958,506
251-nods-found-batch-output,JON_188_idf_sha_nods_p1_r100_t518400_5M_25d_16h_4m_9s_tootallnate.java-websocket-fa3909c=org.java_websocket.issues.Issue580Test.runNoCloseBlockingTestScenario8_output_1590440653,1590441429,1590440970,459
251-nods-found-batch-output,JON_188_idf_sha_nods_p1_r100_t518400_5M_25d_16h_4m_9s_tootallnate.java-websocket-fa3909c=org.java_websocket.issues.Issue713Test.testIssue_output_1590440653,1590441479,1590440963,516
251-nods-found-batch-output,JON_188_idf_sha_nods_p1_r100_t518400_5M_25d_16h_4m_9s_tootallnate.java-websocket-fa3909c=org.java_websocket.misc.OpeningHandshakeRejectionTest.testHandshakeRejectionTestCase10_output_1590440653,1590441420,1590440965,455
251-nods-found-batch-output,JON_188_idf_sha_nods_p1_r100_t518400_5M_25d_16h_4m_9s_tootallnate.java-websocket-fa3909c=org.java_websocket.misc.OpeningHandshakeRejectionTest.testHandshakeRejectionTestCase11_output_1590440653,1590441446,1590440979,467
251-nods-found-batch-output,JON_188_idf_sha_nods_p1_r100_t518400_5M_25d_16h_4m_9s_tootallnate.java-websocket-fa3909c=org.java_websocket.misc.OpeningHandshakeRejectionTest.testHandshakeRejectionTestCase1_output_1590440653,1590441429,1590440968,461
251-nods-found-batch-output,JON_188_idf_sha_nods_p1_r100_t518400_5M_25d_16h_4m_9s_tootallnate.java-websocket-fa3909c=org.java_websocket.misc.OpeningHandshakeRejectionTest.testHandshakeRejectionTestCase2_output_1590440653,1590441403,1590440970,433
251-nods-found-batch-output,JON_188_idf_sha_nods_p1_r100_t518400_5M_25d_16h_4m_9s_tootallnate.java-websocket-fa3909c=org.java_websocket.misc.OpeningHandshakeRejectionTest.testHandshakeRejectionTestCase3_output_1590440653,1590441561,1590441098,463
251-nods-found-batch-output,JON_188_idf_sha_nods_p1_r100_t518400_5M_25d_16h_4m_9s_tootallnate.java-websocket-fa3909c=org.java_websocket.misc.OpeningHandshakeRejectionTest.testHandshakeRejectionTestCase4_output_1590440653,1590441447,1590440965,482
251-nods-found-batch-output,JON_188_idf_sha_nods_p1_r100_t518400_5M_25d_16h_4m_9s_tootallnate.java-websocket-fa3909c=org.java_websocket.misc.OpeningHandshakeRejectionTest.testHandshakeRejectionTestCase5_output_1590440653,1590441408,1590440968,440
251-nods-found-batch-output,JON_188_idf_sha_nods_p1_r100_t518400_5M_25d_16h_4m_9s_tootallnate.java-websocket-fa3909c=org.java_websocket.misc.OpeningHandshakeRejectionTest.testHandshakeRejectionTestCase6_output_1590440653,1590441451,1590440984,467
251-nods-found-batch-output,JON_188_idf_sha_nods_p1_r100_t518400_5M_25d_16h_7m_9s_square.retrofit-ae28c3d=retrofit2.CallTest.cancelOkHttpRequest_output_1590440833,1590441820,1590441100,720
251-nods-found-batch-output,JON_188_idf_sha_nods_p1_r100_t518400_5M_25d_16h_4m_9s_tootallnate.java-websocket-fa3909c=org.java_websocket.misc.OpeningHandshakeRejectionTest.testHandshakeRejectionTestCase7_output_1590440653,1590441442,1590440971,471
251-nods-found-batch-output,JON_188_idf_sha_nods_p1_r100_t518400_5M_25d_16h_4m_9s_tootallnate.java-websocket-fa3909c=org.java_websocket.misc.OpeningHandshakeRejectionTest.testHandshakeRejectionTestCase8_output_1590440653,1590441346,1590440972,374
251-nods-found-batch-output,JON_188_idf_sha_nods_p1_r100_t518400_5M_25d_16h_4m_9s_tootallnate.java-websocket-fa3909c=org.java_websocket.misc.OpeningHandshakeRejectionTest.testHandshakeRejectionTestCase9_output_1590440653,1590441448,1590440977,471
251-nods-found-batch-output,JON_188_idf_sha_nods_p1_r100_t518400_5M_25d_16h_4m_9s_tootallnate.java-websocket-fa3909c=org.java_websocket.protocols.ProtoclHandshakeRejectionTest.testHandshakeRejectionTestCase10_output_1590440653,1590441427,1590440981,446
251-nods-found-batch-output,JON_188_idf_sha_nods_p1_r100_t518400_5M_25d_16h_4m_9s_tootallnate.java-websocket-fa3909c=org.java_websocket.protocols.ProtoclHandshakeRejectionTest.testHandshakeRejectionTestCase11_output_1590440653,1590441430,1590440981,449
251-nods-found-batch-output,JON_188_idf_sha_nods_p1_r100_t518400_5M_25d_16h_4m_9s_tootallnate.java-websocket-fa3909c=org.java_websocket.protocols.ProtoclHandshakeRejectionTest.testHandshakeRejectionTestCase13_output_1590440653,1590441445,1590440975,470
251-nods-found-batch-output,JON_188_idf_sha_nods_p1_r100_t518400_5M_25d_16h_4m_9s_tootallnate.java-websocket-fa3909c=org.java_websocket.protocols.ProtoclHandshakeRejectionTest.testHandshakeRejectionTestCase14_output_1590440653,1590441451,1590440984,467
251-nods-found-batch-output,JON_188_idf_sha_nods_p1_r100_t518400_5M_25d_16h_4m_9s_tootallnate.java-websocket-fa3909c=org.java_websocket.protocols.ProtoclHandshakeRejectionTest.testHandshakeRejectionTestCase16_output_1590440653,1590441410,1590440986,424
251-nods-found-batch-output,JON_188_idf_sha_nods_p1_r100_t518400_5M_25d_16h_4m_9s_tootallnate.java-websocket-fa3909c=org.java_websocket.protocols.ProtoclHandshakeRejectionTest.testHandshakeRejectionTestCase17_output_1590440653,1590441414,1590441001,413
251-nods-found-batch-output,JON_188_idf_sha_nods_p1_r100_t518400_5M_25d_16h_4m_9s_tootallnate.java-websocket-fa3909c=org.java_websocket.protocols.ProtoclHandshakeRejectionTest.testHandshakeRejectionTestCase2_output_1590440653,1590441457,1590441026,431
251-nods-found-batch-output,JON_188_idf_sha_nods_p1_r100_t518400_5M_25d_16h_4m_9s_tootallnate.java-websocket-fa3909c=org.java_websocket.protocols.ProtoclHandshakeRejectionTest.testHandshakeRejectionTestCase3_output_1590440653,1590441404,1590441003,401
251-nods-found-batch-output,JON_188_idf_sha_nods_p1_r100_t518400_5M_25d_16h_4m_9s_tootallnate.java-websocket-fa3909c=org.java_websocket.protocols.ProtoclHandshakeRejectionTest.testHandshakeRejectionTestCase4_output_1590440653,1590441425,1590440988,437
251-nods-found-batch-output,JON_188_idf_sha_nods_p1_r100_t518400_5M_25d_16h_4m_9s_tootallnate.java-websocket-fa3909c=org.java_websocket.protocols.ProtoclHandshakeRejectionTest.testHandshakeRejectionTestCase6_output_1590440653,1590441492,1590441022,470
251-nods-found-batch-output,JON_188_idf_sha_nods_p1_r100_t518400_5M_25d_16h_4m_9s_tootallnate.java-websocket-fa3909c=org.java_websocket.protocols.ProtoclHandshakeRejectionTest.testHandshakeRejectionTestCase8_output_1590440653,1590441425,1590441010,415
251-nods-found-batch-output,JON_188_idf_sha_nods_p1_r100_t518400_5M_25d_16h_4m_9s_tootallnate.java-websocket-fa3909c=org.java_websocket.protocols.ProtoclHandshakeRejectionTest.testHandshakeRejectionTestCase9_output_1590440653,1590441480,1590441020,460
251-nods-found-batch-output,JON_188_idf_sha_nods_p1_r100_t518400_5M_25d_16h_4m_9s_undertow-io.undertow-d0efffa=io.undertow.websockets.jsr.test.JsrWebSocketServer07Test.testErrorHandling_output_1590440653,1590441948,1590441056,892
251-nods-found-batch-output,JON_188_idf_sha_nods_p1_r100_t518400_5M_25d_16h_4m_9s_undertow-io.undertow-d0efffa=io.undertow.websockets.jsr.test.JsrWebSocketServer08Test.testErrorHandling_output_1590440653,1590441941,1590441048,893
251-nods-found-batch-output,JON_188_idf_sha_nods_p1_r100_t518400_5M_25d_16h_4m_9s_undertow-io.undertow-d0efffa=io.undertow.websockets.jsr.test.JsrWebSocketServer13Test.testErrorHandling_output_1590440653,1590441884,1590441025,859
251-nods-found-batch-output,JON_188_idf_sha_nods_p1_r100_t518400_5M_25d_16h_4m_9s_undertow-io.undertow-d0efffa=io.undertow.websockets.jsr.test.reconnect.ClientEndpointReconnectTestCase.testAnnotatedClientEndpoint_output_1590440653,1590441952,1590441049,903
251-nods-found-batch-output,JON_188_idf_sha_nods_p1_r100_t518400_5M_25d_16h_4m_9s_vert-x3.vertx-mqtt-c8213e0=io.vertx.mqtt.test.server.MqttServerClientIdentifierTest.testValidClientIdentifier_output_1590440653,1590441045,1590441029,16
251-nods-found-batch-output,JON_188_idf_sha_nods_p1_r100_t518400_5M_25d_16h_4m_9s_vert-x3.vertx-mqtt-c8213e0=io.vertx.mqtt.test.server.MqttServerClientPublishTest.publishQos0_output_1590440653,1590441051,1590441047,4
251-nods-found-batch-output,JON_188_idf_sha_nods_p1_r100_t518400_5M_25d_16h_4m_9s_vert-x3.vertx-mqtt-c8213e0=io.vertx.mqtt.test.server.MqttServerConnectionTest.accepted_output_1590440653,1590441061,1590441047,14
251-nods-found-batch-output,JON_188_idf_sha_nods_p1_r100_t518400_5M_25d_16h_4m_9s_vert-x3.vertx-mqtt-c8213e0=io.vertx.mqtt.test.server.MqttServerConnectionTest.connectionAlreadyAccepted_output_1590440653,1590441054,1590441049,5
251-nods-found-batch-output,JON_188_idf_sha_nods_p1_r100_t518400_5M_25d_16h_4m_9s_vert-x3.vertx-mqtt-c8213e0=io.vertx.mqtt.test.server.MqttServerConnectionTest.noConnectSent_output_1590440653,1590441045,1590441029,16
251-nods-found-batch-output,JON_188_idf_sha_nods_p1_r100_t518400_5M_25d_16h_4m_9s_vert-x3.vertx-mqtt-c8213e0=io.vertx.mqtt.test.server.MqttServerUnsubscribeTest.unsubscribe_output_1590440653,1590441044,1590441029,15
251-nods-found-batch-output,JON_188_idf_sha_nods_p1_r100_t518400_5M_25d_16h_4m_9s_vert-x3.vertx-rabbitmq-client-7305bcd=io.vertx.rabbitmq.RabbitMQClientReconnectTest.testReconnect_output_1590440653,1590441776,1590441047,729
251-nods-found-batch-output,JON_188_idf_sha_nods_p1_r100_t518400_5M_25d_16h_4m_9s_vert-x3.vertx-rabbitmq-client-7305bcd=io.vertx.rabbitmq.RabbitMQConsumptionStreamingTest.keepMostRecentOptionShouldWorks_output_1590440653,1590441690,1590441049,641
251-nods-found-batch-output,JON_188_idf_sha_nods_p1_r100_t518400_5M_25d_16h_4m_9s_vert-x3.vertx-rabbitmq-client-7305bcd=io.vertx.rabbitmq.RabbitMQConsumptionStreamingTest.pauseAndResumeShouldWork_output_1590440653,1590441704,1590441036,668
251-nods-found-batch-output,JON_188_idf_sha_nods_p1_r100_t518400_5M_25d_16h_4m_9s_vert-x3.vertx-rabbitmq-client-7305bcd=io.vertx.rabbitmq.RabbitMQServiceTest.testBasicCancel_output_1590440653,1590441723,1590441054,669
251-nods-found-batch-output,JON_188_idf_sha_nods_p1_r100_t518400_5M_25d_16h_4m_9s_vert-x3.vertx-rabbitmq-client-7305bcd=io.vertx.rabbitmq.RabbitMQServiceTest.testBasicConsume_output_1590440653,1590441697,1590441047,650
251-nods-found-batch-output,JON_188_idf_sha_nods_p1_r100_t518400_5M_25d_16h_4m_9s_vert-x3.vertx-rabbitmq-client-7305bcd=io.vertx.rabbitmq.RabbitMQServiceTest.testGetMessageCount_output_1590440653,1590441722,1590441049,673
251-nods-found-batch-output,JON_188_idf_sha_nods_p1_r100_t518400_5M_25d_16h_4m_9s_vert-x3.vertx-rabbitmq-client-7305bcd=io.vertx.rabbitmq.RabbitMQServiceTest.testMessageOrderingWhenConsumingNewApi_output_1590440653,1590441703,1590441051,652
251-nods-found-batch-output,JON_188_idf_sha_nods_p1_r100_t518400_5M_25d_16h_4m_9s_visallo.vertexium-f1fd59e=org.vertexium.accumulo.AccumuloGraphTest.testFindPathsMultiplePaths_output_1590440653,1590441100,1590441056,44
251-nods-found-batch-output,JON_188_idf_sha_nods_p1_r100_t518400_5M_25d_16h_4m_9s_visallo.vertexium-f1fd59e=org.vertexium.accumulo.AccumuloGraphTest.testFindRelatedEdgesPerformance_output_1590440653,1590441095,1590441051,44
251-nods-found-batch-output,JON_188_idf_sha_nods_p1_r100_t518400_5M_25d_16h_4m_9s_visallo.vertexium-f1fd59e=org.vertexium.inmemory.InMemoryGraphTest.manyVisibilities_output_1590440653,1590441104,1590441089,15
251-nods-found-batch-output,JON_188_idf_sha_nods_p1_r100_t518400_5M_25d_16h_4m_9s_visallo.vertexium-f1fd59e=org.vertexium.inmemory.InMemoryGraphTest.testMarkPropertyVisible_output_1590440653,1590441085,1590441054,31
251-nods-found-batch-output,JON_188_idf_sha_nods_p1_r100_t518400_5M_25d_16h_4m_9s_visallo.vertexium-f1fd59e=org.vertexium.util.IncreasingTimeTest.currentTimeMillisReturnsTimeGreaterThanSystemTime_output_1590440653,1590441079,1590441054,25
251-nods-found-batch-output,JON_188_idf_sha_nods_p1_r100_t518400_5M_25d_16h_4m_9s_vmware.admiral-e4b0293=com.vmware.admiral.adapter.registry.service.RegistryAdapterServiceProxyTest.testInitWithProxyWithList_output_1590440653,1590441736,1590441056,680
251-nods-found-batch-output,JON_188_idf_sha_nods_p1_r100_t518400_5M_25d_16h_4m_9s_vmware.admiral-e4b0293=com.vmware.admiral.adapter.registry.service.RegistryAdapterServiceTest.testDockerHubListImageTags_output_1590440653,1590441922,1590441068,854
251-nods-found-batch-output,JON_188_idf_sha_nods_p1_r100_t518400_5M_25d_16h_4m_9s_vmware.admiral-e4b0293=com.vmware.admiral.adapter.registry.service.RegistryAdapterServiceTest.testSameRegistryAsGlobalAndProject_output_1590440653,1590441909,1590441068,841
251-nods-found-batch-output,JON_188_idf_sha_nods_p1_r100_t518400_5M_25d_16h_4m_9s_vmware.admiral-e4b0293=com.vmware.admiral.adapter.registry.service.RegistryAdapterServiceTest.testSameRegistryTwoDifferentProjectsNotRemoveOldTenantLinkShouldFail_output_1590440653,1590441842,1590441059,783
251-nods-found-batch-output,JON_188_idf_sha_nods_p1_r100_t518400_5M_25d_16h_4m_9s_vmware.admiral-e4b0293=com.vmware.admiral.adapter.registry.service.RegistryAdapterServiceTest.testV1Ping_output_1590440653,1590441867,1590441059,808
251-nods-found-batch-output,JON_188_idf_sha_nods_p1_r100_t518400_5M_25d_16h_4m_9s_wro4j.wro4j-185ab60=ro.isdc.wro.extensions.processor.TestBourbonCssProcessor.shouldBeThreadSafe_output_1590440653,1590442086,1590441063,1023
251-nods-found-batch-output,JON_188_idf_sha_nods_p1_r100_t518400_5M_25d_16h_4m_9s_wro4j.wro4j-185ab60=ro.isdc.wro.extensions.processor.TestRubySassCssProcessor.shouldBeThreadSafeWhenInitializingProcessor_output_1590440653,1590442293,1590441064,1229
251-nods-found-batch-output,JON_188_idf_sha_nods_p1_r100_t518400_5M_25d_16h_4m_9s_wso2.carbon-apimgt-a82213e=org.wso2.carbon.apimgt.throttling.siddhi.extension.ThrottleTimeBatchWindowTestCase.throttleTimeWindowBatchTest1_output_1590440653,1590443320,1590441059,2261
251-nods-found-batch-output,JON_188_idf_sha_nods_p1_r100_t518400_5M_25d_16h_4m_9s_zalando.riptide-8277e11=org.zalando.riptide.backup.BackupRequestPluginTest.shouldUseBackupRequest_output_1590440653,1590442090,1590441064,1026
251-nods-found-batch-output,JON_188_idf_sha_nods_p1_r100_t518400_5M_25d_16h_4m_9s_zalando.riptide-8277e11=org.zalando.riptide.failsafe.RetryAfterDelayFunctionTest.shouldRetryOnDemandWithDynamicDelay_output_1590440653,1590442068,1590441082,986
251-nods-found-batch-output,JON_188_idf_sha_nods_p1_r100_t518400_5M_25d_16h_7m_9s_square.retrofit-ae28c3d=retrofit2.adapter.rxjava.CompletableThrowingSafeSubscriberTest.throwingInOnCompleteDeliveredToPlugin_output_1590440833,1590441447,1590441100,347
251-nods-found-batch-output,JON_188_idf_sha_nods_p1_r100_t518400_5M_25d_16h_7m_9s_square.retrofit-ae28c3d=retrofit2.CallTest.cancelRequest_output_1590440833,1590441904,1590441120,784
251-nods-found-batch-output,JON_188_idf_sha_nods_p1_r100_t518400_5M_25d_16h_7m_9s_tootallnate.java-websocket-fa3909c=org.java_websocket.issues.Issue256Test.runReconnectBlockingScenario1_output_1590440833,1590441519,1590441117,402
251-nods-found-batch-output,JON_188_idf_sha_nods_p1_r100_t518400_5M_25d_16h_7m_9s_tootallnate.java-websocket-fa3909c=org.java_websocket.issues.Issue256Test.runReconnectBlockingScenario2_output_1590440833,1590441602,1590441120,482
251-nods-found-batch-output,JON_188_idf_sha_nods_p1_r100_t518400_5M_25d_16h_7m_9s_tootallnate.java-websocket-fa3909c=org.java_websocket.issues.Issue256Test.runReconnectBlockingScenario3_output_1590440833,1590441575,1590441117,458
251-nods-found-batch-output,JON_188_idf_sha_nods_p1_r100_t518400_5M_25d_16h_7m_9s_tootallnate.java-websocket-fa3909c=org.java_websocket.issues.Issue256Test.runReconnectBlockingScenario4_output_1590440833,1590441567,1590441120,447
251-nods-found-batch-output,JON_188_idf_sha_nods_p1_r100_t518400_5M_25d_16h_43m_10s_square.retrofit-ae28c3d=retrofit2.CallTest.cancelOkHttpRequest_output_1590442992,1590443914,1590443283,631
251-nods-found-batch-output,JON_188_idf_sha_nods_p1_r100_t518400_5M_25d_16h_7m_9s_tootallnate.java-websocket-fa3909c=org.java_websocket.issues.Issue256Test.runReconnectBlockingScenario5_output_1590440833,1590441599,1590441126,473
251-nods-found-batch-output,JON_188_idf_sha_nods_p1_r100_t518400_5M_25d_16h_7m_9s_tootallnate.java-websocket-fa3909c=org.java_websocket.issues.Issue256Test.runReconnectBlockingScenario6_output_1590440833,1590441587,1590441123,464
251-nods-found-batch-output,JON_188_idf_sha_nods_p1_r100_t518400_5M_25d_16h_7m_9s_tootallnate.java-websocket-fa3909c=org.java_websocket.issues.Issue256Test.runReconnectBlockingScenario7_output_1590440833,1590441610,1590441126,484
251-nods-found-batch-output,JON_188_idf_sha_nods_p1_r100_t518400_5M_25d_16h_7m_9s_tootallnate.java-websocket-fa3909c=org.java_websocket.issues.Issue256Test.runReconnectBlockingScenario8_output_1590440833,1590441587,1590441126,461
251-nods-found-batch-output,JON_188_idf_sha_nods_p1_r100_t518400_5M_25d_16h_7m_9s_tootallnate.java-websocket-fa3909c=org.java_websocket.issues.Issue256Test.runReconnectBlockingScenario9_output_1590440833,1590441624,1590441126,498
251-nods-found-batch-output,JON_188_idf_sha_nods_p1_r100_t518400_5M_25d_16h_7m_9s_tootallnate.java-websocket-fa3909c=org.java_websocket.issues.Issue256Test.runReconnectScenario0_output_1590440833,1590441688,1590441126,562
251-nods-found-batch-output,JON_188_idf_sha_nods_p1_r100_t518400_5M_25d_16h_7m_9s_tootallnate.java-websocket-fa3909c=org.java_websocket.issues.Issue256Test.runReconnectScenario1_output_1590440833,1590441679,1590441129,550
251-nods-found-batch-output,JON_188_idf_sha_nods_p1_r100_t518400_5M_25d_16h_7m_9s_tootallnate.java-websocket-fa3909c=org.java_websocket.issues.Issue256Test.runReconnectScenario2_output_1590440833,1590441640,1590441100,540
251-nods-found-batch-output,JON_188_idf_sha_nods_p1_r100_t518400_5M_25d_16h_7m_9s_tootallnate.java-websocket-fa3909c=org.java_websocket.issues.Issue256Test.runReconnectScenario3_output_1590440833,1590441653,1590441130,523
251-nods-found-batch-output,JON_188_idf_sha_nods_p1_r100_t518400_5M_25d_16h_7m_9s_tootallnate.java-websocket-fa3909c=org.java_websocket.issues.Issue256Test.runReconnectScenario4_output_1590440833,1590441624,1590441126,498
251-nods-found-batch-output,JON_188_idf_sha_nods_p1_r100_t518400_5M_25d_16h_7m_9s_tootallnate.java-websocket-fa3909c=org.java_websocket.issues.Issue256Test.runReconnectScenario5_output_1590440833,1590441645,1590441133,512
251-nods-found-batch-output,JON_188_idf_sha_nods_p1_r100_t518400_5M_25d_16h_7m_9s_tootallnate.java-websocket-fa3909c=org.java_websocket.issues.Issue256Test.runReconnectScenario6_output_1590440833,1590441690,1590441133,557
251-nods-found-batch-output,JON_188_idf_sha_nods_p1_r100_t518400_5M_25d_16h_7m_9s_tootallnate.java-websocket-fa3909c=org.java_websocket.issues.Issue256Test.runReconnectScenario7_output_1590440833,1590441672,1590441133,539
251-nods-found-batch-output,JON_188_idf_sha_nods_p1_r100_t518400_5M_25d_16h_7m_9s_tootallnate.java-websocket-fa3909c=org.java_websocket.issues.Issue256Test.runReconnectScenario8_output_1590440833,1590441671,1590441135,536
251-nods-found-batch-output,JON_188_idf_sha_nods_p1_r100_t518400_5M_25d_16h_7m_9s_tootallnate.java-websocket-fa3909c=org.java_websocket.issues.Issue256Test.runReconnectScenario9_output_1590440833,1590441681,1590441135,546
251-nods-found-batch-output,JON_188_idf_sha_nods_p1_r100_t518400_5M_25d_16h_7m_9s_tootallnate.java-websocket-fa3909c=org.java_websocket.issues.Issue580Test.runNoCloseBlockingTestScenario0_output_1590440833,1590441568,1590441133,435
251-nods-found-batch-output,JON_188_idf_sha_nods_p1_r100_t518400_5M_25d_16h_7m_9s_tootallnate.java-websocket-fa3909c=org.java_websocket.issues.Issue580Test.runNoCloseBlockingTestScenario2_output_1590440833,1590441614,1590441138,476
251-nods-found-batch-output,JON_188_idf_sha_nods_p1_r100_t518400_5M_25d_16h_7m_9s_tootallnate.java-websocket-fa3909c=org.java_websocket.issues.Issue580Test.runNoCloseBlockingTestScenario3_output_1590440833,1590441526,1590441135,391
251-nods-found-batch-output,JON_188_idf_sha_nods_p1_r100_t518400_5M_25d_16h_7m_9s_tootallnate.java-websocket-fa3909c=org.java_websocket.issues.Issue580Test.runNoCloseBlockingTestScenario4_output_1590440833,1590441613,1590441138,475
251-nods-found-batch-output,JON_188_idf_sha_nods_p1_r100_t518400_5M_25d_16h_7m_9s_tootallnate.java-websocket-fa3909c=org.java_websocket.issues.Issue580Test.runNoCloseBlockingTestScenario5_output_1590440833,1590441576,1590441133,443
251-nods-found-batch-output,JON_188_idf_sha_nods_p1_r100_t518400_5M_25d_16h_7m_9s_tootallnate.java-websocket-fa3909c=org.java_websocket.issues.Issue580Test.runNoCloseBlockingTestScenario8_output_1590440833,1590441624,1590441138,486
251-nods-found-batch-output,JON_188_idf_sha_nods_p1_r100_t518400_5M_25d_16h_7m_9s_tootallnate.java-websocket-fa3909c=org.java_websocket.issues.Issue677Test.testIssue_output_1590440833,1590441604,1590441138,466
251-nods-found-batch-output,JON_188_idf_sha_nods_p1_r100_t518400_5M_25d_16h_7m_9s_tootallnate.java-websocket-fa3909c=org.java_websocket.issues.Issue713Test.testIssue_output_1590440833,1590441645,1590441138,507
251-nods-found-batch-output,JON_188_idf_sha_nods_p1_r100_t518400_5M_25d_16h_7m_9s_tootallnate.java-websocket-fa3909c=org.java_websocket.misc.OpeningHandshakeRejectionTest.testHandshakeRejectionTestCase10_output_1590440833,1590441610,1590441138,472
251-nods-found-batch-output,JON_188_idf_sha_nods_p1_r100_t518400_5M_25d_16h_7m_9s_tootallnate.java-websocket-fa3909c=org.java_websocket.misc.OpeningHandshakeRejectionTest.testHandshakeRejectionTestCase11_output_1590440833,1590441521,1590441138,383
251-nods-found-batch-output,JON_188_idf_sha_nods_p1_r100_t518400_5M_25d_16h_7m_9s_tootallnate.java-websocket-fa3909c=org.java_websocket.misc.OpeningHandshakeRejectionTest.testHandshakeRejectionTestCase1_output_1590440833,1590441609,1590441138,471
251-nods-found-batch-output,JON_188_idf_sha_nods_p1_r100_t518400_5M_25d_16h_7m_9s_tootallnate.java-websocket-fa3909c=org.java_websocket.misc.OpeningHandshakeRejectionTest.testHandshakeRejectionTestCase2_output_1590440833,1590441547,1590441144,403
251-nods-found-batch-output,JON_188_idf_sha_nods_p1_r100_t518400_5M_25d_16h_7m_9s_tootallnate.java-websocket-fa3909c=org.java_websocket.misc.OpeningHandshakeRejectionTest.testHandshakeRejectionTestCase3_output_1590440833,1590441622,1590441144,478
251-nods-found-batch-output,JON_188_idf_sha_nods_p1_r100_t518400_5M_25d_16h_7m_9s_tootallnate.java-websocket-fa3909c=org.java_websocket.misc.OpeningHandshakeRejectionTest.testHandshakeRejectionTestCase4_output_1590440833,1590441614,1590441144,470
251-nods-found-batch-output,JON_188_idf_sha_nods_p1_r100_t518400_5M_25d_16h_7m_9s_tootallnate.java-websocket-fa3909c=org.java_websocket.misc.OpeningHandshakeRejectionTest.testHandshakeRejectionTestCase5_output_1590440833,1590441599,1590441141,458
251-nods-found-batch-output,JON_188_idf_sha_nods_p1_r100_t518400_5M_25d_16h_7m_9s_tootallnate.java-websocket-fa3909c=org.java_websocket.misc.OpeningHandshakeRejectionTest.testHandshakeRejectionTestCase6_output_1590440833,1590441652,1590441141,511
251-nods-found-batch-output,JON_188_idf_sha_nods_p1_r100_t518400_5M_25d_16h_7m_9s_tootallnate.java-websocket-fa3909c=org.java_websocket.misc.OpeningHandshakeRejectionTest.testHandshakeRejectionTestCase7_output_1590440833,1590441594,1590441147,447
251-nods-found-batch-output,JON_188_idf_sha_nods_p1_r100_t518400_5M_25d_16h_7m_9s_tootallnate.java-websocket-fa3909c=org.java_websocket.misc.OpeningHandshakeRejectionTest.testHandshakeRejectionTestCase8_output_1590440833,1590441560,1590441106,454
251-nods-found-batch-output,JON_188_idf_sha_nods_p1_r100_t518400_5M_25d_16h_7m_9s_tootallnate.java-websocket-fa3909c=org.java_websocket.misc.OpeningHandshakeRejectionTest.testHandshakeRejectionTestCase9_output_1590440833,1590441552,1590441147,405
251-nods-found-batch-output,JON_188_idf_sha_nods_p1_r100_t518400_5M_25d_16h_7m_9s_tootallnate.java-websocket-fa3909c=org.java_websocket.protocols.ProtoclHandshakeRejectionTest.testHandshakeRejectionTestCase10_output_1590440833,1590441587,1590441147,440
251-nods-found-batch-output,JON_188_idf_sha_nods_p1_r100_t518400_5M_25d_16h_7m_9s_tootallnate.java-websocket-fa3909c=org.java_websocket.protocols.ProtoclHandshakeRejectionTest.testHandshakeRejectionTestCase11_output_1590440833,1590441584,1590441153,431
251-nods-found-batch-output,JON_188_idf_sha_nods_p1_r100_t518400_5M_25d_16h_7m_9s_tootallnate.java-websocket-fa3909c=org.java_websocket.protocols.ProtoclHandshakeRejectionTest.testHandshakeRejectionTestCase13_output_1590440833,1590441659,1590441147,512
251-nods-found-batch-output,JON_188_idf_sha_nods_p1_r100_t518400_5M_25d_16h_7m_9s_tootallnate.java-websocket-fa3909c=org.java_websocket.protocols.ProtoclHandshakeRejectionTest.testHandshakeRejectionTestCase14_output_1590440833,1590441577,1590441150,427
251-nods-found-batch-output,JON_188_idf_sha_nods_p1_r100_t518400_5M_25d_16h_7m_9s_tootallnate.java-websocket-fa3909c=org.java_websocket.protocols.ProtoclHandshakeRejectionTest.testHandshakeRejectionTestCase16_output_1590440833,1590441619,1590441150,469
251-nods-found-batch-output,JON_188_idf_sha_nods_p1_r100_t518400_5M_25d_16h_7m_9s_visallo.vertexium-f1fd59e=org.vertexium.inmemory.InMemoryGraphTest.manyVisibilities_output_1590440833,1590441239,1590441213,26
251-nods-found-batch-output,JON_188_idf_sha_nods_p1_r100_t518400_5M_25d_16h_7m_9s_tootallnate.java-websocket-fa3909c=org.java_websocket.protocols.ProtoclHandshakeRejectionTest.testHandshakeRejectionTestCase17_output_1590440833,1590441581,1590441150,431
251-nods-found-batch-output,JON_188_idf_sha_nods_p1_r100_t518400_5M_25d_16h_7m_9s_tootallnate.java-websocket-fa3909c=org.java_websocket.protocols.ProtoclHandshakeRejectionTest.testHandshakeRejectionTestCase2_output_1590440833,1590441584,1590441150,434
251-nods-found-batch-output,JON_188_idf_sha_nods_p1_r100_t518400_5M_25d_16h_7m_9s_tootallnate.java-websocket-fa3909c=org.java_websocket.protocols.ProtoclHandshakeRejectionTest.testHandshakeRejectionTestCase3_output_1590440833,1590441607,1590441150,457
251-nods-found-batch-output,JON_188_idf_sha_nods_p1_r100_t518400_5M_25d_16h_7m_9s_tootallnate.java-websocket-fa3909c=org.java_websocket.protocols.ProtoclHandshakeRejectionTest.testHandshakeRejectionTestCase4_output_1590440833,1590441631,1590441150,481
251-nods-found-batch-output,JON_188_idf_sha_nods_p1_r100_t518400_5M_25d_16h_7m_9s_tootallnate.java-websocket-fa3909c=org.java_websocket.protocols.ProtoclHandshakeRejectionTest.testHandshakeRejectionTestCase6_output_1590440833,1590441544,1590441147,397
251-nods-found-batch-output,JON_188_idf_sha_nods_p1_r100_t518400_5M_25d_16h_7m_9s_tootallnate.java-websocket-fa3909c=org.java_websocket.protocols.ProtoclHandshakeRejectionTest.testHandshakeRejectionTestCase8_output_1590440833,1590441616,1590441153,463
251-nods-found-batch-output,JON_188_idf_sha_nods_p1_r100_t518400_5M_25d_16h_7m_9s_tootallnate.java-websocket-fa3909c=org.java_websocket.protocols.ProtoclHandshakeRejectionTest.testHandshakeRejectionTestCase9_output_1590440833,1590441587,1590441107,480
251-nods-found-batch-output,JON_188_idf_sha_nods_p1_r100_t518400_5M_25d_16h_7m_9s_undertow-io.undertow-d0efffa=io.undertow.websockets.jsr.test.JsrWebSocketServer07Test.testErrorHandling_output_1590440833,1590441981,1590441158,823
251-nods-found-batch-output,JON_188_idf_sha_nods_p1_r100_t518400_5M_25d_16h_7m_9s_undertow-io.undertow-d0efffa=io.undertow.websockets.jsr.test.JsrWebSocketServer08Test.testErrorHandling_output_1590440833,1590442081,1590441153,928
251-nods-found-batch-output,JON_188_idf_sha_nods_p1_r100_t518400_5M_25d_16h_7m_9s_undertow-io.undertow-d0efffa=io.undertow.websockets.jsr.test.JsrWebSocketServer13Test.testErrorHandling_output_1590440833,1590442065,1590441153,912
251-nods-found-batch-output,JON_188_idf_sha_nods_p1_r100_t518400_5M_25d_16h_7m_9s_undertow-io.undertow-d0efffa=io.undertow.websockets.jsr.test.reconnect.ClientEndpointReconnectTestCase.testAnnotatedClientEndpoint_output_1590440833,1590442041,1590441171,870
251-nods-found-batch-output,JON_188_idf_sha_nods_p1_r100_t518400_5M_25d_16h_7m_9s_vert-x3.vertx-mqtt-c8213e0=io.vertx.mqtt.test.server.MqttServerClientIdentifierTest.testValidClientIdentifier_output_1590440833,1590441204,1590441200,4
251-nods-found-batch-output,JON_188_idf_sha_nods_p1_r100_t518400_5M_25d_16h_7m_9s_vert-x3.vertx-mqtt-c8213e0=io.vertx.mqtt.test.server.MqttServerClientPublishTest.publishQos0_output_1590440833,1590441197,1590441180,17
251-nods-found-batch-output,JON_188_idf_sha_nods_p1_r100_t518400_5M_25d_16h_7m_9s_vert-x3.vertx-mqtt-c8213e0=io.vertx.mqtt.test.server.MqttServerConnectionTest.accepted_output_1590440833,1590441201,1590441197,4
251-nods-found-batch-output,JON_188_idf_sha_nods_p1_r100_t518400_5M_25d_16h_7m_9s_vert-x3.vertx-mqtt-c8213e0=io.vertx.mqtt.test.server.MqttServerConnectionTest.connectionAlreadyAccepted_output_1590440833,1590441195,1590441177,18
251-nods-found-batch-output,JON_188_idf_sha_nods_p1_r100_t518400_5M_25d_16h_7m_9s_vert-x3.vertx-mqtt-c8213e0=io.vertx.mqtt.test.server.MqttServerConnectionTest.noConnectSent_output_1590440833,1590441194,1590441180,14
251-nods-found-batch-output,JON_188_idf_sha_nods_p1_r100_t518400_5M_25d_16h_7m_9s_vert-x3.vertx-mqtt-c8213e0=io.vertx.mqtt.test.server.MqttServerUnsubscribeTest.unsubscribe_output_1590440833,1590441210,1590441182,28
251-nods-found-batch-output,JON_188_idf_sha_nods_p1_r100_t518400_5M_25d_16h_7m_9s_vert-x3.vertx-rabbitmq-client-7305bcd=io.vertx.rabbitmq.RabbitMQClientReconnectTest.testReconnect_output_1590440833,1590441819,1590441174,645
251-nods-found-batch-output,JON_188_idf_sha_nods_p1_r100_t518400_5M_25d_16h_7m_9s_vert-x3.vertx-rabbitmq-client-7305bcd=io.vertx.rabbitmq.RabbitMQConsumptionStreamingTest.keepMostRecentOptionShouldWorks_output_1590440833,1590441852,1590441182,670
251-nods-found-batch-output,JON_188_idf_sha_nods_p1_r100_t518400_5M_25d_16h_7m_9s_vert-x3.vertx-rabbitmq-client-7305bcd=io.vertx.rabbitmq.RabbitMQConsumptionStreamingTest.pauseAndResumeShouldWork_output_1590440833,1590441825,1590441180,645
251-nods-found-batch-output,JON_188_idf_sha_nods_p1_r100_t518400_5M_25d_16h_43m_10s_square.retrofit-ae28c3d=retrofit2.CallTest.cancelRequest_output_1590442992,1590443926,1590443288,638
251-nods-found-batch-output,JON_188_idf_sha_nods_p1_r100_t518400_5M_25d_16h_7m_9s_vert-x3.vertx-rabbitmq-client-7305bcd=io.vertx.rabbitmq.RabbitMQServiceTest.testBasicCancel_output_1590440833,1590441844,1590441182,662
251-nods-found-batch-output,JON_188_idf_sha_nods_p1_r100_t518400_5M_25d_16h_7m_9s_vert-x3.vertx-rabbitmq-client-7305bcd=io.vertx.rabbitmq.RabbitMQServiceTest.testBasicConsume_output_1590440833,1590441869,1590441197,672
251-nods-found-batch-output,JON_188_idf_sha_nods_p1_r100_t518400_5M_25d_16h_7m_9s_vert-x3.vertx-rabbitmq-client-7305bcd=io.vertx.rabbitmq.RabbitMQServiceTest.testGetMessageCount_output_1590440833,1590441830,1590441203,627
251-nods-found-batch-output,JON_188_idf_sha_nods_p1_r100_t518400_5M_25d_16h_7m_9s_vert-x3.vertx-rabbitmq-client-7305bcd=io.vertx.rabbitmq.RabbitMQServiceTest.testMessageOrderingWhenConsumingNewApi_output_1590440833,1590441891,1590441288,603
251-nods-found-batch-output,JON_188_idf_sha_nods_p1_r100_t518400_5M_25d_16h_7m_9s_visallo.vertexium-f1fd59e=org.vertexium.accumulo.AccumuloGraphTest.testFindPathsMultiplePaths_output_1590440833,1590441238,1590441191,47
251-nods-found-batch-output,JON_188_idf_sha_nods_p1_r100_t518400_5M_25d_16h_7m_9s_visallo.vertexium-f1fd59e=org.vertexium.accumulo.AccumuloGraphTest.testFindRelatedEdgesPerformance_output_1590440833,1590441246,1590441206,40
251-nods-found-batch-output,JON_188_idf_sha_nods_p1_r100_t518400_5M_25d_16h_7m_9s_visallo.vertexium-f1fd59e=org.vertexium.inmemory.InMemoryGraphTest.testMarkPropertyVisible_output_1590440833,1590441149,1590441117,32
251-nods-found-batch-output,JON_188_idf_sha_nods_p1_r100_t518400_5M_25d_16h_7m_9s_visallo.vertexium-f1fd59e=org.vertexium.util.IncreasingTimeTest.currentTimeMillisReturnsTimeGreaterThanSystemTime_output_1590440833,1590441251,1590441239,12
251-nods-found-batch-output,JON_188_idf_sha_nods_p1_r100_t518400_5M_25d_16h_7m_9s_vmware.admiral-e4b0293=com.vmware.admiral.adapter.registry.service.RegistryAdapterServiceProxyTest.testInitWithProxyWithList_output_1590440833,1590442029,1590441285,744
251-nods-found-batch-output,JON_188_idf_sha_nods_p1_r100_t518400_5M_25d_16h_7m_9s_vmware.admiral-e4b0293=com.vmware.admiral.adapter.registry.service.RegistryAdapterServiceTest.testDockerHubListImageTags_output_1590440833,1590442120,1590441279,841
251-nods-found-batch-output,JON_188_idf_sha_nods_p1_r100_t518400_5M_25d_16h_7m_9s_vmware.admiral-e4b0293=com.vmware.admiral.adapter.registry.service.RegistryAdapterServiceTest.testSameRegistryAsGlobalAndProject_output_1590440833,1590441925,1590441246,679
251-nods-found-batch-output,JON_188_idf_sha_nods_p1_r100_t518400_5M_25d_16h_7m_9s_vmware.admiral-e4b0293=com.vmware.admiral.adapter.registry.service.RegistryAdapterServiceTest.testSameRegistryTwoDifferentProjectsNotRemoveOldTenantLinkShouldFail_output_1590440833,1590442004,1590441278,726
251-nods-found-batch-output,JON_188_idf_sha_nods_p1_r100_t518400_5M_25d_16h_7m_9s_vmware.admiral-e4b0293=com.vmware.admiral.adapter.registry.service.RegistryAdapterServiceTest.testV1Ping_output_1590440833,1590441916,1590441117,799
251-nods-found-batch-output,JON_188_idf_sha_nods_p1_r100_t518400_5M_25d_16h_7m_9s_wro4j.wro4j-185ab60=ro.isdc.wro.extensions.processor.TestBourbonCssProcessor.shouldBeThreadSafe_output_1590440833,1590442412,1590441242,1170
251-nods-found-batch-output,JON_188_idf_sha_nods_p1_r100_t518400_5M_25d_16h_7m_9s_wro4j.wro4j-185ab60=ro.isdc.wro.extensions.processor.TestRubySassCssProcessor.shouldBeThreadSafeWhenInitializingProcessor_output_1590440833,1590442472,1590441255,1217
251-nods-found-batch-output,JON_188_idf_sha_nods_p1_r100_t518400_5M_25d_16h_7m_9s_wso2.carbon-apimgt-a82213e=org.wso2.carbon.apimgt.throttling.siddhi.extension.ThrottleTimeBatchWindowTestCase.throttleTimeWindowBatchTest1_output_1590440833,1590443517,1590441288,2229
251-nods-found-batch-output,JON_188_idf_sha_nods_p1_r100_t518400_5M_25d_16h_7m_9s_zalando.riptide-8277e11=org.zalando.riptide.backup.BackupRequestPluginTest.shouldUseBackupRequest_output_1590440833,1590442317,1590441279,1038
251-nods-found-batch-output,JON_188_idf_sha_nods_p1_r100_t518400_5M_25d_16h_7m_9s_zalando.riptide-8277e11=org.zalando.riptide.failsafe.RetryAfterDelayFunctionTest.shouldRetryOnDemandWithDynamicDelay_output_1590440833,1590442194,1590441248,946
251-nods-found-batch-output,JON_188_idf_sha_nods_p1_r100_t518400_5M_25d_15h_52m_11s_tootallnate.java-websocket-fa3909c=org.java_websocket.misc.OpeningHandshakeRejectionTest.testHandshakeRejectionTestCase1_output_1590439935,1590444089,1590440230,3859
251-nods-found-batch-output,JON_188_idf_sha_nods_p1_r100_t518400_5M_25d_16h_16m_9s_wso2.carbon-apimgt-a82213e=org.wso2.carbon.apimgt.throttling.siddhi.extension.ThrottleTimeBatchWindowTestCase.throttleTimeWindowBatchTest1_output_1590441373,1590444022,1590441732,2290
251-nods-found-batch-output,JON_188_idf_sha_nods_p1_r100_t518400_5M_25d_16h_19m_9s_wso2.carbon-apimgt-a82213e=org.wso2.carbon.apimgt.throttling.siddhi.extension.ThrottleTimeBatchWindowTestCase.throttleTimeWindowBatchTest1_output_1590441553,1590444171,1590441930,2241
251-nods-found-batch-output,JON_188_idf_sha_nods_p1_r100_t518400_5M_25d_16h_22m_9s_wso2.carbon-apimgt-a82213e=org.wso2.carbon.apimgt.throttling.siddhi.extension.ThrottleTimeBatchWindowTestCase.throttleTimeWindowBatchTest1_output_1590441733,1590444366,1590442098,2268
251-nods-found-batch-output,JON_188_idf_sha_nods_p1_r100_t518400_5M_25d_16h_25m_9s_wso2.carbon-apimgt-a82213e=org.wso2.carbon.apimgt.throttling.siddhi.extension.ThrottleTimeBatchWindowTestCase.throttleTimeWindowBatchTest1_output_1590441913,1590444603,1590442282,2321
251-nods-found-batch-output,JON_188_idf_sha_nods_p1_r100_t518400_5M_25d_16h_28m_10s_wso2.carbon-apimgt-a82213e=org.wso2.carbon.apimgt.throttling.siddhi.extension.ThrottleTimeBatchWindowTestCase.throttleTimeWindowBatchTest1_output_1590442093,1590444811,1590442473,2338
251-nods-found-batch-output,JON_188_idf_sha_nods_p1_r100_t518400_5M_25d_16h_31m_9s_wro4j.wro4j-185ab60=ro.isdc.wro.extensions.processor.TestBourbonCssProcessor.shouldBeThreadSafe_output_1590442273,1590443836,1590442631,1205
251-nods-found-batch-output,JON_188_idf_sha_nods_p1_r100_t518400_5M_25d_16h_31m_9s_wro4j.wro4j-185ab60=ro.isdc.wro.extensions.processor.TestRubySassCssProcessor.shouldBeThreadSafeWhenInitializingProcessor_output_1590442273,1590443840,1590442634,1206
251-nods-found-batch-output,JON_188_idf_sha_nods_p1_r100_t518400_5M_25d_16h_31m_9s_wso2.carbon-apimgt-a82213e=org.wso2.carbon.apimgt.throttling.siddhi.extension.ThrottleTimeBatchWindowTestCase.throttleTimeWindowBatchTest1_output_1590442273,1590445009,1590442631,2378
251-nods-found-batch-output,JON_188_idf_sha_nods_p1_r100_t518400_5M_25d_16h_34m_9s_wro4j.wro4j-185ab60=ro.isdc.wro.extensions.processor.TestBourbonCssProcessor.shouldBeThreadSafe_output_1590442453,1590444003,1590442831,1172
251-nods-found-batch-output,JON_188_idf_sha_nods_p1_r100_t518400_5M_25d_16h_34m_9s_wro4j.wro4j-185ab60=ro.isdc.wro.extensions.processor.TestRubySassCssProcessor.shouldBeThreadSafeWhenInitializingProcessor_output_1590442453,1590444193,1590442836,1357
251-nods-found-batch-output,JON_188_idf_sha_nods_p1_r100_t518400_5M_25d_16h_34m_9s_wso2.carbon-apimgt-a82213e=org.wso2.carbon.apimgt.throttling.siddhi.extension.ThrottleTimeBatchWindowTestCase.throttleTimeWindowBatchTest1_output_1590442453,1590445248,1590442836,2412
251-nods-found-batch-output,JON_188_idf_sha_nods_p1_r100_t518400_5M_25d_16h_34m_9s_zalando.riptide-8277e11=org.zalando.riptide.backup.BackupRequestPluginTest.shouldUseBackupRequest_output_1590442453,1590443868,1590442833,1035
251-nods-found-batch-output,JON_188_idf_sha_nods_p1_r100_t518400_5M_25d_16h_34m_9s_zalando.riptide-8277e11=org.zalando.riptide.failsafe.RetryAfterDelayFunctionTest.shouldRetryOnDemandWithDynamicDelay_output_1590442453,1590443813,1590442836,977
251-nods-found-batch-output,JON_188_idf_sha_nods_p1_r100_t518400_5M_25d_16h_37m_9s_undertow-io.undertow-d0efffa=io.undertow.websockets.jsr.test.JsrWebSocketServer07Test.testErrorHandling_output_1590442633,1590443865,1590443006,859
251-nods-found-batch-output,JON_188_idf_sha_nods_p1_r100_t518400_5M_25d_16h_37m_9s_undertow-io.undertow-d0efffa=io.undertow.websockets.jsr.test.JsrWebSocketServer08Test.testErrorHandling_output_1590442633,1590443933,1590442996,937
251-nods-found-batch-output,JON_188_idf_sha_nods_p1_r100_t518400_5M_25d_16h_37m_9s_undertow-io.undertow-d0efffa=io.undertow.websockets.jsr.test.JsrWebSocketServer13Test.testErrorHandling_output_1590442633,1590443861,1590442989,872
251-nods-found-batch-output,JON_188_idf_sha_nods_p1_r100_t518400_5M_25d_16h_37m_9s_undertow-io.undertow-d0efffa=io.undertow.websockets.jsr.test.reconnect.ClientEndpointReconnectTestCase.testAnnotatedClientEndpoint_output_1590442633,1590443905,1590443010,895
251-nods-found-batch-output,JON_188_idf_sha_nods_p1_r100_t518400_5M_25d_16h_37m_9s_vmware.admiral-e4b0293=com.vmware.admiral.adapter.registry.service.RegistryAdapterServiceTest.testDockerHubListImageTags_output_1590442633,1590443906,1590443020,886
251-nods-found-batch-output,JON_188_idf_sha_nods_p1_r100_t518400_5M_25d_16h_37m_9s_vmware.admiral-e4b0293=com.vmware.admiral.adapter.registry.service.RegistryAdapterServiceTest.testSameRegistryAsGlobalAndProject_output_1590442633,1590443891,1590443019,872
251-nods-found-batch-output,JON_188_idf_sha_nods_p1_r100_t518400_5M_25d_16h_37m_9s_vmware.admiral-e4b0293=com.vmware.admiral.adapter.registry.service.RegistryAdapterServiceTest.testSameRegistryTwoDifferentProjectsNotRemoveOldTenantLinkShouldFail_output_1590442633,1590443840,1590443030,810
251-nods-found-batch-output,JON_188_idf_sha_nods_p1_r100_t518400_5M_25d_16h_37m_9s_vmware.admiral-e4b0293=com.vmware.admiral.adapter.registry.service.RegistryAdapterServiceTest.testV1Ping_output_1590442633,1590443866,1590443028,838
251-nods-found-batch-output,JON_188_idf_sha_nods_p1_r100_t518400_5M_25d_16h_37m_9s_wro4j.wro4j-185ab60=ro.isdc.wro.extensions.processor.TestBourbonCssProcessor.shouldBeThreadSafe_output_1590442633,1590444070,1590443029,1041
251-nods-found-batch-output,JON_188_idf_sha_nods_p1_r100_t518400_5M_25d_16h_37m_9s_wro4j.wro4j-185ab60=ro.isdc.wro.extensions.processor.TestRubySassCssProcessor.shouldBeThreadSafeWhenInitializingProcessor_output_1590442633,1590444176,1590443029,1147
251-nods-found-batch-output,JON_188_idf_sha_nods_p1_r100_t518400_5M_25d_16h_37m_9s_wso2.carbon-apimgt-a82213e=org.wso2.carbon.apimgt.throttling.siddhi.extension.ThrottleTimeBatchWindowTestCase.throttleTimeWindowBatchTest1_output_1590442633,1590445283,1590443047,2236
251-nods-found-batch-output,JON_188_idf_sha_nods_p1_r100_t518400_5M_25d_16h_37m_9s_zalando.riptide-8277e11=org.zalando.riptide.backup.BackupRequestPluginTest.shouldUseBackupRequest_output_1590442633,1590444105,1590443029,1076
251-nods-found-batch-output,JON_188_idf_sha_nods_p1_r100_t518400_5M_25d_16h_37m_9s_zalando.riptide-8277e11=org.zalando.riptide.failsafe.RetryAfterDelayFunctionTest.shouldRetryOnDemandWithDynamicDelay_output_1590442633,1590444020,1590443028,992
251-nods-found-batch-output,JON_188_idf_sha_nods_p1_r100_t518400_5M_25d_16h_40m_9s_undertow-io.undertow-d0efffa=io.undertow.websockets.jsr.test.JsrWebSocketServer07Test.testErrorHandling_output_1590442812,1590443948,1590443140,808
251-nods-found-batch-output,JON_188_idf_sha_nods_p1_r100_t518400_5M_25d_16h_40m_9s_undertow-io.undertow-d0efffa=io.undertow.websockets.jsr.test.JsrWebSocketServer08Test.testErrorHandling_output_1590442812,1590443975,1590443140,835
251-nods-found-batch-output,JON_188_idf_sha_nods_p1_r100_t518400_5M_25d_16h_40m_9s_undertow-io.undertow-d0efffa=io.undertow.websockets.jsr.test.JsrWebSocketServer13Test.testErrorHandling_output_1590442812,1590444041,1590443143,898
251-nods-found-batch-output,JON_188_idf_sha_nods_p1_r100_t518400_5M_25d_16h_40m_9s_undertow-io.undertow-d0efffa=io.undertow.websockets.jsr.test.reconnect.ClientEndpointReconnectTestCase.testAnnotatedClientEndpoint_output_1590442812,1590444009,1590443147,862
251-nods-found-batch-output,JON_188_idf_sha_nods_p1_r100_t518400_5M_25d_16h_40m_9s_vert-x3.vertx-rabbitmq-client-7305bcd=io.vertx.rabbitmq.RabbitMQClientReconnectTest.testReconnect_output_1590442812,1590443820,1590443147,673
251-nods-found-batch-output,JON_188_idf_sha_nods_p1_r100_t518400_5M_25d_16h_40m_9s_vert-x3.vertx-rabbitmq-client-7305bcd=io.vertx.rabbitmq.RabbitMQConsumptionStreamingTest.pauseAndResumeShouldWork_output_1590442812,1590443830,1590443147,683
251-nods-found-batch-output,JON_188_idf_sha_nods_p1_r100_t518400_5M_25d_16h_40m_9s_vert-x3.vertx-rabbitmq-client-7305bcd=io.vertx.rabbitmq.RabbitMQServiceTest.testBasicCancel_output_1590442812,1590443857,1590443147,710
251-nods-found-batch-output,JON_188_idf_sha_nods_p1_r100_t518400_5M_25d_16h_40m_9s_vmware.admiral-e4b0293=com.vmware.admiral.adapter.registry.service.RegistryAdapterServiceProxyTest.testInitWithProxyWithList_output_1590442812,1590443921,1590443150,771
251-nods-found-batch-output,JON_188_idf_sha_nods_p1_r100_t518400_5M_25d_16h_40m_9s_vmware.admiral-e4b0293=com.vmware.admiral.adapter.registry.service.RegistryAdapterServiceTest.testDockerHubListImageTags_output_1590442812,1590444040,1590443161,879
251-nods-found-batch-output,JON_188_idf_sha_nods_p1_r100_t518400_5M_25d_16h_40m_9s_vmware.admiral-e4b0293=com.vmware.admiral.adapter.registry.service.RegistryAdapterServiceTest.testSameRegistryAsGlobalAndProject_output_1590442812,1590443916,1590443161,755
251-nods-found-batch-output,JON_188_idf_sha_nods_p1_r100_t518400_5M_25d_16h_40m_9s_vmware.admiral-e4b0293=com.vmware.admiral.adapter.registry.service.RegistryAdapterServiceTest.testSameRegistryTwoDifferentProjectsNotRemoveOldTenantLinkShouldFail_output_1590442812,1590443930,1590443161,769
251-nods-found-batch-output,JON_188_idf_sha_nods_p1_r100_t518400_5M_25d_16h_40m_9s_vmware.admiral-e4b0293=com.vmware.admiral.adapter.registry.service.RegistryAdapterServiceTest.testV1Ping_output_1590442812,1590443925,1590443159,766
251-nods-found-batch-output,JON_188_idf_sha_nods_p1_r100_t518400_5M_25d_16h_40m_9s_wro4j.wro4j-185ab60=ro.isdc.wro.extensions.processor.TestBourbonCssProcessor.shouldBeThreadSafe_output_1590442812,1590444243,1590443161,1082
251-nods-found-batch-output,JON_188_idf_sha_nods_p1_r100_t518400_5M_25d_16h_40m_9s_wro4j.wro4j-185ab60=ro.isdc.wro.extensions.processor.TestRubySassCssProcessor.shouldBeThreadSafeWhenInitializingProcessor_output_1590442812,1590444424,1590443156,1268
251-nods-found-batch-output,JON_188_idf_sha_nods_p1_r100_t518400_5M_25d_16h_40m_9s_wso2.carbon-apimgt-a82213e=org.wso2.carbon.apimgt.throttling.siddhi.extension.ThrottleTimeBatchWindowTestCase.throttleTimeWindowBatchTest1_output_1590442812,1590445436,1590443161,2275
251-nods-found-batch-output,JON_188_idf_sha_nods_p1_r100_t518400_5M_25d_16h_40m_9s_zalando.riptide-8277e11=org.zalando.riptide.backup.BackupRequestPluginTest.shouldUseBackupRequest_output_1590442812,1590444192,1590443164,1028
251-nods-found-batch-output,JON_188_idf_sha_nods_p1_r100_t518400_5M_25d_16h_40m_9s_zalando.riptide-8277e11=org.zalando.riptide.failsafe.RetryAfterDelayFunctionTest.shouldRetryOnDemandWithDynamicDelay_output_1590442812,1590444089,1590443164,925
251-nods-found-batch-output,JON_188_idf_sha_nods_p1_r100_t518400_5M_25d_16h_43m_10s_tootallnate.java-websocket-fa3909c=org.java_websocket.issues.Issue256Test.runReconnectScenario0_output_1590442992,1590443812,1590443298,514
251-nods-found-batch-output,JON_188_idf_sha_nods_p1_r100_t518400_5M_25d_16h_43m_10s_tootallnate.java-websocket-fa3909c=org.java_websocket.issues.Issue256Test.runReconnectScenario3_output_1590442992,1590443837,1590443298,539
251-nods-found-batch-output,JON_188_idf_sha_nods_p1_r100_t518400_5M_25d_16h_43m_10s_tootallnate.java-websocket-fa3909c=org.java_websocket.issues.Issue256Test.runReconnectScenario5_output_1590442992,1590443824,1590443298,526
251-nods-found-batch-output,JON_188_idf_sha_nods_p1_r100_t518400_5M_25d_16h_43m_10s_tootallnate.java-websocket-fa3909c=org.java_websocket.issues.Issue256Test.runReconnectScenario6_output_1590442992,1590443841,1590443301,540
251-nods-found-batch-output,JON_188_idf_sha_nods_p1_r100_t518400_5M_25d_16h_43m_10s_tootallnate.java-websocket-fa3909c=org.java_websocket.issues.Issue256Test.runReconnectScenario7_output_1590442992,1590443831,1590443298,533
251-nods-found-batch-output,JON_188_idf_sha_nods_p1_r100_t518400_5M_25d_16h_43m_10s_tootallnate.java-websocket-fa3909c=org.java_websocket.issues.Issue256Test.runReconnectScenario8_output_1590442992,1590443841,1590443304,537
251-nods-found-batch-output,JON_188_idf_sha_nods_p1_r100_t518400_5M_25d_16h_43m_10s_tootallnate.java-websocket-fa3909c=org.java_websocket.issues.Issue256Test.runReconnectScenario9_output_1590442992,1590443846,1590443307,539
251-nods-found-batch-output,JON_188_idf_sha_nods_p1_r100_t518400_5M_25d_16h_43m_10s_undertow-io.undertow-d0efffa=io.undertow.websockets.jsr.test.JsrWebSocketServer07Test.testErrorHandling_output_1590442992,1590444153,1590443339,814
251-nods-found-batch-output,JON_188_idf_sha_nods_p1_r100_t518400_5M_25d_16h_43m_10s_undertow-io.undertow-d0efffa=io.undertow.websockets.jsr.test.JsrWebSocketServer08Test.testErrorHandling_output_1590442992,1590444188,1590443339,849
251-nods-found-batch-output,JON_188_idf_sha_nods_p1_r100_t518400_5M_25d_16h_43m_10s_undertow-io.undertow-d0efffa=io.undertow.websockets.jsr.test.JsrWebSocketServer13Test.testErrorHandling_output_1590442992,1590444136,1590443336,800
251-nods-found-batch-output,JON_188_idf_sha_nods_p1_r100_t518400_5M_25d_16h_43m_10s_undertow-io.undertow-d0efffa=io.undertow.websockets.jsr.test.reconnect.ClientEndpointReconnectTestCase.testAnnotatedClientEndpoint_output_1590442992,1590444141,1590443339,802
251-nods-found-batch-output,JON_188_idf_sha_nods_p1_r100_t518400_5M_25d_16h_43m_10s_vert-x3.vertx-rabbitmq-client-7305bcd=io.vertx.rabbitmq.RabbitMQClientReconnectTest.testReconnect_output_1590442992,1590443999,1590443351,648
251-nods-found-batch-output,JON_188_idf_sha_nods_p1_r100_t518400_5M_25d_16h_43m_10s_vert-x3.vertx-rabbitmq-client-7305bcd=io.vertx.rabbitmq.RabbitMQConsumptionStreamingTest.keepMostRecentOptionShouldWorks_output_1590442992,1590443967,1590443347,620
251-nods-found-batch-output,JON_188_idf_sha_nods_p1_r100_t518400_5M_25d_16h_43m_10s_vert-x3.vertx-rabbitmq-client-7305bcd=io.vertx.rabbitmq.RabbitMQConsumptionStreamingTest.pauseAndResumeShouldWork_output_1590442992,1590443950,1590443351,599
251-nods-found-batch-output,JON_188_idf_sha_nods_p1_r100_t518400_5M_25d_16h_43m_10s_vert-x3.vertx-rabbitmq-client-7305bcd=io.vertx.rabbitmq.RabbitMQServiceTest.testBasicCancel_output_1590442992,1590443970,1590443348,622
251-nods-found-batch-output,JON_188_idf_sha_nods_p1_r100_t518400_5M_25d_16h_43m_10s_vert-x3.vertx-rabbitmq-client-7305bcd=io.vertx.rabbitmq.RabbitMQServiceTest.testBasicConsume_output_1590442992,1590443969,1590443351,618
251-nods-found-batch-output,JON_188_idf_sha_nods_p1_r100_t518400_5M_25d_16h_43m_10s_vert-x3.vertx-rabbitmq-client-7305bcd=io.vertx.rabbitmq.RabbitMQServiceTest.testGetMessageCount_output_1590442992,1590443969,1590443351,618
251-nods-found-batch-output,JON_188_idf_sha_nods_p1_r100_t518400_5M_25d_16h_43m_10s_vert-x3.vertx-rabbitmq-client-7305bcd=io.vertx.rabbitmq.RabbitMQServiceTest.testMessageOrderingWhenConsumingNewApi_output_1590442992,1590444012,1590443354,658
251-nods-found-batch-output,JON_188_idf_sha_nods_p1_r100_t518400_5M_25d_16h_43m_10s_vmware.admiral-e4b0293=com.vmware.admiral.adapter.registry.service.RegistryAdapterServiceProxyTest.testInitWithProxyWithList_output_1590442992,1590444004,1590443359,645
251-nods-found-batch-output,JON_188_idf_sha_nods_p1_r100_t518400_5M_25d_16h_43m_10s_vmware.admiral-e4b0293=com.vmware.admiral.adapter.registry.service.RegistryAdapterServiceTest.testDockerHubListImageTags_output_1590442992,1590444188,1590443365,823
251-nods-found-batch-output,JON_188_idf_sha_nods_p1_r100_t518400_5M_25d_16h_43m_10s_vmware.admiral-e4b0293=com.vmware.admiral.adapter.registry.service.RegistryAdapterServiceTest.testSameRegistryAsGlobalAndProject_output_1590442992,1590444175,1590443368,807
251-nods-found-batch-output,JON_188_idf_sha_nods_p1_r100_t518400_5M_25d_16h_43m_10s_vmware.admiral-e4b0293=com.vmware.admiral.adapter.registry.service.RegistryAdapterServiceTest.testSameRegistryTwoDifferentProjectsNotRemoveOldTenantLinkShouldFail_output_1590442992,1590444083,1590443357,726
251-nods-found-batch-output,JON_188_idf_sha_nods_p1_r100_t518400_5M_25d_16h_43m_10s_vmware.admiral-e4b0293=com.vmware.admiral.adapter.registry.service.RegistryAdapterServiceTest.testV1Ping_output_1590442992,1590444083,1590443359,724
251-nods-found-batch-output,JON_188_idf_sha_nods_p1_r100_t518400_5M_25d_16h_43m_10s_wro4j.wro4j-185ab60=ro.isdc.wro.extensions.processor.TestBourbonCssProcessor.shouldBeThreadSafe_output_1590442992,1590444486,1590443357,1129
251-nods-found-batch-output,JON_188_idf_sha_nods_p1_r100_t518400_5M_25d_16h_43m_10s_wro4j.wro4j-185ab60=ro.isdc.wro.extensions.processor.TestRubySassCssProcessor.shouldBeThreadSafeWhenInitializingProcessor_output_1590442992,1590444541,1590443364,1177
251-nods-found-batch-output,JON_188_idf_sha_nods_p1_r100_t518400_5M_25d_16h_43m_10s_wso2.carbon-apimgt-a82213e=org.wso2.carbon.apimgt.throttling.siddhi.extension.ThrottleTimeBatchWindowTestCase.throttleTimeWindowBatchTest1_output_1590442992,1590445597,1590443360,2237
251-nods-found-batch-output,JON_188_idf_sha_nods_p1_r100_t518400_5M_25d_16h_43m_10s_zalando.riptide-8277e11=org.zalando.riptide.backup.BackupRequestPluginTest.shouldUseBackupRequest_output_1590442992,1590444411,1590443360,1051
251-nods-found-batch-output,JON_188_idf_sha_nods_p1_r100_t518400_5M_25d_16h_43m_10s_zalando.riptide-8277e11=org.zalando.riptide.failsafe.RetryAfterDelayFunctionTest.shouldRetryOnDemandWithDynamicDelay_output_1590442992,1590444260,1590443365,895
251-nods-found-batch-output,JON_188_idf_sha_nods_p1_r100_t518400_5M_25d_16h_46m_9s_square.retrofit-ae28c3d=retrofit2.adapter.rxjava.CompletableThrowingSafeSubscriberTest.throwingInOnCompleteDeliveredToPlugin_output_1590443173,1590443883,1590443468,415
251-nods-found-batch-output,JON_188_idf_sha_nods_p1_r100_t518400_5M_25d_16h_46m_9s_square.retrofit-ae28c3d=retrofit2.CallTest.cancelOkHttpRequest_output_1590443173,1590444127,1590443469,658
251-nods-found-batch-output,JON_188_idf_sha_nods_p1_r100_t518400_5M_25d_16h_46m_9s_square.retrofit-ae28c3d=retrofit2.CallTest.cancelRequest_output_1590443173,1590444175,1590443468,707
251-nods-found-batch-output,JON_188_idf_sha_nods_p1_r100_t518400_5M_25d_16h_46m_9s_tootallnate.java-websocket-fa3909c=org.java_websocket.issues.Issue256Test.runReconnectBlockingScenario1_output_1590443173,1590443944,1590443471,473
251-nods-found-batch-output,JON_188_idf_sha_nods_p1_r100_t518400_5M_25d_16h_46m_9s_tootallnate.java-websocket-fa3909c=org.java_websocket.issues.Issue256Test.runReconnectBlockingScenario2_output_1590443173,1590443930,1590443471,459
251-nods-found-batch-output,JON_188_idf_sha_nods_p1_r100_t518400_5M_25d_16h_46m_9s_tootallnate.java-websocket-fa3909c=org.java_websocket.issues.Issue256Test.runReconnectBlockingScenario3_output_1590443173,1590443955,1590443471,484
251-nods-found-batch-output,JON_188_idf_sha_nods_p1_r100_t518400_5M_25d_16h_46m_9s_tootallnate.java-websocket-fa3909c=org.java_websocket.issues.Issue256Test.runReconnectBlockingScenario4_output_1590443173,1590443928,1590443471,457
251-nods-found-batch-output,JON_188_idf_sha_nods_p1_r100_t518400_5M_25d_16h_46m_9s_tootallnate.java-websocket-fa3909c=org.java_websocket.issues.Issue256Test.runReconnectBlockingScenario5_output_1590443173,1590443947,1590443473,474
251-nods-found-batch-output,JON_188_idf_sha_nods_p1_r100_t518400_5M_25d_16h_46m_9s_tootallnate.java-websocket-fa3909c=org.java_websocket.issues.Issue256Test.runReconnectBlockingScenario6_output_1590443173,1590444023,1590443483,540
251-nods-found-batch-output,JON_188_idf_sha_nods_p1_r100_t518400_5M_25d_16h_46m_9s_tootallnate.java-websocket-fa3909c=org.java_websocket.issues.Issue256Test.runReconnectBlockingScenario7_output_1590443173,1590443931,1590443473,458
251-nods-found-batch-output,JON_188_idf_sha_nods_p1_r100_t518400_5M_25d_16h_46m_9s_tootallnate.java-websocket-fa3909c=org.java_websocket.issues.Issue256Test.runReconnectBlockingScenario8_output_1590443173,1590443965,1590443477,488
251-nods-found-batch-output,JON_188_idf_sha_nods_p1_r100_t518400_5M_25d_16h_46m_9s_tootallnate.java-websocket-fa3909c=org.java_websocket.issues.Issue256Test.runReconnectBlockingScenario9_output_1590443173,1590443948,1590443473,475
251-nods-found-batch-output,JON_188_idf_sha_nods_p1_r100_t518400_5M_25d_16h_46m_9s_tootallnate.java-websocket-fa3909c=org.java_websocket.issues.Issue256Test.runReconnectScenario0_output_1590443173,1590444061,1590443473,588
251-nods-found-batch-output,JON_188_idf_sha_nods_p1_r100_t518400_5M_25d_16h_46m_9s_tootallnate.java-websocket-fa3909c=org.java_websocket.issues.Issue256Test.runReconnectScenario1_output_1590443173,1590444040,1590443495,545
251-nods-found-batch-output,JON_188_idf_sha_nods_p1_r100_t518400_5M_25d_16h_46m_9s_tootallnate.java-websocket-fa3909c=org.java_websocket.issues.Issue256Test.runReconnectScenario2_output_1590443173,1590444028,1590443480,548
251-nods-found-batch-output,JON_188_idf_sha_nods_p1_r100_t518400_5M_25d_16h_46m_9s_tootallnate.java-websocket-fa3909c=org.java_websocket.issues.Issue256Test.runReconnectScenario3_output_1590443173,1590444012,1590443481,531
251-nods-found-batch-output,JON_188_idf_sha_nods_p1_r100_t518400_5M_25d_16h_46m_9s_tootallnate.java-websocket-fa3909c=org.java_websocket.issues.Issue256Test.runReconnectScenario4_output_1590443173,1590444027,1590443480,547
251-nods-found-batch-output,JON_188_idf_sha_nods_p1_r100_t518400_5M_25d_16h_46m_9s_tootallnate.java-websocket-fa3909c=org.java_websocket.issues.Issue256Test.runReconnectScenario5_output_1590443173,1590444084,1590443483,601
251-nods-found-batch-output,JON_188_idf_sha_nods_p1_r100_t518400_5M_25d_16h_46m_9s_tootallnate.java-websocket-fa3909c=org.java_websocket.issues.Issue256Test.runReconnectScenario6_output_1590443173,1590444070,1590443483,587
251-nods-found-batch-output,JON_188_idf_sha_nods_p1_r100_t518400_5M_25d_16h_46m_9s_tootallnate.java-websocket-fa3909c=org.java_websocket.issues.Issue256Test.runReconnectScenario7_output_1590443173,1590444040,1590443488,552
251-nods-found-batch-output,JON_188_idf_sha_nods_p1_r100_t518400_5M_25d_16h_46m_9s_tootallnate.java-websocket-fa3909c=org.java_websocket.issues.Issue256Test.runReconnectScenario8_output_1590443173,1590444009,1590443497,512
251-nods-found-batch-output,JON_188_idf_sha_nods_p1_r100_t518400_5M_25d_16h_46m_9s_tootallnate.java-websocket-fa3909c=org.java_websocket.issues.Issue256Test.runReconnectScenario9_output_1590443173,1590444010,1590443498,512
251-nods-found-batch-output,JON_188_idf_sha_nods_p1_r100_t518400_5M_25d_16h_46m_9s_tootallnate.java-websocket-fa3909c=org.java_websocket.issues.Issue580Test.runNoCloseBlockingTestScenario0_output_1590443173,1590443972,1590443488,484
251-nods-found-batch-output,JON_188_idf_sha_nods_p1_r100_t518400_5M_25d_16h_46m_9s_tootallnate.java-websocket-fa3909c=org.java_websocket.issues.Issue580Test.runNoCloseBlockingTestScenario2_output_1590443173,1590444007,1590443499,508
251-nods-found-batch-output,JON_188_idf_sha_nods_p1_r100_t518400_5M_25d_16h_46m_9s_tootallnate.java-websocket-fa3909c=org.java_websocket.issues.Issue580Test.runNoCloseBlockingTestScenario3_output_1590443173,1590443982,1590443502,480
251-nods-found-batch-output,JON_188_idf_sha_nods_p1_r100_t518400_5M_25d_16h_46m_9s_tootallnate.java-websocket-fa3909c=org.java_websocket.issues.Issue580Test.runNoCloseBlockingTestScenario4_output_1590443173,1590443978,1590443502,476
251-nods-found-batch-output,JON_188_idf_sha_nods_p1_r100_t518400_5M_25d_16h_46m_9s_tootallnate.java-websocket-fa3909c=org.java_websocket.issues.Issue580Test.runNoCloseBlockingTestScenario5_output_1590443173,1590443922,1590443465,457
251-nods-found-batch-output,JON_188_idf_sha_nods_p1_r100_t518400_5M_25d_16h_46m_9s_tootallnate.java-websocket-fa3909c=org.java_websocket.issues.Issue580Test.runNoCloseBlockingTestScenario8_output_1590443173,1590443965,1590443510,455
251-nods-found-batch-output,JON_188_idf_sha_nods_p1_r100_t518400_5M_25d_16h_46m_9s_tootallnate.java-websocket-fa3909c=org.java_websocket.issues.Issue677Test.testIssue_output_1590443173,1590443960,1590443509,451
251-nods-found-batch-output,JON_188_idf_sha_nods_p1_r100_t518400_5M_25d_16h_46m_9s_tootallnate.java-websocket-fa3909c=org.java_websocket.issues.Issue713Test.testIssue_output_1590443173,1590444015,1590443504,511
251-nods-found-batch-output,JON_188_idf_sha_nods_p1_r100_t518400_5M_25d_16h_46m_9s_tootallnate.java-websocket-fa3909c=org.java_websocket.misc.OpeningHandshakeRejectionTest.testHandshakeRejectionTestCase10_output_1590443173,1590443940,1590443510,430
251-nods-found-batch-output,JON_188_idf_sha_nods_p1_r100_t518400_5M_25d_16h_46m_9s_tootallnate.java-websocket-fa3909c=org.java_websocket.misc.OpeningHandshakeRejectionTest.testHandshakeRejectionTestCase11_output_1590443173,1590443988,1590443512,476
251-nods-found-batch-output,JON_188_idf_sha_nods_p1_r100_t518400_5M_25d_16h_46m_9s_tootallnate.java-websocket-fa3909c=org.java_websocket.misc.OpeningHandshakeRejectionTest.testHandshakeRejectionTestCase1_output_1590443173,1590443981,1590443507,474
251-nods-found-batch-output,JON_188_idf_sha_nods_p1_r100_t518400_5M_25d_16h_46m_9s_tootallnate.java-websocket-fa3909c=org.java_websocket.misc.OpeningHandshakeRejectionTest.testHandshakeRejectionTestCase2_output_1590443173,1590443962,1590443512,450
251-nods-found-batch-output,JON_188_idf_sha_nods_p1_r100_t518400_5M_25d_16h_46m_9s_tootallnate.java-websocket-fa3909c=org.java_websocket.misc.OpeningHandshakeRejectionTest.testHandshakeRejectionTestCase3_output_1590443173,1590443953,1590443512,441
251-nods-found-batch-output,JON_188_idf_sha_nods_p1_r100_t518400_5M_25d_16h_46m_9s_tootallnate.java-websocket-fa3909c=org.java_websocket.misc.OpeningHandshakeRejectionTest.testHandshakeRejectionTestCase4_output_1590443173,1590443985,1590443512,473
251-nods-found-batch-output,JON_188_idf_sha_nods_p1_r100_t518400_5M_25d_16h_46m_9s_tootallnate.java-websocket-fa3909c=org.java_websocket.misc.OpeningHandshakeRejectionTest.testHandshakeRejectionTestCase5_output_1590443173,1590443965,1590443512,453
251-nods-found-batch-output,JON_188_idf_sha_nods_p1_r100_t518400_5M_25d_16h_46m_9s_tootallnate.java-websocket-fa3909c=org.java_websocket.misc.OpeningHandshakeRejectionTest.testHandshakeRejectionTestCase6_output_1590443173,1590443967,1590443515,452
251-nods-found-batch-output,JON_188_idf_sha_nods_p1_r100_t518400_5M_25d_16h_46m_9s_tootallnate.java-websocket-fa3909c=org.java_websocket.misc.OpeningHandshakeRejectionTest.testHandshakeRejectionTestCase7_output_1590443173,1590443966,1590443512,454
251-nods-found-batch-output,JON_188_idf_sha_nods_p1_r100_t518400_5M_25d_16h_46m_9s_tootallnate.java-websocket-fa3909c=org.java_websocket.misc.OpeningHandshakeRejectionTest.testHandshakeRejectionTestCase8_output_1590443173,1590443962,1590443512,450
251-nods-found-batch-output,JON_188_idf_sha_nods_p1_r100_t518400_5M_25d_16h_46m_9s_tootallnate.java-websocket-fa3909c=org.java_websocket.misc.OpeningHandshakeRejectionTest.testHandshakeRejectionTestCase9_output_1590443173,1590443953,1590443518,435
251-nods-found-batch-output,JON_188_idf_sha_nods_p1_r100_t518400_5M_25d_16h_46m_9s_tootallnate.java-websocket-fa3909c=org.java_websocket.protocols.ProtoclHandshakeRejectionTest.testHandshakeRejectionTestCase10_output_1590443173,1590443947,1590443515,432
251-nods-found-batch-output,JON_188_idf_sha_nods_p1_r100_t518400_5M_25d_16h_46m_9s_tootallnate.java-websocket-fa3909c=org.java_websocket.protocols.ProtoclHandshakeRejectionTest.testHandshakeRejectionTestCase11_output_1590443173,1590443976,1590443518,458
251-nods-found-batch-output,JON_188_idf_sha_nods_p1_r100_t518400_5M_25d_16h_46m_9s_tootallnate.java-websocket-fa3909c=org.java_websocket.protocols.ProtoclHandshakeRejectionTest.testHandshakeRejectionTestCase13_output_1590443173,1590443956,1590443521,435
251-nods-found-batch-output,JON_188_idf_sha_nods_p1_r100_t518400_5M_25d_16h_46m_9s_tootallnate.java-websocket-fa3909c=org.java_websocket.protocols.ProtoclHandshakeRejectionTest.testHandshakeRejectionTestCase14_output_1590443173,1590443959,1590443521,438
251-nods-found-batch-output,JON_188_idf_sha_nods_p1_r100_t518400_5M_25d_16h_46m_9s_tootallnate.java-websocket-fa3909c=org.java_websocket.protocols.ProtoclHandshakeRejectionTest.testHandshakeRejectionTestCase16_output_1590443173,1590443991,1590443521,470
251-nods-found-batch-output,JON_188_idf_sha_nods_p1_r100_t518400_5M_25d_16h_46m_9s_tootallnate.java-websocket-fa3909c=org.java_websocket.protocols.ProtoclHandshakeRejectionTest.testHandshakeRejectionTestCase17_output_1590443173,1590443951,1590443521,430
251-nods-found-batch-output,JON_188_idf_sha_nods_p1_r100_t518400_5M_25d_16h_46m_9s_tootallnate.java-websocket-fa3909c=org.java_websocket.protocols.ProtoclHandshakeRejectionTest.testHandshakeRejectionTestCase2_output_1590443173,1590443965,1590443521,444
251-nods-found-batch-output,JON_188_idf_sha_nods_p1_r100_t518400_5M_25d_16h_46m_9s_tootallnate.java-websocket-fa3909c=org.java_websocket.protocols.ProtoclHandshakeRejectionTest.testHandshakeRejectionTestCase3_output_1590443173,1590443974,1590443521,453
251-nods-found-batch-output,JON_188_idf_sha_nods_p1_r100_t518400_5M_25d_16h_46m_9s_tootallnate.java-websocket-fa3909c=org.java_websocket.protocols.ProtoclHandshakeRejectionTest.testHandshakeRejectionTestCase4_output_1590443173,1590443976,1590443521,455
251-nods-found-batch-output,JON_188_idf_sha_nods_p1_r100_t518400_5M_25d_16h_46m_9s_tootallnate.java-websocket-fa3909c=org.java_websocket.protocols.ProtoclHandshakeRejectionTest.testHandshakeRejectionTestCase6_output_1590443173,1590444011,1590443521,490
251-nods-found-batch-output,JON_188_idf_sha_nods_p1_r100_t518400_5M_25d_16h_46m_9s_tootallnate.java-websocket-fa3909c=org.java_websocket.protocols.ProtoclHandshakeRejectionTest.testHandshakeRejectionTestCase8_output_1590443173,1590444056,1590443554,502
251-nods-found-batch-output,JON_188_idf_sha_nods_p1_r100_t518400_5M_25d_16h_46m_9s_tootallnate.java-websocket-fa3909c=org.java_websocket.protocols.ProtoclHandshakeRejectionTest.testHandshakeRejectionTestCase9_output_1590443173,1590443984,1590443524,460
251-nods-found-batch-output,JON_188_idf_sha_nods_p1_r100_t518400_5M_25d_16h_46m_9s_undertow-io.undertow-d0efffa=io.undertow.websockets.jsr.test.JsrWebSocketServer07Test.testErrorHandling_output_1590443173,1590444456,1590443530,926
251-nods-found-batch-output,JON_188_idf_sha_nods_p1_r100_t518400_5M_25d_16h_46m_9s_undertow-io.undertow-d0efffa=io.undertow.websockets.jsr.test.JsrWebSocketServer08Test.testErrorHandling_output_1590443173,1590444481,1590443527,954
251-nods-found-batch-output,JON_188_idf_sha_nods_p1_r100_t518400_5M_25d_16h_46m_9s_undertow-io.undertow-d0efffa=io.undertow.websockets.jsr.test.JsrWebSocketServer13Test.testErrorHandling_output_1590443173,1590444475,1590443553,922
251-nods-found-batch-output,JON_188_idf_sha_nods_p1_r100_t518400_5M_25d_16h_46m_9s_undertow-io.undertow-d0efffa=io.undertow.websockets.jsr.test.reconnect.ClientEndpointReconnectTestCase.testAnnotatedClientEndpoint_output_1590443173,1590444471,1590443528,943
251-nods-found-batch-output,JON_188_idf_sha_nods_p1_r100_t518400_5M_25d_16h_46m_9s_vert-x3.vertx-rabbitmq-client-7305bcd=io.vertx.rabbitmq.RabbitMQClientReconnectTest.testReconnect_output_1590443173,1590444257,1590443545,712
251-nods-found-batch-output,JON_188_idf_sha_nods_p1_r100_t518400_5M_25d_16h_46m_9s_vert-x3.vertx-rabbitmq-client-7305bcd=io.vertx.rabbitmq.RabbitMQConsumptionStreamingTest.keepMostRecentOptionShouldWorks_output_1590443173,1590444268,1590443551,717
251-nods-found-batch-output,JON_188_idf_sha_nods_p1_r100_t518400_5M_25d_16h_46m_9s_vert-x3.vertx-rabbitmq-client-7305bcd=io.vertx.rabbitmq.RabbitMQConsumptionStreamingTest.pauseAndResumeShouldWork_output_1590443173,1590444261,1590443554,707
251-nods-found-batch-output,JON_188_idf_sha_nods_p1_r100_t518400_5M_25d_16h_46m_9s_vert-x3.vertx-rabbitmq-client-7305bcd=io.vertx.rabbitmq.RabbitMQServiceTest.testBasicCancel_output_1590443173,1590444280,1590443553,727
251-nods-found-batch-output,JON_188_idf_sha_nods_p1_r100_t518400_5M_25d_16h_46m_9s_vert-x3.vertx-rabbitmq-client-7305bcd=io.vertx.rabbitmq.RabbitMQServiceTest.testBasicConsume_output_1590443173,1590444248,1590443557,691
251-nods-found-batch-output,JON_188_idf_sha_nods_p1_r100_t518400_5M_25d_16h_46m_9s_vert-x3.vertx-rabbitmq-client-7305bcd=io.vertx.rabbitmq.RabbitMQServiceTest.testGetMessageCount_output_1590443173,1590444247,1590443560,687
251-nods-found-batch-output,JON_188_idf_sha_nods_p1_r100_t518400_5M_25d_16h_46m_9s_vert-x3.vertx-rabbitmq-client-7305bcd=io.vertx.rabbitmq.RabbitMQServiceTest.testMessageOrderingWhenConsumingNewApi_output_1590443173,1590444309,1590443562,747
251-nods-found-batch-output,JON_188_idf_sha_nods_p1_r100_t518400_5M_25d_16h_46m_9s_vmware.admiral-e4b0293=com.vmware.admiral.adapter.registry.service.RegistryAdapterServiceProxyTest.testInitWithProxyWithList_output_1590443173,1590444281,1590443551,730
251-nods-found-batch-output,JON_188_idf_sha_nods_p1_r100_t518400_5M_25d_16h_46m_9s_vmware.admiral-e4b0293=com.vmware.admiral.adapter.registry.service.RegistryAdapterServiceTest.testDockerHubListImageTags_output_1590443173,1590444424,1590443560,864
251-nods-found-batch-output,JON_188_idf_sha_nods_p1_r100_t518400_5M_25d_16h_46m_9s_vmware.admiral-e4b0293=com.vmware.admiral.adapter.registry.service.RegistryAdapterServiceTest.testSameRegistryAsGlobalAndProject_output_1590443173,1590444332,1590443554,778
251-nods-found-batch-output,JON_188_idf_sha_nods_p1_r100_t518400_5M_25d_16h_46m_9s_vmware.admiral-e4b0293=com.vmware.admiral.adapter.registry.service.RegistryAdapterServiceTest.testSameRegistryTwoDifferentProjectsNotRemoveOldTenantLinkShouldFail_output_1590443173,1590444343,1590443548,795
251-nods-found-batch-output,JON_188_idf_sha_nods_p1_r100_t518400_5M_25d_16h_46m_9s_vmware.admiral-e4b0293=com.vmware.admiral.adapter.registry.service.RegistryAdapterServiceTest.testV1Ping_output_1590443173,1590444363,1590443557,806
251-nods-found-batch-output,JON_188_idf_sha_nods_p1_r100_t518400_5M_25d_16h_46m_9s_wro4j.wro4j-185ab60=ro.isdc.wro.extensions.processor.TestBourbonCssProcessor.shouldBeThreadSafe_output_1590443173,1590444816,1590443553,1263
251-nods-found-batch-output,JON_188_idf_sha_nods_p1_r100_t518400_5M_25d_16h_46m_9s_wro4j.wro4j-185ab60=ro.isdc.wro.extensions.processor.TestRubySassCssProcessor.shouldBeThreadSafeWhenInitializingProcessor_output_1590443173,1590444784,1590443557,1227
251-nods-found-batch-output,JON_188_idf_sha_nods_p1_r100_t518400_5M_25d_16h_46m_9s_wso2.carbon-apimgt-a82213e=org.wso2.carbon.apimgt.throttling.siddhi.extension.ThrottleTimeBatchWindowTestCase.throttleTimeWindowBatchTest1_output_1590443173,1590445881,1590443555,2326
251-nods-found-batch-output,JON_188_idf_sha_nods_p1_r100_t518400_5M_25d_16h_46m_9s_zalando.riptide-8277e11=org.zalando.riptide.backup.BackupRequestPluginTest.shouldUseBackupRequest_output_1590443173,1590444674,1590443557,1117
251-nods-found-batch-output,JON_188_idf_sha_nods_p1_r100_t518400_5M_25d_16h_46m_9s_zalando.riptide-8277e11=org.zalando.riptide.failsafe.RetryAfterDelayFunctionTest.shouldRetryOnDemandWithDynamicDelay_output_1590443173,1590444567,1590443560,1007
251-nods-found-batch-output,JON_188_idf_sha_nods_p1_r100_t518400_5M_25d_16h_49m_9s_square.retrofit-ae28c3d=retrofit2.adapter.rxjava.CompletableThrowingSafeSubscriberTest.throwingInOnCompleteDeliveredToPlugin_output_1590443353,1590444016,1590443644,372
251-nods-found-batch-output,JON_188_idf_sha_nods_p1_r100_t518400_5M_25d_16h_49m_9s_square.retrofit-ae28c3d=retrofit2.CallTest.cancelOkHttpRequest_output_1590443353,1590444322,1590443653,669
251-nods-found-batch-output,JON_188_idf_sha_nods_p1_r100_t518400_5M_25d_16h_49m_9s_square.retrofit-ae28c3d=retrofit2.CallTest.cancelRequest_output_1590443353,1590444325,1590443656,669
251-nods-found-batch-output,JON_188_idf_sha_nods_p1_r100_t518400_5M_25d_16h_49m_9s_tootallnate.java-websocket-fa3909c=org.java_websocket.issues.Issue256Test.runReconnectBlockingScenario1_output_1590443353,1590444127,1590443668,459
251-nods-found-batch-output,JON_188_idf_sha_nods_p1_r100_t518400_5M_25d_16h_49m_9s_tootallnate.java-websocket-fa3909c=org.java_websocket.issues.Issue256Test.runReconnectBlockingScenario2_output_1590443353,1590444101,1590443658,443
251-nods-found-batch-output,JON_188_idf_sha_nods_p1_r100_t518400_5M_25d_16h_49m_9s_tootallnate.java-websocket-fa3909c=org.java_websocket.issues.Issue256Test.runReconnectBlockingScenario3_output_1590443353,1590444112,1590443666,446
251-nods-found-batch-output,JON_188_idf_sha_nods_p1_r100_t518400_5M_25d_16h_49m_9s_tootallnate.java-websocket-fa3909c=org.java_websocket.issues.Issue256Test.runReconnectBlockingScenario4_output_1590443353,1590444118,1590443656,462
251-nods-found-batch-output,JON_188_idf_sha_nods_p1_r100_t518400_5M_25d_16h_49m_9s_tootallnate.java-websocket-fa3909c=org.java_websocket.issues.Issue256Test.runReconnectBlockingScenario5_output_1590443353,1590444108,1590443656,452
251-nods-found-batch-output,JON_188_idf_sha_nods_p1_r100_t518400_5M_25d_16h_49m_9s_tootallnate.java-websocket-fa3909c=org.java_websocket.issues.Issue256Test.runReconnectBlockingScenario6_output_1590443353,1590444124,1590443672,452
251-nods-found-batch-output,JON_188_idf_sha_nods_p1_r100_t518400_5M_25d_16h_49m_9s_tootallnate.java-websocket-fa3909c=org.java_websocket.issues.Issue256Test.runReconnectBlockingScenario7_output_1590443353,1590444146,1590443670,476
251-nods-found-batch-output,JON_188_idf_sha_nods_p1_r100_t518400_5M_25d_16h_49m_9s_tootallnate.java-websocket-fa3909c=org.java_websocket.issues.Issue256Test.runReconnectBlockingScenario8_output_1590443353,1590444125,1590443658,467
251-nods-found-batch-output,JON_188_idf_sha_nods_p1_r100_t518400_5M_25d_16h_49m_9s_tootallnate.java-websocket-fa3909c=org.java_websocket.issues.Issue256Test.runReconnectBlockingScenario9_output_1590443353,1590444085,1590443658,427
251-nods-found-batch-output,JON_188_idf_sha_nods_p1_r100_t518400_5M_25d_16h_49m_9s_tootallnate.java-websocket-fa3909c=org.java_websocket.issues.Issue256Test.runReconnectScenario0_output_1590443353,1590444199,1590443670,529
251-nods-found-batch-output,JON_188_idf_sha_nods_p1_r100_t518400_5M_25d_16h_49m_9s_tootallnate.java-websocket-fa3909c=org.java_websocket.issues.Issue256Test.runReconnectScenario1_output_1590443353,1590444198,1590443658,540
251-nods-found-batch-output,JON_188_idf_sha_nods_p1_r100_t518400_5M_25d_16h_49m_9s_tootallnate.java-websocket-fa3909c=org.java_websocket.issues.Issue256Test.runReconnectScenario2_output_1590443353,1590444217,1590443670,547
251-nods-found-batch-output,JON_188_idf_sha_nods_p1_r100_t518400_5M_25d_16h_49m_9s_tootallnate.java-websocket-fa3909c=org.java_websocket.issues.Issue256Test.runReconnectScenario3_output_1590443353,1590444133,1590443644,489
251-nods-found-batch-output,JON_188_idf_sha_nods_p1_r100_t518400_5M_25d_16h_49m_9s_tootallnate.java-websocket-fa3909c=org.java_websocket.issues.Issue256Test.runReconnectScenario4_output_1590443353,1590444227,1590443675,552
251-nods-found-batch-output,JON_188_idf_sha_nods_p1_r100_t518400_5M_25d_16h_49m_9s_tootallnate.java-websocket-fa3909c=org.java_websocket.issues.Issue256Test.runReconnectScenario5_output_1590443353,1590444193,1590443658,535
251-nods-found-batch-output,JON_188_idf_sha_nods_p1_r100_t518400_5M_25d_16h_49m_9s_tootallnate.java-websocket-fa3909c=org.java_websocket.issues.Issue256Test.runReconnectScenario6_output_1590443353,1590444225,1590443666,559
251-nods-found-batch-output,JON_188_idf_sha_nods_p1_r100_t518400_5M_25d_16h_49m_9s_tootallnate.java-websocket-fa3909c=org.java_websocket.issues.Issue256Test.runReconnectScenario7_output_1590443353,1590444236,1590443672,564
251-nods-found-batch-output,JON_188_idf_sha_nods_p1_r100_t518400_5M_25d_16h_49m_9s_tootallnate.java-websocket-fa3909c=org.java_websocket.issues.Issue256Test.runReconnectScenario8_output_1590443353,1590444136,1590443647,489
251-nods-found-batch-output,JON_188_idf_sha_nods_p1_r100_t518400_5M_25d_16h_49m_9s_tootallnate.java-websocket-fa3909c=org.java_websocket.issues.Issue256Test.runReconnectScenario9_output_1590443353,1590444174,1590443677,497
251-nods-found-batch-output,JON_188_idf_sha_nods_p1_r100_t518400_5M_25d_16h_49m_9s_tootallnate.java-websocket-fa3909c=org.java_websocket.issues.Issue580Test.runNoCloseBlockingTestScenario0_output_1590443353,1590444130,1590443679,451
251-nods-found-batch-output,JON_188_idf_sha_nods_p1_r100_t518400_5M_25d_16h_49m_9s_tootallnate.java-websocket-fa3909c=org.java_websocket.issues.Issue580Test.runNoCloseBlockingTestScenario2_output_1590443353,1590444130,1590443677,453
251-nods-found-batch-output,JON_188_idf_sha_nods_p1_r100_t518400_5M_25d_16h_49m_9s_tootallnate.java-websocket-fa3909c=org.java_websocket.issues.Issue580Test.runNoCloseBlockingTestScenario3_output_1590443353,1590444163,1590443677,486
251-nods-found-batch-output,JON_188_idf_sha_nods_p1_r100_t518400_5M_25d_16h_49m_9s_tootallnate.java-websocket-fa3909c=org.java_websocket.issues.Issue580Test.runNoCloseBlockingTestScenario4_output_1590443353,1590444158,1590443677,481
251-nods-found-batch-output,JON_188_idf_sha_nods_p1_r100_t518400_5M_25d_16h_49m_9s_tootallnate.java-websocket-fa3909c=org.java_websocket.issues.Issue580Test.runNoCloseBlockingTestScenario5_output_1590443353,1590444110,1590443677,433
251-nods-found-batch-output,JON_188_idf_sha_nods_p1_r100_t518400_5M_25d_16h_49m_9s_tootallnate.java-websocket-fa3909c=org.java_websocket.issues.Issue580Test.runNoCloseBlockingTestScenario8_output_1590443353,1590444179,1590443677,502
251-nods-found-batch-output,JON_188_idf_sha_nods_p1_r100_t518400_5M_25d_16h_49m_9s_tootallnate.java-websocket-fa3909c=org.java_websocket.issues.Issue677Test.testIssue_output_1590443353,1590444134,1590443677,457
251-nods-found-batch-output,JON_188_idf_sha_nods_p1_r100_t518400_5M_25d_16h_49m_9s_tootallnate.java-websocket-fa3909c=org.java_websocket.issues.Issue713Test.testIssue_output_1590443353,1590444168,1590443679,489
251-nods-found-batch-output,JON_188_idf_sha_nods_p1_r100_t518400_5M_25d_16h_49m_9s_tootallnate.java-websocket-fa3909c=org.java_websocket.misc.OpeningHandshakeRejectionTest.testHandshakeRejectionTestCase10_output_1590443353,1590444154,1590443679,475
251-nods-found-batch-output,JON_188_idf_sha_nods_p1_r100_t518400_5M_25d_16h_49m_9s_tootallnate.java-websocket-fa3909c=org.java_websocket.misc.OpeningHandshakeRejectionTest.testHandshakeRejectionTestCase11_output_1590443353,1590444147,1590443681,466
251-nods-found-batch-output,JON_188_idf_sha_nods_p1_r100_t518400_5M_25d_16h_49m_9s_tootallnate.java-websocket-fa3909c=org.java_websocket.misc.OpeningHandshakeRejectionTest.testHandshakeRejectionTestCase1_output_1590443353,1590444066,1590443681,385
251-nods-found-batch-output,JON_188_idf_sha_nods_p1_r100_t518400_5M_25d_16h_49m_9s_tootallnate.java-websocket-fa3909c=org.java_websocket.misc.OpeningHandshakeRejectionTest.testHandshakeRejectionTestCase2_output_1590443353,1590444153,1590443681,472
251-nods-found-batch-output,JON_188_idf_sha_nods_p1_r100_t518400_5M_25d_16h_49m_9s_tootallnate.java-websocket-fa3909c=org.java_websocket.misc.OpeningHandshakeRejectionTest.testHandshakeRejectionTestCase3_output_1590443353,1590444137,1590443684,453
251-nods-found-batch-output,JON_188_idf_sha_nods_p1_r100_t518400_5M_25d_16h_49m_9s_tootallnate.java-websocket-fa3909c=org.java_websocket.misc.OpeningHandshakeRejectionTest.testHandshakeRejectionTestCase4_output_1590443353,1590444163,1590443681,482
251-nods-found-batch-output,JON_188_idf_sha_nods_p1_r100_t518400_5M_25d_16h_49m_9s_tootallnate.java-websocket-fa3909c=org.java_websocket.misc.OpeningHandshakeRejectionTest.testHandshakeRejectionTestCase5_output_1590443353,1590444142,1590443681,461
251-nods-found-batch-output,JON_188_idf_sha_nods_p1_r100_t518400_5M_25d_16h_49m_9s_tootallnate.java-websocket-fa3909c=org.java_websocket.misc.OpeningHandshakeRejectionTest.testHandshakeRejectionTestCase6_output_1590443353,1590444109,1590443681,428
251-nods-found-batch-output,JON_188_idf_sha_nods_p1_r100_t518400_5M_25d_16h_49m_9s_tootallnate.java-websocket-fa3909c=org.java_websocket.misc.OpeningHandshakeRejectionTest.testHandshakeRejectionTestCase7_output_1590443353,1590444170,1590443684,486
251-nods-found-batch-output,JON_188_idf_sha_nods_p1_r100_t518400_5M_25d_16h_49m_9s_tootallnate.java-websocket-fa3909c=org.java_websocket.misc.OpeningHandshakeRejectionTest.testHandshakeRejectionTestCase8_output_1590443353,1590444160,1590443681,479
251-nods-found-batch-output,JON_188_idf_sha_nods_p1_r100_t518400_5M_25d_16h_49m_9s_tootallnate.java-websocket-fa3909c=org.java_websocket.misc.OpeningHandshakeRejectionTest.testHandshakeRejectionTestCase9_output_1590443353,1590444161,1590443681,480
251-nods-found-batch-output,JON_188_idf_sha_nods_p1_r100_t518400_5M_25d_16h_49m_9s_tootallnate.java-websocket-fa3909c=org.java_websocket.protocols.ProtoclHandshakeRejectionTest.testHandshakeRejectionTestCase10_output_1590443353,1590444126,1590443681,445
251-nods-found-batch-output,JON_188_idf_sha_nods_p1_r100_t518400_5M_25d_16h_49m_9s_tootallnate.java-websocket-fa3909c=org.java_websocket.protocols.ProtoclHandshakeRejectionTest.testHandshakeRejectionTestCase11_output_1590443353,1590444097,1590443681,416
251-nods-found-batch-output,JON_188_idf_sha_nods_p1_r100_t518400_5M_25d_16h_49m_9s_tootallnate.java-websocket-fa3909c=org.java_websocket.protocols.ProtoclHandshakeRejectionTest.testHandshakeRejectionTestCase13_output_1590443353,1590444157,1590443692,465
251-nods-found-batch-output,JON_188_idf_sha_nods_p1_r100_t518400_5M_25d_16h_49m_9s_tootallnate.java-websocket-fa3909c=org.java_websocket.protocols.ProtoclHandshakeRejectionTest.testHandshakeRejectionTestCase14_output_1590443353,1590444178,1590443705,473
251-nods-found-batch-output,JON_188_idf_sha_nods_p1_r100_t518400_5M_25d_16h_49m_9s_tootallnate.java-websocket-fa3909c=org.java_websocket.protocols.ProtoclHandshakeRejectionTest.testHandshakeRejectionTestCase16_output_1590443353,1590444153,1590443705,448
251-nods-found-batch-output,JON_188_idf_sha_nods_p1_r100_t518400_5M_25d_16h_49m_9s_tootallnate.java-websocket-fa3909c=org.java_websocket.protocols.ProtoclHandshakeRejectionTest.testHandshakeRejectionTestCase17_output_1590443353,1590444113,1590443690,423
251-nods-found-batch-output,JON_188_idf_sha_nods_p1_r100_t518400_5M_25d_16h_49m_9s_tootallnate.java-websocket-fa3909c=org.java_websocket.protocols.ProtoclHandshakeRejectionTest.testHandshakeRejectionTestCase2_output_1590443353,1590444121,1590443690,431
251-nods-found-batch-output,JON_188_idf_sha_nods_p1_r100_t518400_5M_25d_16h_49m_9s_tootallnate.java-websocket-fa3909c=org.java_websocket.protocols.ProtoclHandshakeRejectionTest.testHandshakeRejectionTestCase3_output_1590443353,1590444131,1590443688,443
251-nods-found-batch-output,JON_188_idf_sha_nods_p1_r100_t518400_5M_25d_16h_49m_9s_tootallnate.java-websocket-fa3909c=org.java_websocket.protocols.ProtoclHandshakeRejectionTest.testHandshakeRejectionTestCase4_output_1590443353,1590444164,1590443684,480
251-nods-found-batch-output,JON_188_idf_sha_nods_p1_r100_t518400_5M_25d_16h_49m_9s_tootallnate.java-websocket-fa3909c=org.java_websocket.protocols.ProtoclHandshakeRejectionTest.testHandshakeRejectionTestCase6_output_1590443353,1590444163,1590443705,458
251-nods-found-batch-output,JON_188_idf_sha_nods_p1_r100_t518400_5M_25d_16h_49m_9s_tootallnate.java-websocket-fa3909c=org.java_websocket.protocols.ProtoclHandshakeRejectionTest.testHandshakeRejectionTestCase8_output_1590443353,1590444192,1590443705,487
251-nods-found-batch-output,JON_188_idf_sha_nods_p1_r100_t518400_5M_25d_16h_49m_9s_tootallnate.java-websocket-fa3909c=org.java_websocket.protocols.ProtoclHandshakeRejectionTest.testHandshakeRejectionTestCase9_output_1590443353,1590444107,1590443705,402
251-nods-found-batch-output,JON_188_idf_sha_nods_p1_r100_t518400_5M_25d_16h_49m_9s_undertow-io.undertow-d0efffa=io.undertow.websockets.jsr.test.JsrWebSocketServer07Test.testErrorHandling_output_1590443353,1590444638,1590443707,931
251-nods-found-batch-output,JON_188_idf_sha_nods_p1_r100_t518400_5M_25d_16h_49m_9s_undertow-io.undertow-d0efffa=io.undertow.websockets.jsr.test.JsrWebSocketServer08Test.testErrorHandling_output_1590443353,1590444652,1590443714,938
251-nods-found-batch-output,JON_188_idf_sha_nods_p1_r100_t518400_5M_25d_16h_49m_9s_undertow-io.undertow-d0efffa=io.undertow.websockets.jsr.test.JsrWebSocketServer13Test.testErrorHandling_output_1590443353,1590444622,1590443707,915
251-nods-found-batch-output,JON_188_idf_sha_nods_p1_r100_t518400_5M_25d_16h_49m_9s_undertow-io.undertow-d0efffa=io.undertow.websockets.jsr.test.reconnect.ClientEndpointReconnectTestCase.testAnnotatedClientEndpoint_output_1590443353,1590444618,1590443711,907
251-nods-found-batch-output,JON_188_idf_sha_nods_p1_r100_t518400_5M_25d_16h_49m_9s_vert-x3.vertx-rabbitmq-client-7305bcd=io.vertx.rabbitmq.RabbitMQClientReconnectTest.testReconnect_output_1590443353,1590444397,1590443718,679
251-nods-found-batch-output,JON_188_idf_sha_nods_p1_r100_t518400_5M_25d_16h_49m_9s_vert-x3.vertx-rabbitmq-client-7305bcd=io.vertx.rabbitmq.RabbitMQConsumptionStreamingTest.keepMostRecentOptionShouldWorks_output_1590443353,1590444385,1590443727,658
251-nods-found-batch-output,JON_188_idf_sha_nods_p1_r100_t518400_5M_25d_16h_49m_9s_vert-x3.vertx-rabbitmq-client-7305bcd=io.vertx.rabbitmq.RabbitMQConsumptionStreamingTest.pauseAndResumeShouldWork_output_1590443353,1590444453,1590443727,726
251-nods-found-batch-output,JON_188_idf_sha_nods_p1_r100_t518400_5M_25d_16h_49m_9s_vert-x3.vertx-rabbitmq-client-7305bcd=io.vertx.rabbitmq.RabbitMQServiceTest.testBasicCancel_output_1590443353,1590444407,1590443727,680
251-nods-found-batch-output,JON_188_idf_sha_nods_p1_r100_t518400_5M_25d_16h_49m_9s_vert-x3.vertx-rabbitmq-client-7305bcd=io.vertx.rabbitmq.RabbitMQServiceTest.testBasicConsume_output_1590443353,1590444416,1590443720,696
251-nods-found-batch-output,JON_188_idf_sha_nods_p1_r100_t518400_5M_25d_16h_49m_9s_vert-x3.vertx-rabbitmq-client-7305bcd=io.vertx.rabbitmq.RabbitMQServiceTest.testGetMessageCount_output_1590443353,1590444349,1590443725,624
251-nods-found-batch-output,JON_188_idf_sha_nods_p1_r100_t518400_5M_25d_16h_49m_9s_vert-x3.vertx-rabbitmq-client-7305bcd=io.vertx.rabbitmq.RabbitMQServiceTest.testMessageOrderingWhenConsumingNewApi_output_1590443353,1590444430,1590443720,710
251-nods-found-batch-output,JON_188_idf_sha_nods_p1_r100_t518400_5M_25d_16h_49m_9s_vmware.admiral-e4b0293=com.vmware.admiral.adapter.registry.service.RegistryAdapterServiceProxyTest.testInitWithProxyWithList_output_1590443353,1590444498,1590443741,757
251-nods-found-batch-output,JON_188_idf_sha_nods_p1_r100_t518400_5M_25d_16h_49m_9s_vmware.admiral-e4b0293=com.vmware.admiral.adapter.registry.service.RegistryAdapterServiceTest.testDockerHubListImageTags_output_1590443353,1590444526,1590443731,795
251-nods-found-batch-output,JON_188_idf_sha_nods_p1_r100_t518400_5M_25d_16h_49m_9s_vmware.admiral-e4b0293=com.vmware.admiral.adapter.registry.service.RegistryAdapterServiceTest.testSameRegistryAsGlobalAndProject_output_1590443353,1590444481,1590443737,744
251-nods-found-batch-output,JON_188_idf_sha_nods_p1_r100_t518400_5M_25d_16h_49m_9s_vmware.admiral-e4b0293=com.vmware.admiral.adapter.registry.service.RegistryAdapterServiceTest.testSameRegistryTwoDifferentProjectsNotRemoveOldTenantLinkShouldFail_output_1590443353,1590444470,1590443735,735
251-nods-found-batch-output,JON_188_idf_sha_nods_p1_r100_t518400_5M_25d_16h_49m_9s_vmware.admiral-e4b0293=com.vmware.admiral.adapter.registry.service.RegistryAdapterServiceTest.testV1Ping_output_1590443353,1590444600,1590443737,863
251-nods-found-batch-output,JON_188_idf_sha_nods_p1_r100_t518400_5M_25d_16h_49m_9s_wro4j.wro4j-185ab60=ro.isdc.wro.extensions.processor.TestBourbonCssProcessor.shouldBeThreadSafe_output_1590443353,1590444963,1590443744,1219
251-nods-found-batch-output,JON_188_idf_sha_nods_p1_r100_t518400_5M_25d_16h_49m_9s_wro4j.wro4j-185ab60=ro.isdc.wro.extensions.processor.TestRubySassCssProcessor.shouldBeThreadSafeWhenInitializingProcessor_output_1590443353,1590444952,1590443741,1211
251-nods-found-batch-output,JON_188_idf_sha_nods_p1_r100_t518400_5M_25d_16h_49m_9s_wso2.carbon-apimgt-a82213e=org.wso2.carbon.apimgt.throttling.siddhi.extension.ThrottleTimeBatchWindowTestCase.throttleTimeWindowBatchTest1_output_1590443353,1590446058,1590443741,2317
251-nods-found-batch-output,JON_188_idf_sha_nods_p1_r100_t518400_5M_25d_16h_49m_9s_zalando.riptide-8277e11=org.zalando.riptide.backup.BackupRequestPluginTest.shouldUseBackupRequest_output_1590443353,1590444793,1590443744,1049
251-nods-found-batch-output,JON_188_idf_sha_nods_p1_r100_t518400_5M_25d_16h_49m_9s_zalando.riptide-8277e11=org.zalando.riptide.failsafe.RetryAfterDelayFunctionTest.shouldRetryOnDemandWithDynamicDelay_output_1590443353,1590444665,1590443741,924
251-nods-found-batch-output,JON_188_idf_sha_nods_p2_r100_t518400_5M_25d_17h_12m_48s_alibaba.fastjson-e05e9c5=com.alibaba.json.bvt.parser.deser.AbstractSerializeTest.test_mapping_1_output_1590444771,1590445466,1590445025,441
251-nods-found-batch-output,JON_188_idf_sha_nods_p2_r100_t518400_5M_25d_17h_12m_48s_alibaba.fastjson-e05e9c5=com.alibaba.json.bvt.parser.deser.AbstractSerializeTest.test_mapping_2_output_1590444771,1590445498,1590445046,452
251-nods-found-batch-output,JON_188_idf_sha_nods_p2_r100_t518400_5M_25d_17h_12m_48s_apache.hadoop-cc2babc=org.apache.hadoop.fs.http.server.TestHttpFSServer.testAllowSnapshot_output_1590444771,1590445320,1590445046,274
251-nods-found-batch-output,JON_188_idf_sha_nods_p2_r100_t518400_5M_25d_17h_12m_48s_apache.hadoop-cc2babc=org.apache.hadoop.fs.http.server.TestHttpFSServer.testCreateSnapshot_output_1590444771,1590445293,1590445048,245
251-nods-found-batch-output,JON_188_idf_sha_nods_p2_r100_t518400_5M_25d_17h_12m_48s_apache.hadoop-cc2babc=org.apache.hadoop.fs.http.server.TestHttpFSServer.testDelegationTokenOperationsSsl_output_1590444771,1590445318,1590445052,266
251-nods-found-batch-output,JON_188_idf_sha_nods_p2_r100_t518400_5M_25d_17h_12m_48s_apache.hadoop-cc2babc=org.apache.hadoop.fs.http.server.TestHttpFSServer.testDirAcls_output_1590444771,1590445318,1590445049,269
251-nods-found-batch-output,JON_188_idf_sha_nods_p2_r100_t518400_5M_25d_17h_12m_48s_apache.hadoop-cc2babc=org.apache.hadoop.fs.http.server.TestHttpFSServer.testDisallowSnapshotException_output_1590444771,1590445336,1590445055,281
251-nods-found-batch-output,JON_188_idf_sha_nods_p2_r100_t518400_5M_25d_17h_12m_48s_apache.hadoop-cc2babc=org.apache.hadoop.lib.servlet.TestServerWebApp.getHomeDirNotDef_output_1590444771,1590445351,1590445057,294
251-nods-found-batch-output,JON_188_idf_sha_nods_p2_r100_t518400_5M_25d_17h_12m_48s_apache.hadoop-cc2babc=org.apache.hadoop.fs.http.server.TestHttpFSServer.testDisallowSnapshot_output_1590444771,1590445334,1590445052,282
251-nods-found-batch-output,JON_188_idf_sha_nods_p2_r100_t518400_5M_25d_17h_12m_48s_apache.hadoop-cc2babc=org.apache.hadoop.fs.http.server.TestHttpFSServer.testGetSnapshotDiffIllegalParam_output_1590444771,1590445335,1590445055,280
251-nods-found-batch-output,JON_188_idf_sha_nods_p2_r100_t518400_5M_25d_17h_12m_48s_apache.hadoop-cc2babc=org.apache.hadoop.lib.service.hadoop.TestFileSystemAccessService.fileSystemCache_output_1590444771,1590445354,1590445060,294
251-nods-found-batch-output,JON_188_idf_sha_nods_p2_r100_t518400_5M_25d_17h_12m_48s_apache.hadoop-cc2babc=org.apache.hadoop.lib.service.hadoop.TestFileSystemAccessService.fileSystemExecutor_output_1590444771,1590445341,1590445057,284
251-nods-found-batch-output,JON_188_idf_sha_nods_p2_r100_t518400_5M_25d_17h_12m_48s_apache.hadoop-cc2babc=org.apache.hadoop.registry.client.impl.TestCuratorService.testRM_output_1590444771,1590445329,1590445063,266
251-nods-found-batch-output,JON_188_idf_sha_nods_p2_r100_t518400_5M_25d_17h_12m_48s_apache.hadoop-cc2babc=org.apache.hadoop.registry.secure.TestSecureLogins.testDefaultRealmValid_output_1590444771,1590445342,1590445063,279
251-nods-found-batch-output,JON_188_idf_sha_nods_p2_r100_t518400_5M_25d_17h_12m_48s_apache.hadoop-cc2babc=org.apache.hadoop.registry.secure.TestSecureLogins.testUGILogin_output_1590444771,1590445355,1590445060,295
251-nods-found-batch-output,JON_188_idf_sha_nods_p2_r100_t518400_5M_25d_17h_12m_48s_apache.hadoop-cc2babc=org.apache.hadoop.yarn.server.timelineservice.reader.TestTimelineReaderWebServices.testGetEntityDefaultView_output_1590444771,1590445332,1590445060,272
251-nods-found-batch-output,JON_188_idf_sha_nods_p2_r100_t518400_5M_25d_17h_12m_48s_apache.hadoop-cc2babc=org.apache.hadoop.yarn.server.timeline.TestEntityGroupFSTimelineStore.testGetEntityPluginRead_output_1590444771,1590445318,1590445031,287
251-nods-found-batch-output,JON_188_idf_sha_nods_p2_r100_t518400_5M_25d_17h_12m_48s_apache.hadoop-cc2babc=org.apache.hadoop.yarn.server.timeline.TestEntityGroupFSTimelineStore.testMoveToDone_output_1590444771,1590445348,1590445066,282
251-nods-found-batch-output,JON_188_idf_sha_nods_p2_r100_t518400_5M_25d_17h_12m_48s_apache.hadoop-cc2babc=org.apache.hadoop.yarn.server.timeline.TestEntityGroupFSTimelineStore.testParseSummaryLogs_output_1590444771,1590445349,1590445063,286
251-nods-found-batch-output,JON_188_idf_sha_nods_p2_r100_t518400_5M_25d_17h_12m_48s_apache.hadoop-cc2babc=org.apache.hadoop.yarn.server.timeline.TestLogInfo.testParseBrokenEntity_output_1590444771,1590445360,1590445066,294
251-nods-found-batch-output,JON_188_idf_sha_nods_p2_r100_t518400_5M_25d_17h_12m_48s_apache.hadoop-cc2babc=org.apache.hadoop.yarn.server.timeline.TestLogInfo.testParseEntity_output_1590444771,1590445346,1590445063,283
251-nods-found-batch-output,JON_188_idf_sha_nods_p2_r100_t518400_5M_25d_17h_12m_48s_apache.hbase-801fc05=org.apache.hadoop.hbase.procedure2.TestProcedureSkipPersistence.test_output_1590444771,1590446406,1590445071,1335
251-nods-found-batch-output,JON_188_idf_sha_nods_p2_r100_t518400_5M_25d_17h_12m_48s_apache.incubator-dubbo-737f7a7=org.apache.dubbo.remoting.exchange.support.header.HeartbeatHandlerTest.testHeartbeat_output_1590444771,1590446894,1590445082,1812
251-nods-found-batch-output,JON_188_idf_sha_nods_p2_r100_t518400_5M_25d_17h_12m_48s_apache.incubator-dubbo-737f7a7=org.apache.dubbo.rpc.protocol.dubbo.DubboLazyConnectTest.testSticky1_output_1590444771,1590445954,1590445071,883
251-nods-found-batch-output,JON_188_idf_sha_nods_p2_r100_t518400_5M_25d_17h_12m_48s_apache.incubator-dubbo-737f7a7=org.apache.dubbo.rpc.protocol.dubbo.DubboProtocolTest.testDemoProtocol_output_1590444771,1590445910,1590445086,824
251-nods-found-batch-output,JON_188_idf_sha_nods_p2_r100_t518400_5M_25d_17h_12m_48s_apache.incubator-dubbo-737f7a7=org.apache.dubbo.rpc.protocol.dubbo.DubboProtocolTest.testNonSerializedParameter_output_1590444771,1590445954,1590445066,888
251-nods-found-batch-output,JON_188_idf_sha_nods_p2_r100_t518400_5M_25d_17h_12m_48s_apache.incubator-dubbo-737f7a7=org.apache.dubbo.rpc.protocol.dubbo.DubboProtocolTest.testPerm_output_1590444771,1590445968,1590445089,879
251-nods-found-batch-output,JON_188_idf_sha_nods_p2_r100_t518400_5M_25d_17h_12m_48s_apache.incubator-dubbo-737f7a7=org.apache.dubbo.rpc.protocol.dubbo.DubboProtocolTest.testReturnNonSerialized_output_1590444771,1590445897,1590445068,829
251-nods-found-batch-output,JON_188_idf_sha_nods_p2_r100_t518400_5M_25d_17h_12m_48s_apache.incubator-dubbo-737f7a7=org.apache.dubbo.rpc.protocol.dubbo.MultiThreadTest.testDubboMultiThreadInvoke_output_1590444771,1590446337,1590445068,1269
251-nods-found-batch-output,JON_188_idf_sha_nods_p2_r100_t518400_5M_25d_17h_12m_48s_apache.incubator-dubbo-737f7a7=org.apache.dubbo.rpc.protocol.dubbo.telnet.ChangeTelnetHandlerTest.testChangePath_output_1590444771,1590445933,1590445092,841
251-nods-found-batch-output,JON_188_idf_sha_nods_p2_r100_t518400_5M_25d_17h_12m_48s_apache.incubator-dubbo-737f7a7=org.apache.dubbo.rpc.protocol.dubbo.telnet.ListTelnetHandlerTest.testList_output_1590444771,1590446099,1590445071,1028
251-nods-found-batch-output,JON_188_idf_sha_nods_p2_r100_t518400_5M_25d_17h_12m_48s_apache.incubator-dubbo-737f7a7=org.apache.dubbo.rpc.protocol.dubbo.telnet.ListTelnetHandlerTest.testListService_output_1590444771,1590446076,1590445083,993
251-nods-found-batch-output,JON_188_idf_sha_nods_p2_r100_t518400_5M_25d_17h_12m_48s_apache.incubator-dubbo-737f7a7=org.apache.dubbo.rpc.protocol.http.HttpProtocolTest.testGenericInvokeWithNativeJava_output_1590444771,1590446005,1590445074,931
251-nods-found-batch-output,JON_188_idf_sha_nods_p2_r100_t518400_5M_25d_17h_12m_48s_apache.incubator-dubbo-737f7a7=org.apache.dubbo.rpc.protocol.http.HttpProtocolTest.testTimeOut_output_1590444771,1590446033,1590445092,941
251-nods-found-batch-output,JON_188_idf_sha_nods_p2_r100_t518400_5M_25d_17h_12m_48s_apereo.java-cas-client-574b74f=org.jasig.cas.client.validation.AssertionImplTests.testAssertionValidity_output_1590444771,1590445102,1590445074,28
251-nods-found-batch-output,JON_188_idf_sha_nods_p2_r100_t518400_5M_25d_17h_12m_48s_c2mon.c2mon-d80687b=cern.c2mon.daq.filter.dynamic.DiffTimeDeadbandActivatorTest.testNoActivationOnFirstRecord_output_1590444771,1590445474,1590445083,391
251-nods-found-batch-output,JON_188_idf_sha_nods_p2_r100_t518400_5M_25d_17h_12m_48s_c2mon.c2mon-d80687b=cern.c2mon.server.common.republisher.RepublisherImplTest.testMultipleExceptions_output_1590444771,1590445522,1590445089,433
251-nods-found-batch-output,JON_188_idf_sha_nods_p2_r100_t518400_5M_25d_17h_12m_48s_cescoffier.vertx-completable-future-011d3cd=me.escoffier.vertx.completablefuture.VertxCompletableFutureTest.testAcceptEitherAsyncWithExecutor_output_1590444771,1590445504,1590445071,433
251-nods-found-batch-output,JON_188_idf_sha_nods_p2_r100_t518400_5M_25d_17h_12m_48s_codingchili.excelastic-6bb7884=com.codingchili.TestWriter.shouldWriteToElasticPort_output_1590444771,1590445681,1590445083,598
251-nods-found-batch-output,JON_188_idf_sha_nods_p2_r100_t518400_5M_25d_17h_12m_48s_crawlscript.webcollector-016b61a=cn.edu.hfut.dmic.webcollector.util.OkHttpRequesterTest.testHttpCode_output_1590444771,1590445124,1590445080,44
251-nods-found-batch-output,JON_188_idf_sha_nods_p2_r100_t518400_5M_25d_17h_12m_48s_davidmoten.rxjava2-extras-d0315b6=com.github.davidmoten.rx2.internal.flowable.FlowableServerSocketTest.testLoad_output_1590444771,1590446756,1590445092,1664
251-nods-found-batch-output,JON_188_idf_sha_nods_p2_r100_t518400_5M_25d_17h_12m_48s_doanduyhai.achilles-e3099bd=info.archinnov.achilles.embedded.PortFinderTest.try_to_find_first_port_output_1590444771,1590445100,1590445092,8
251-nods-found-batch-output,JON_188_idf_sha_nods_p2_r100_t518400_5M_25d_17h_12m_48s_dropwizard.dropwizard-07dfaed=io.dropwizard.logging.DefaultLoggingFactoryTest.testConfigure_output_1590444771,1590445156,1590445095,61
251-nods-found-batch-output,JON_188_idf_sha_nods_p2_r100_t518400_5M_25d_17h_12m_48s_eclipse-ee4j.tyrus-d86e0cb=org.glassfish.tyrus.test.e2e.non_deployable.ServerExecutorsManagementTest.testExecutorServicesGetClosed_output_1590444771,1590445669,1590445092,577
251-nods-found-batch-output,JON_188_idf_sha_nods_p2_r100_t518400_5M_25d_17h_12m_48s_elasticjob.elastic-job-lite-b022898=io.elasticjob.lite.event.rdb.JobEventRdbSearchTest.assertFindJobExecutionEventsWithTime_output_1590444771,1590445598,1590445092,506
251-nods-found-batch-output,JON_188_idf_sha_nods_p2_r100_t518400_5M_25d_17h_12m_48s_elasticjob.elastic-job-lite-b022898=io.elasticjob.lite.lifecycle.api.JobAPIFactoryTest.assertCreateJobStatisticsAPI_output_1590444771,1590445643,1590445074,569
251-nods-found-batch-output,JON_188_idf_sha_nods_p2_r100_t518400_5M_25d_17h_12m_48s_elasticjob.elastic-job-lite-b022898=io.elasticjob.lite.lifecycle.api.JobAPIFactoryTest.assertCreateServerStatisticsAPI_output_1590444771,1590445693,1590445095,598
251-nods-found-batch-output,JON_188_idf_sha_nods_p2_r100_t518400_5M_25d_17h_12m_48s_elasticjob.elastic-job-lite-b022898=io.elasticjob.lite.spring.job.JobSpringNamespaceWithEventTraceRdbTest.assertSpringJobBean_output_1590444771,1590449315,1590445095,4220
251-nods-found-batch-output,JON_188_idf_sha_nods_p2_r100_t518400_5M_25d_17h_12m_48s_elasticjob.elastic-job-lite-b022898=io.elasticjob.lite.spring.job.JobSpringNamespaceWithListenerAndJdkDynamicProxyTest.assertSpringJobBean_output_1590444771,1590449342,1590445095,4247
251-nods-found-batch-output,JON_188_idf_sha_nods_p2_r100_t518400_5M_25d_17h_12m_48s_elasticjob.elastic-job-lite-b022898=io.elasticjob.lite.spring.job.JobSpringNamespaceWithoutListenerTest.assertSpringJobBean_output_1590444771,1590449324,1590445103,4221
251-nods-found-batch-output,JON_188_idf_sha_nods_p2_r100_t518400_5M_25d_17h_12m_48s_espertechinc.esper-590fa9c=com.espertech.esper.example.rfidassetzone.TestLRMovingSimMain.testSim_output_1590444771,1590446183,1590445100,1083
251-nods-found-batch-output,JON_188_idf_sha_nods_p2_r100_t518400_5M_25d_17h_12m_48s_feroult.yawp-b3bcf9c=io.yawp.testing.appengine.pipes.flow.FlowDropsTest.testFlowDropsToSameSink_output_1590444771,1590445831,1590445103,728
251-nods-found-batch-output,JON_188_idf_sha_nods_p2_r100_t518400_5M_25d_17h_12m_48s_flaxsearch.luwak-c27ec08=uk.co.flax.luwak.matchers.TestParallelMatcher.testParallelSlowLog_output_1590444771,1590445531,1590445097,434
251-nods-found-batch-output,JON_188_idf_sha_nods_p2_r100_t518400_5M_25d_17h_12m_48s_flaxsearch.luwak-c27ec08=uk.co.flax.luwak.matchers.TestPartitionMatcher.testParallelSlowLog_output_1590444771,1590445536,1590445100,436
251-nods-found-batch-output,JON_188_idf_sha_nods_p2_r100_t518400_5M_25d_17h_12m_48s_fluent.fluent-logger-java-da14ec3=org.fluentd.logger.TestFluentLogger.testReconnection_output_1590444771,1590446263,1590445103,1160
251-nods-found-batch-output,JON_188_idf_sha_nods_p2_r100_t518400_5M_25d_17h_12m_48s_fromage.redpipe-0aff891=net.redpipe.discovery.DiscoveryTest.checkWebClient_output_1590444771,1590445601,1590445103,498
251-nods-found-batch-output,JON_188_idf_sha_nods_p2_r100_t518400_5M_25d_17h_12m_48s_fromage.redpipe-0aff891=net.redpipe.engine.swagger.SwaggerApiTest.checkSwagger_output_1590444771,1590445602,1590445106,496
251-nods-found-batch-output,JON_188_idf_sha_nods_p2_r100_t518400_5M_25d_17h_12m_48s_javadelight.delight-nashorn-sandbox-da35edc=delight.nashornsandbox.TestGetFunction.test_output_1590444771,1590445721,1590445106,615
251-nods-found-batch-output,JON_188_idf_sha_nods_p2_r100_t518400_5M_25d_17h_12m_48s_javadelight.delight-nashorn-sandbox-da35edc=delight.nashornsandbox.TestMemoryLimit.test_no_abuse_output_1590444771,1590445724,1590445124,600
251-nods-found-batch-output,JON_188_idf_sha_nods_p2_r100_t518400_5M_25d_17h_12m_48s_kagkarlsson.db-scheduler-4a8a28e=com.github.kagkarlsson.scheduler.compatibility.HsqlCompatibilityTest.test_compatibility_output_1590444771,1590446518,1590445109,1409
251-nods-found-batch-output,JON_188_idf_sha_nods_p2_r100_t518400_5M_25d_17h_12m_48s_kagkarlsson.db-scheduler-4a8a28e=com.github.kagkarlsson.scheduler.SchedulerTest.scheduler_should_execute_rescheduled_task_when_exactly_due_output_1590444771,1590445491,1590445109,382
251-nods-found-batch-output,JON_188_idf_sha_nods_p2_r100_t518400_5M_25d_17h_12m_48s_knightliao.disconf-2ac5c82=com.baidu.disconf.client.test.DisconfMgrTestCase.demo_output_1590444771,1590445168,1590445123,45
251-nods-found-batch-output,JON_188_idf_sha_nods_p2_r100_t518400_5M_25d_17h_12m_48s_lcw2004.one-7b9b249=com.lcw.one.main.EmailServiceTest.sendEmailList_output_1590444771,1590445821,1590445109,712
251-nods-found-batch-output,JON_188_idf_sha_nods_p2_r100_t518400_5M_25d_17h_12m_48s_logzio.sawmill-e493c2e=io.logz.sawmill.PipelineExecutorTest.testOnSuccessPipelineExecution_output_1590444771,1590445172,1590445144,28
251-nods-found-batch-output,JON_188_idf_sha_nods_p2_r100_t518400_5M_25d_17h_12m_48s_logzio.sawmill-e493c2e=io.logz.sawmill.PipelineExecutorTest.testWarnLongProcessingExecution_output_1590444771,1590445139,1590445109,30
251-nods-found-batch-output,JON_188_idf_sha_nods_p2_r100_t518400_5M_25d_17h_12m_48s_logzio.sawmill-e493c2e=io.logz.sawmill.processors.ConvertFieldProcessorTest.testConvertToBoolean_output_1590444771,1590445046,1590445023,23
251-nods-found-batch-output,JON_188_idf_sha_nods_p2_r100_t518400_5M_25d_17h_12m_48s_marcosbarbero.spring-cloud-zuul-ratelimit-ae9603f=com.marcosbarbero.tests.it.Bucket4jInfinispanApplicationTestIT.testExceedingQuotaCapacityRequest_output_1590444771,1590447128,1590445114,2014
251-nods-found-batch-output,JON_188_idf_sha_nods_p2_r100_t518400_5M_25d_17h_12m_48s_nationalsecurityagency.timely-3a8cbd3=timely.store.iterators.TimeSeriesGroupingIteratorTest.testMultipleTimeSeriesMovingAverage_output_1590444771,1590446146,1590445132,1014
251-nods-found-batch-output,JON_188_idf_sha_nods_p2_r100_t518400_5M_25d_17h_12m_48s_odrotbohm.sos-d4ed68a=example.sos.modulith.orders.EmailNotificationTest.completingAnOrderUpdatesInventory_output_1590444771,1590446143,1590445124,1019
251-nods-found-batch-output,JON_188_idf_sha_nods_p2_r100_t518400_5M_25d_17h_12m_48s_openpojo.openpojo-9badbcc=com.openpojo.reflection.impl.PojoClassImplTest.shouldCreateInstanceOnAbstract_output_1590444771,1590446345,1590445112,1233
251-nods-found-batch-output,JON_188_idf_sha_nods_p2_r100_t518400_5M_25d_17h_12m_48s_oracle.oci-java-sdk-2e9982f=com.oracle.bmc.objectstorage.transfer.ProgressTrackerTest.multipartUploadProgressTrackerFactory_simulateRealLifeScenario_output_1590444771,1590445888,1590445112,776
251-nods-found-batch-output,JON_188_idf_sha_nods_p2_r100_t518400_5M_25d_17h_12m_48s_orbit.orbit-c4904af=cloud.orbit.actors.extensions.test.LengthFieldHandlerTest.randomMessages_output_1590444771,1590445608,1590445112,496
251-nods-found-batch-output,JON_188_idf_sha_nods_p2_r100_t518400_5M_25d_17h_12m_48s_oryxproject.oryx-72ae4bb=com.cloudera.oryx.common.io.IOUtilsTest.testDistinctFreePorts_output_1590444771,1590445703,1590445126,577
251-nods-found-batch-output,JON_188_idf_sha_nods_p2_r100_t518400_5M_25d_17h_12m_48s_outbrain.aletheia-024a4b7=com.outbrain.aletheia.SampleDomainClassDatumTest.test_avro_route_output_1590444771,1590445689,1590445120,569
251-nods-found-batch-output,JON_188_idf_sha_nods_p2_r100_t518400_5M_25d_17h_12m_48s_outbrain.aletheia-024a4b7=com.outbrain.aletheia.SampleDomainClassDatumTest.testDatumRoutes_output_1590444771,1590445625,1590445141,484
251-nods-found-batch-output,JON_188_idf_sha_nods_p2_r100_t518400_5M_25d_17h_12m_48s_outbrain.aletheia-024a4b7=com.outbrain.aletheia.SampleDomainClassDatumTest.test_json_route_output_1590444771,1590445651,1590445127,524
251-nods-found-batch-output,JON_188_idf_sha_nods_p2_r100_t518400_5M_25d_17h_12m_48s_outbrain.aletheia-024a4b7=com.outbrain.aletheia.SampleDomainClassDatumTest.test_multiple_routes_output_1590444771,1590445618,1590445138,480
251-nods-found-batch-output,JON_188_idf_sha_nods_p2_r100_t518400_5M_25d_17h_12m_48s_pippo-java.pippo-ae898b6=ro.pippo.session.jedis.JedisSessionDataStorageTest.testDelete_output_1590444771,1590445474,1590445132,342
251-nods-found-batch-output,JON_188_idf_sha_nods_p2_r100_t518400_5M_25d_17h_12m_48s_pippo-java.pippo-ae898b6=ro.pippo.session.mongodb.MongoDBSessionDataStorageTest.testCreate_output_1590444771,1590445617,1590445138,479
251-nods-found-batch-output,JON_188_idf_sha_nods_p2_r100_t518400_5M_25d_17h_12m_48s_pippo-java.pippo-ae898b6=ro.pippo.session.mongodb.MongoDBSessionDataStorageTest.testDelete_output_1590444771,1590445641,1590445144,497
251-nods-found-batch-output,JON_188_idf_sha_nods_p2_r100_t518400_5M_25d_17h_12m_48s_pippo-java.pippo-ae898b6=ro.pippo.session.mongodb.MongoDBSessionDataStorageTest.testGet_output_1590444771,1590445657,1590445147,510
251-nods-found-batch-output,JON_188_idf_sha_nods_p2_r100_t518400_5M_25d_17h_12m_48s_pippo-java.pippo-ae898b6=ro.pippo.session.mongodb.MongoDBSessionDataStorageTest.testSave_output_1590444771,1590445609,1590445144,465
251-nods-found-batch-output,JON_188_idf_sha_nods_p2_r100_t518400_5M_25d_17h_12m_48s_ppiastucki.recast4j-01d478e=org.recast4j.detour.tilecache.TileCacheTest.testPerformance_output_1590444771,1590447265,1590445155,2110
251-nods-found-batch-output,JON_188_idf_sha_nods_p2_r100_t518400_5M_25d_17h_12m_48s_querydsl.querydsl-2bf234c=com.querydsl.hibernate.search.SearchQueryTest.count_output_1590444771,1590446558,1590445165,1393
251-nods-found-batch-output,JON_188_idf_sha_nods_p2_r100_t518400_5M_25d_17h_12m_48s_querydsl.querydsl-2bf234c=com.querydsl.hibernate.search.SearchQueryTest.listResults_output_1590444771,1590446406,1590445144,1262
251-nods-found-batch-output,JON_188_idf_sha_nods_p2_r100_t518400_5M_25d_17h_12m_48s_querydsl.querydsl-2bf234c=com.querydsl.hibernate.search.SearchQueryTest.paging_output_1590444771,1590446540,1590445168,1372
251-nods-found-batch-output,JON_188_idf_sha_nods_p2_r100_t518400_5M_25d_17h_12m_48s_spinn3r.noxy-d53a494=com.spinn3r.noxy.discovery.zookeeper.ZKTest.testBulkClusterJoining_output_1590444771,1590460966,1590445167,15799
251-nods-found-batch-output,JON_188_idf_sha_nods_p2_r100_t518400_5M_25d_17h_12m_48s_spinn3r.noxy-d53a494=com.spinn3r.noxy.discovery.zookeeper.ZKTest.testDiscoveryListener_output_1590444771,1590445770,1590445158,612
251-nods-found-batch-output,JON_188_idf_sha_nods_p2_r100_t518400_5M_25d_17h_12m_48s_spotify.helios-aebf68d=com.spotify.helios.testing.HeliosSoloDeploymentTest.testUndeployLeftoverJobs_output_1590444771,1590448726,1590445031,3695
251-nods-found-batch-output,JON_188_idf_sha_nods_p2_r100_t518400_5M_25d_17h_15m_48s_alibaba.fastjson-e05e9c5=com.alibaba.json.bvt.parser.deser.AbstractSerializeTest.test_mapping_1_output_1590444951,1590445688,1590445237,451
251-nods-found-batch-output,JON_188_idf_sha_nods_p2_r100_t518400_5M_25d_17h_15m_48s_alibaba.fastjson-e05e9c5=com.alibaba.json.bvt.parser.deser.AbstractSerializeTest.test_mapping_2_output_1590444951,1590445680,1590445237,443
251-nods-found-batch-output,JON_188_idf_sha_nods_p2_r100_t518400_5M_25d_17h_15m_48s_apache.hadoop-cc2babc=org.apache.hadoop.fs.http.server.TestHttpFSServer.testAllowSnapshot_output_1590444951,1590445511,1590445237,274
251-nods-found-batch-output,JON_188_idf_sha_nods_p2_r100_t518400_5M_25d_17h_15m_48s_apache.hadoop-cc2babc=org.apache.hadoop.fs.http.server.TestHttpFSServer.testCreateSnapshot_output_1590444951,1590445512,1590445240,272
251-nods-found-batch-output,JON_188_idf_sha_nods_p2_r100_t518400_5M_25d_17h_15m_48s_apache.hadoop-cc2babc=org.apache.hadoop.fs.http.server.TestHttpFSServer.testDelegationTokenOperationsSsl_output_1590444951,1590445523,1590445243,280
251-nods-found-batch-output,JON_188_idf_sha_nods_p2_r100_t518400_5M_25d_17h_15m_48s_apache.hadoop-cc2babc=org.apache.hadoop.fs.http.server.TestHttpFSServer.testDirAcls_output_1590444951,1590445512,1590445243,269
251-nods-found-batch-output,JON_188_idf_sha_nods_p2_r100_t518400_5M_25d_17h_15m_48s_apache.hadoop-cc2babc=org.apache.hadoop.fs.http.server.TestHttpFSServer.testDisallowSnapshotException_output_1590444951,1590445526,1590445249,277
251-nods-found-batch-output,JON_188_idf_sha_nods_p2_r100_t518400_5M_25d_17h_15m_48s_apache.hadoop-cc2babc=org.apache.hadoop.fs.http.server.TestHttpFSServer.testDisallowSnapshot_output_1590444951,1590445524,1590445246,278
251-nods-found-batch-output,JON_188_idf_sha_nods_p2_r100_t518400_5M_25d_17h_15m_48s_apache.hadoop-cc2babc=org.apache.hadoop.fs.http.server.TestHttpFSServer.testGetSnapshotDiffIllegalParam_output_1590444951,1590445520,1590445249,271
251-nods-found-batch-output,JON_188_idf_sha_nods_p2_r100_t518400_5M_25d_17h_15m_48s_apache.hadoop-cc2babc=org.apache.hadoop.lib.service.hadoop.TestFileSystemAccessService.fileSystemCache_output_1590444951,1590445522,1590445249,273
251-nods-found-batch-output,JON_188_idf_sha_nods_p2_r100_t518400_5M_25d_17h_15m_48s_apache.hadoop-cc2babc=org.apache.hadoop.lib.service.hadoop.TestFileSystemAccessService.fileSystemExecutor_output_1590444951,1590445524,1590445249,275
251-nods-found-batch-output,JON_188_idf_sha_nods_p2_r100_t518400_5M_25d_17h_15m_48s_apache.hadoop-cc2babc=org.apache.hadoop.lib.servlet.TestServerWebApp.getHomeDirNotDef_output_1590444951,1590445532,1590445252,280
251-nods-found-batch-output,JON_188_idf_sha_nods_p2_r100_t518400_5M_25d_17h_15m_48s_apache.hadoop-cc2babc=org.apache.hadoop.registry.client.impl.TestCuratorService.testRM_output_1590444951,1590445531,1590445252,279
251-nods-found-batch-output,JON_188_idf_sha_nods_p2_r100_t518400_5M_25d_17h_15m_48s_apache.hadoop-cc2babc=org.apache.hadoop.registry.secure.TestSecureLogins.testDefaultRealmValid_output_1590444951,1590445527,1590445252,275
251-nods-found-batch-output,JON_188_idf_sha_nods_p2_r100_t518400_5M_25d_17h_15m_48s_apache.hadoop-cc2babc=org.apache.hadoop.registry.secure.TestSecureLogins.testUGILogin_output_1590444951,1590445526,1590445252,274
251-nods-found-batch-output,JON_188_idf_sha_nods_p2_r100_t518400_5M_25d_17h_15m_48s_apache.hadoop-cc2babc=org.apache.hadoop.yarn.server.timelineservice.reader.TestTimelineReaderWebServices.testGetEntityDefaultView_output_1590444951,1590445536,1590445252,284
251-nods-found-batch-output,JON_188_idf_sha_nods_p2_r100_t518400_5M_25d_17h_15m_48s_apache.hadoop-cc2babc=org.apache.hadoop.yarn.server.timeline.TestEntityGroupFSTimelineStore.testGetEntityPluginRead_output_1590444951,1590445526,1590445252,274
251-nods-found-batch-output,JON_188_idf_sha_nods_p2_r100_t518400_5M_25d_17h_15m_48s_apache.hadoop-cc2babc=org.apache.hadoop.yarn.server.timeline.TestEntityGroupFSTimelineStore.testMoveToDone_output_1590444951,1590445538,1590445257,281
251-nods-found-batch-output,JON_188_idf_sha_nods_p2_r100_t518400_5M_25d_17h_15m_48s_apache.hadoop-cc2babc=org.apache.hadoop.yarn.server.timeline.TestEntityGroupFSTimelineStore.testParseSummaryLogs_output_1590444951,1590445533,1590445254,279
251-nods-found-batch-output,JON_188_idf_sha_nods_p2_r100_t518400_5M_25d_17h_15m_48s_apache.hadoop-cc2babc=org.apache.hadoop.yarn.server.timeline.TestLogInfo.testParseBrokenEntity_output_1590444951,1590445533,1590445257,276
251-nods-found-batch-output,JON_188_idf_sha_nods_p2_r100_t518400_5M_25d_17h_15m_48s_fromage.redpipe-0aff891=net.redpipe.discovery.DiscoveryTest.checkWebClient_output_1590444951,1590445815,1590445278,537
251-nods-found-batch-output,JON_188_idf_sha_nods_p2_r100_t518400_5M_25d_17h_15m_48s_apache.hadoop-cc2babc=org.apache.hadoop.yarn.server.timeline.TestLogInfo.testParseEntity_output_1590444951,1590445538,1590445257,281
251-nods-found-batch-output,JON_188_idf_sha_nods_p2_r100_t518400_5M_25d_17h_15m_48s_apache.hbase-801fc05=org.apache.hadoop.hbase.procedure2.TestProcedureSkipPersistence.test_output_1590444951,1590446625,1590445257,1368
251-nods-found-batch-output,JON_188_idf_sha_nods_p2_r100_t518400_5M_25d_17h_15m_48s_apache.incubator-dubbo-737f7a7=org.apache.dubbo.remoting.exchange.support.header.HeartbeatHandlerTest.testHeartbeat_output_1590444951,1590447004,1590445233,1771
251-nods-found-batch-output,JON_188_idf_sha_nods_p2_r100_t518400_5M_25d_17h_15m_48s_apache.incubator-dubbo-737f7a7=org.apache.dubbo.rpc.protocol.dubbo.DubboLazyConnectTest.testSticky1_output_1590444951,1590445985,1590445233,752
251-nods-found-batch-output,JON_188_idf_sha_nods_p2_r100_t518400_5M_25d_17h_15m_48s_apache.incubator-dubbo-737f7a7=org.apache.dubbo.rpc.protocol.dubbo.DubboProtocolTest.testDemoProtocol_output_1590444951,1590446178,1590445257,921
251-nods-found-batch-output,JON_188_idf_sha_nods_p2_r100_t518400_5M_25d_17h_15m_48s_apache.incubator-dubbo-737f7a7=org.apache.dubbo.rpc.protocol.dubbo.DubboProtocolTest.testNonSerializedParameter_output_1590444951,1590446172,1590445257,915
251-nods-found-batch-output,JON_188_idf_sha_nods_p2_r100_t518400_5M_25d_17h_15m_48s_apache.incubator-dubbo-737f7a7=org.apache.dubbo.rpc.protocol.dubbo.DubboProtocolTest.testPerm_output_1590444951,1590446394,1590445257,1137
251-nods-found-batch-output,JON_188_idf_sha_nods_p2_r100_t518400_5M_25d_17h_15m_48s_apache.incubator-dubbo-737f7a7=org.apache.dubbo.rpc.protocol.dubbo.DubboProtocolTest.testReturnNonSerialized_output_1590444951,1590446219,1590445260,959
251-nods-found-batch-output,JON_188_idf_sha_nods_p2_r100_t518400_5M_25d_17h_15m_48s_apache.incubator-dubbo-737f7a7=org.apache.dubbo.rpc.protocol.dubbo.MultiThreadTest.testDubboMultiThreadInvoke_output_1590444951,1590446504,1590445257,1247
251-nods-found-batch-output,JON_188_idf_sha_nods_p2_r100_t518400_5M_25d_17h_15m_48s_apache.incubator-dubbo-737f7a7=org.apache.dubbo.rpc.protocol.dubbo.telnet.ChangeTelnetHandlerTest.testChangePath_output_1590444951,1590446281,1590445260,1021
251-nods-found-batch-output,JON_188_idf_sha_nods_p2_r100_t518400_5M_25d_17h_15m_48s_apache.incubator-dubbo-737f7a7=org.apache.dubbo.rpc.protocol.dubbo.telnet.ListTelnetHandlerTest.testList_output_1590444951,1590446207,1590445260,947
251-nods-found-batch-output,JON_188_idf_sha_nods_p2_r100_t518400_5M_25d_17h_15m_48s_apache.incubator-dubbo-737f7a7=org.apache.dubbo.rpc.protocol.dubbo.telnet.ListTelnetHandlerTest.testListService_output_1590444951,1590446284,1590445263,1021
251-nods-found-batch-output,JON_188_idf_sha_nods_p2_r100_t518400_5M_25d_17h_15m_48s_apache.incubator-dubbo-737f7a7=org.apache.dubbo.rpc.protocol.http.HttpProtocolTest.testGenericInvokeWithNativeJava_output_1590444951,1590446289,1590445260,1029
251-nods-found-batch-output,JON_188_idf_sha_nods_p2_r100_t518400_5M_25d_17h_15m_48s_apache.incubator-dubbo-737f7a7=org.apache.dubbo.rpc.protocol.http.HttpProtocolTest.testTimeOut_output_1590444951,1590446224,1590445260,964
251-nods-found-batch-output,JON_188_idf_sha_nods_p2_r100_t518400_5M_25d_17h_15m_48s_apereo.java-cas-client-574b74f=org.jasig.cas.client.validation.AssertionImplTests.testAssertionValidity_output_1590444951,1590445286,1590445260,26
251-nods-found-batch-output,JON_188_idf_sha_nods_p2_r100_t518400_5M_25d_17h_15m_48s_c2mon.c2mon-d80687b=cern.c2mon.daq.filter.dynamic.DiffTimeDeadbandActivatorTest.testNoActivationOnFirstRecord_output_1590444951,1590445652,1590445260,392
251-nods-found-batch-output,JON_188_idf_sha_nods_p2_r100_t518400_5M_25d_17h_15m_48s_c2mon.c2mon-d80687b=cern.c2mon.server.common.republisher.RepublisherImplTest.testMultipleExceptions_output_1590444951,1590445738,1590445260,478
251-nods-found-batch-output,JON_188_idf_sha_nods_p2_r100_t518400_5M_25d_17h_15m_48s_cescoffier.vertx-completable-future-011d3cd=me.escoffier.vertx.completablefuture.VertxCompletableFutureTest.testAcceptEitherAsyncWithExecutor_output_1590444951,1590445695,1590445263,432
251-nods-found-batch-output,JON_188_idf_sha_nods_p2_r100_t518400_5M_25d_17h_15m_48s_codingchili.excelastic-6bb7884=com.codingchili.TestWriter.shouldWriteToElasticPort_output_1590444951,1590445840,1590445263,577
251-nods-found-batch-output,JON_188_idf_sha_nods_p2_r100_t518400_5M_25d_17h_15m_48s_crawlscript.webcollector-016b61a=cn.edu.hfut.dmic.webcollector.util.OkHttpRequesterTest.testHttpCode_output_1590444951,1590445305,1590445263,42
251-nods-found-batch-output,JON_188_idf_sha_nods_p2_r100_t518400_5M_25d_17h_15m_48s_davidmoten.rxjava2-extras-d0315b6=com.github.davidmoten.rx2.internal.flowable.FlowableServerSocketTest.testLoad_output_1590444951,1590446897,1590445263,1634
251-nods-found-batch-output,JON_188_idf_sha_nods_p2_r100_t518400_5M_25d_17h_15m_48s_doanduyhai.achilles-e3099bd=info.archinnov.achilles.embedded.PortFinderTest.try_to_find_first_port_output_1590444951,1590445278,1590445270,8
251-nods-found-batch-output,JON_188_idf_sha_nods_p2_r100_t518400_5M_25d_17h_15m_48s_dropwizard.dropwizard-07dfaed=io.dropwizard.logging.DefaultLoggingFactoryTest.testConfigure_output_1590444951,1590445322,1590445263,59
251-nods-found-batch-output,JON_188_idf_sha_nods_p2_r100_t518400_5M_25d_17h_15m_48s_eclipse-ee4j.tyrus-d86e0cb=org.glassfish.tyrus.test.e2e.non_deployable.ServerExecutorsManagementTest.testExecutorServicesGetClosed_output_1590444951,1590445905,1590445270,635
251-nods-found-batch-output,JON_188_idf_sha_nods_p2_r100_t518400_5M_25d_17h_15m_48s_elasticjob.elastic-job-lite-b022898=io.elasticjob.lite.event.rdb.JobEventRdbSearchTest.assertFindJobExecutionEventsWithTime_output_1590444951,1590445759,1590445263,496
251-nods-found-batch-output,JON_188_idf_sha_nods_p2_r100_t518400_5M_25d_17h_15m_48s_elasticjob.elastic-job-lite-b022898=io.elasticjob.lite.lifecycle.api.JobAPIFactoryTest.assertCreateJobStatisticsAPI_output_1590444951,1590445856,1590445270,586
251-nods-found-batch-output,JON_188_idf_sha_nods_p2_r100_t518400_5M_25d_17h_15m_48s_elasticjob.elastic-job-lite-b022898=io.elasticjob.lite.lifecycle.api.JobAPIFactoryTest.assertCreateServerStatisticsAPI_output_1590444951,1590445856,1590445272,584
251-nods-found-batch-output,JON_188_idf_sha_nods_p2_r100_t518400_5M_25d_17h_15m_48s_elasticjob.elastic-job-lite-b022898=io.elasticjob.lite.spring.job.JobSpringNamespaceWithEventTraceRdbTest.assertSpringJobBean_output_1590444951,1590449486,1590445272,4214
251-nods-found-batch-output,JON_188_idf_sha_nods_p2_r100_t518400_5M_25d_17h_15m_48s_elasticjob.elastic-job-lite-b022898=io.elasticjob.lite.spring.job.JobSpringNamespaceWithListenerAndJdkDynamicProxyTest.assertSpringJobBean_output_1590444951,1590449462,1590445237,4225
251-nods-found-batch-output,JON_188_idf_sha_nods_p2_r100_t518400_5M_25d_17h_15m_48s_elasticjob.elastic-job-lite-b022898=io.elasticjob.lite.spring.job.JobSpringNamespaceWithoutListenerTest.assertSpringJobBean_output_1590444951,1590449499,1590445272,4227
251-nods-found-batch-output,JON_188_idf_sha_nods_p2_r100_t518400_5M_25d_17h_15m_48s_espertechinc.esper-590fa9c=com.espertech.esper.example.rfidassetzone.TestLRMovingSimMain.testSim_output_1590444951,1590446413,1590445272,1141
251-nods-found-batch-output,JON_188_idf_sha_nods_p2_r100_t518400_5M_25d_17h_15m_48s_feroult.yawp-b3bcf9c=io.yawp.testing.appengine.pipes.flow.FlowDropsTest.testFlowDropsToSameSink_output_1590444951,1590446029,1590445278,751
251-nods-found-batch-output,JON_188_idf_sha_nods_p2_r100_t518400_5M_25d_17h_15m_48s_flaxsearch.luwak-c27ec08=uk.co.flax.luwak.matchers.TestParallelMatcher.testParallelSlowLog_output_1590444951,1590445695,1590445272,423
251-nods-found-batch-output,JON_188_idf_sha_nods_p2_r100_t518400_5M_25d_17h_15m_48s_flaxsearch.luwak-c27ec08=uk.co.flax.luwak.matchers.TestPartitionMatcher.testParallelSlowLog_output_1590444951,1590445684,1590445275,409
251-nods-found-batch-output,JON_188_idf_sha_nods_p2_r100_t518400_5M_25d_17h_15m_48s_fluent.fluent-logger-java-da14ec3=org.fluentd.logger.TestFluentLogger.testReconnection_output_1590444951,1590446384,1590445236,1148
251-nods-found-batch-output,JON_188_idf_sha_nods_p2_r100_t518400_5M_25d_17h_15m_48s_fromage.redpipe-0aff891=net.redpipe.engine.swagger.SwaggerApiTest.checkSwagger_output_1590444951,1590445871,1590445272,599
251-nods-found-batch-output,JON_188_idf_sha_nods_p2_r100_t518400_5M_25d_17h_15m_48s_javadelight.delight-nashorn-sandbox-da35edc=delight.nashornsandbox.TestGetFunction.test_output_1590444951,1590445828,1590445281,547
251-nods-found-batch-output,JON_188_idf_sha_nods_p2_r100_t518400_5M_25d_17h_15m_48s_javadelight.delight-nashorn-sandbox-da35edc=delight.nashornsandbox.TestMemoryLimit.test_no_abuse_output_1590444951,1590445886,1590445281,605
251-nods-found-batch-output,JON_188_idf_sha_nods_p2_r100_t518400_5M_25d_17h_15m_48s_kagkarlsson.db-scheduler-4a8a28e=com.github.kagkarlsson.scheduler.compatibility.HsqlCompatibilityTest.test_compatibility_output_1590444951,1590446726,1590445281,1445
251-nods-found-batch-output,JON_188_idf_sha_nods_p2_r100_t518400_5M_25d_17h_15m_48s_kagkarlsson.db-scheduler-4a8a28e=com.github.kagkarlsson.scheduler.SchedulerTest.scheduler_should_execute_rescheduled_task_when_exactly_due_output_1590444951,1590445632,1590445281,351
251-nods-found-batch-output,JON_188_idf_sha_nods_p2_r100_t518400_5M_25d_17h_15m_48s_knightliao.disconf-2ac5c82=com.baidu.disconf.client.test.DisconfMgrTestCase.demo_output_1590444951,1590445322,1590445281,41
251-nods-found-batch-output,JON_188_idf_sha_nods_p2_r100_t518400_5M_25d_17h_15m_48s_lcw2004.one-7b9b249=com.lcw.one.main.EmailServiceTest.sendEmailList_output_1590444951,1590446018,1590445281,737
251-nods-found-batch-output,JON_188_idf_sha_nods_p2_r100_t518400_5M_25d_17h_15m_48s_logzio.sawmill-e493c2e=io.logz.sawmill.PipelineExecutorTest.testOnSuccessPipelineExecution_output_1590444951,1590445310,1590445281,29
251-nods-found-batch-output,JON_188_idf_sha_nods_p2_r100_t518400_5M_25d_17h_15m_48s_logzio.sawmill-e493c2e=io.logz.sawmill.PipelineExecutorTest.testWarnLongProcessingExecution_output_1590444951,1590445322,1590445295,27
251-nods-found-batch-output,JON_188_idf_sha_nods_p2_r100_t518400_5M_25d_17h_15m_48s_logzio.sawmill-e493c2e=io.logz.sawmill.processors.ConvertFieldProcessorTest.testConvertToBoolean_output_1590444951,1590445262,1590445233,29
251-nods-found-batch-output,JON_188_idf_sha_nods_p2_r100_t518400_5M_25d_17h_15m_48s_marcosbarbero.spring-cloud-zuul-ratelimit-ae9603f=com.marcosbarbero.tests.it.Bucket4jInfinispanApplicationTestIT.testExceedingQuotaCapacityRequest_output_1590444951,1590447274,1590445287,1987
251-nods-found-batch-output,JON_188_idf_sha_nods_p2_r100_t518400_5M_25d_17h_15m_48s_nationalsecurityagency.timely-3a8cbd3=timely.store.iterators.TimeSeriesGroupingIteratorTest.testMultipleTimeSeriesMovingAverage_output_1590444951,1590446460,1590445284,1176
251-nods-found-batch-output,JON_188_idf_sha_nods_p2_r100_t518400_5M_25d_17h_15m_48s_odrotbohm.sos-d4ed68a=example.sos.modulith.orders.EmailNotificationTest.completingAnOrderUpdatesInventory_output_1590444951,1590446193,1590445284,909
251-nods-found-batch-output,JON_188_idf_sha_nods_p2_r100_t518400_5M_25d_17h_15m_48s_openpojo.openpojo-9badbcc=com.openpojo.reflection.impl.PojoClassImplTest.shouldCreateInstanceOnAbstract_output_1590444951,1590446489,1590445287,1202
251-nods-found-batch-output,JON_188_idf_sha_nods_p2_r100_t518400_5M_25d_17h_15m_48s_oracle.oci-java-sdk-2e9982f=com.oracle.bmc.objectstorage.transfer.ProgressTrackerTest.multipartUploadProgressTrackerFactory_simulateRealLifeScenario_output_1590444951,1590446092,1590445287,805
251-nods-found-batch-output,JON_188_idf_sha_nods_p2_r100_t518400_5M_25d_17h_15m_48s_orbit.orbit-c4904af=cloud.orbit.actors.extensions.test.LengthFieldHandlerTest.randomMessages_output_1590444951,1590445812,1590445287,525
251-nods-found-batch-output,JON_188_idf_sha_nods_p2_r100_t518400_5M_25d_17h_15m_48s_oryxproject.oryx-72ae4bb=com.cloudera.oryx.common.io.IOUtilsTest.testDistinctFreePorts_output_1590444951,1590445779,1590445240,539
251-nods-found-batch-output,JON_188_idf_sha_nods_p2_r100_t518400_5M_25d_17h_15m_48s_outbrain.aletheia-024a4b7=com.outbrain.aletheia.SampleDomainClassDatumTest.test_avro_route_output_1590444951,1590445780,1590445240,540
251-nods-found-batch-output,JON_188_idf_sha_nods_p2_r100_t518400_5M_25d_17h_15m_48s_outbrain.aletheia-024a4b7=com.outbrain.aletheia.SampleDomainClassDatumTest.testDatumRoutes_output_1590444951,1590445834,1590445289,545
251-nods-found-batch-output,JON_188_idf_sha_nods_p2_r100_t518400_5M_25d_17h_15m_48s_outbrain.aletheia-024a4b7=com.outbrain.aletheia.SampleDomainClassDatumTest.test_json_route_output_1590444951,1590445804,1590445287,517
251-nods-found-batch-output,JON_188_idf_sha_nods_p2_r100_t518400_5M_25d_17h_15m_48s_outbrain.aletheia-024a4b7=com.outbrain.aletheia.SampleDomainClassDatumTest.test_multiple_routes_output_1590444951,1590445839,1590445289,550
251-nods-found-batch-output,JON_188_idf_sha_nods_p2_r100_t518400_5M_25d_17h_15m_48s_pippo-java.pippo-ae898b6=ro.pippo.session.jedis.JedisSessionDataStorageTest.testDelete_output_1590444951,1590445664,1590445287,377
251-nods-found-batch-output,JON_188_idf_sha_nods_p2_r100_t518400_5M_25d_17h_15m_48s_pippo-java.pippo-ae898b6=ro.pippo.session.mongodb.MongoDBSessionDataStorageTest.testCreate_output_1590444951,1590445735,1590445292,443
251-nods-found-batch-output,JON_188_idf_sha_nods_p2_r100_t518400_5M_25d_17h_18m_48s_fromage.redpipe-0aff891=net.redpipe.discovery.DiscoveryTest.checkWebClient_output_1590445131,1590446045,1590445419,626
251-nods-found-batch-output,JON_188_idf_sha_nods_p2_r100_t518400_5M_25d_17h_15m_48s_pippo-java.pippo-ae898b6=ro.pippo.session.mongodb.MongoDBSessionDataStorageTest.testDelete_output_1590444951,1590445738,1590445308,430
251-nods-found-batch-output,JON_188_idf_sha_nods_p2_r100_t518400_5M_25d_17h_15m_48s_pippo-java.pippo-ae898b6=ro.pippo.session.mongodb.MongoDBSessionDataStorageTest.testGet_output_1590444951,1590445711,1590445289,422
251-nods-found-batch-output,JON_188_idf_sha_nods_p2_r100_t518400_5M_25d_17h_15m_48s_pippo-java.pippo-ae898b6=ro.pippo.session.mongodb.MongoDBSessionDataStorageTest.testSave_output_1590444951,1590445752,1590445292,460
251-nods-found-batch-output,JON_188_idf_sha_nods_p2_r100_t518400_5M_25d_17h_15m_48s_ppiastucki.recast4j-01d478e=org.recast4j.detour.tilecache.TileCacheTest.testPerformance_output_1590444951,1590447152,1590445287,1865
251-nods-found-batch-output,JON_188_idf_sha_nods_p2_r100_t518400_5M_25d_17h_15m_48s_querydsl.querydsl-2bf234c=com.querydsl.hibernate.search.SearchQueryTest.count_output_1590444951,1590446606,1590445287,1319
251-nods-found-batch-output,JON_188_idf_sha_nods_p2_r100_t518400_5M_25d_17h_15m_48s_querydsl.querydsl-2bf234c=com.querydsl.hibernate.search.SearchQueryTest.listResults_output_1590444951,1590446654,1590445289,1365
251-nods-found-batch-output,JON_188_idf_sha_nods_p2_r100_t518400_5M_25d_17h_15m_48s_querydsl.querydsl-2bf234c=com.querydsl.hibernate.search.SearchQueryTest.paging_output_1590444951,1590446525,1590445308,1217
251-nods-found-batch-output,JON_188_idf_sha_nods_p2_r100_t518400_5M_25d_17h_15m_48s_spinn3r.noxy-d53a494=com.spinn3r.noxy.discovery.zookeeper.ZKTest.testBulkClusterJoining_output_1590444951,1590457502,1590445305,12197
251-nods-found-batch-output,JON_188_idf_sha_nods_p2_r100_t518400_5M_25d_17h_15m_48s_spinn3r.noxy-d53a494=com.spinn3r.noxy.discovery.zookeeper.ZKTest.testDiscoveryListener_output_1590444951,1590445927,1590445305,622
251-nods-found-batch-output,JON_188_idf_sha_nods_p2_r100_t518400_5M_25d_17h_15m_48s_spotify.helios-aebf68d=com.spotify.helios.testing.HeliosSoloDeploymentTest.testUndeployLeftoverJobs_output_1590444951,1590448934,1590445233,3701
251-nods-found-batch-output,JON_188_idf_sha_nods_p2_r100_t518400_5M_25d_17h_18m_48s_alibaba.fastjson-e05e9c5=com.alibaba.json.bvt.parser.deser.AbstractSerializeTest.test_mapping_1_output_1590445131,1590445826,1590445369,457
251-nods-found-batch-output,JON_188_idf_sha_nods_p2_r100_t518400_5M_25d_17h_18m_48s_alibaba.fastjson-e05e9c5=com.alibaba.json.bvt.parser.deser.AbstractSerializeTest.test_mapping_2_output_1590445131,1590445871,1590445372,499
251-nods-found-batch-output,JON_188_idf_sha_nods_p2_r100_t518400_5M_25d_17h_18m_48s_apache.hadoop-cc2babc=org.apache.hadoop.fs.http.server.TestHttpFSServer.testAllowSnapshot_output_1590445131,1590445657,1590445372,285
251-nods-found-batch-output,JON_188_idf_sha_nods_p2_r100_t518400_5M_25d_17h_18m_48s_apache.hadoop-cc2babc=org.apache.hadoop.fs.http.server.TestHttpFSServer.testCreateSnapshot_output_1590445131,1590445655,1590445372,283
251-nods-found-batch-output,JON_188_idf_sha_nods_p2_r100_t518400_5M_25d_17h_18m_48s_apache.hadoop-cc2babc=org.apache.hadoop.fs.http.server.TestHttpFSServer.testDelegationTokenOperationsSsl_output_1590445131,1590445666,1590445386,280
251-nods-found-batch-output,JON_188_idf_sha_nods_p2_r100_t518400_5M_25d_17h_18m_48s_apache.hadoop-cc2babc=org.apache.hadoop.fs.http.server.TestHttpFSServer.testDirAcls_output_1590445131,1590445658,1590445377,281
251-nods-found-batch-output,JON_188_idf_sha_nods_p2_r100_t518400_5M_25d_17h_18m_48s_apache.hadoop-cc2babc=org.apache.hadoop.fs.http.server.TestHttpFSServer.testDisallowSnapshotException_output_1590445131,1590445672,1590445389,283
251-nods-found-batch-output,JON_188_idf_sha_nods_p2_r100_t518400_5M_25d_17h_18m_48s_apache.hadoop-cc2babc=org.apache.hadoop.fs.http.server.TestHttpFSServer.testDisallowSnapshot_output_1590445131,1590445670,1590445386,284
251-nods-found-batch-output,JON_188_idf_sha_nods_p2_r100_t518400_5M_25d_17h_18m_48s_apache.hadoop-cc2babc=org.apache.hadoop.fs.http.server.TestHttpFSServer.testGetSnapshotDiffIllegalParam_output_1590445131,1590445659,1590445389,270
251-nods-found-batch-output,JON_188_idf_sha_nods_p2_r100_t518400_5M_25d_17h_18m_48s_apache.hadoop-cc2babc=org.apache.hadoop.lib.service.hadoop.TestFileSystemAccessService.fileSystemCache_output_1590445131,1590445668,1590445389,279
251-nods-found-batch-output,JON_188_idf_sha_nods_p2_r100_t518400_5M_25d_17h_18m_48s_apache.hadoop-cc2babc=org.apache.hadoop.lib.service.hadoop.TestFileSystemAccessService.fileSystemExecutor_output_1590445131,1590445677,1590445393,284
251-nods-found-batch-output,JON_188_idf_sha_nods_p2_r100_t518400_5M_25d_17h_18m_48s_apache.hadoop-cc2babc=org.apache.hadoop.lib.servlet.TestServerWebApp.getHomeDirNotDef_output_1590445131,1590445684,1590445398,286
251-nods-found-batch-output,JON_188_idf_sha_nods_p2_r100_t518400_5M_25d_17h_18m_48s_apache.hadoop-cc2babc=org.apache.hadoop.registry.client.impl.TestCuratorService.testRM_output_1590445131,1590445659,1590445372,287
251-nods-found-batch-output,JON_188_idf_sha_nods_p2_r100_t518400_5M_25d_17h_18m_48s_apache.hadoop-cc2babc=org.apache.hadoop.registry.secure.TestSecureLogins.testDefaultRealmValid_output_1590445131,1590445669,1590445393,276
251-nods-found-batch-output,JON_188_idf_sha_nods_p2_r100_t518400_5M_25d_17h_18m_48s_apache.hadoop-cc2babc=org.apache.hadoop.registry.secure.TestSecureLogins.testUGILogin_output_1590445131,1590445654,1590445397,257
251-nods-found-batch-output,JON_188_idf_sha_nods_p2_r100_t518400_5M_25d_17h_18m_48s_apache.hadoop-cc2babc=org.apache.hadoop.yarn.server.timelineservice.reader.TestTimelineReaderWebServices.testGetEntityDefaultView_output_1590445131,1590445678,1590445398,280
251-nods-found-batch-output,JON_188_idf_sha_nods_p2_r100_t518400_5M_25d_17h_18m_48s_apache.hadoop-cc2babc=org.apache.hadoop.yarn.server.timeline.TestEntityGroupFSTimelineStore.testGetEntityPluginRead_output_1590445131,1590445682,1590445401,281
251-nods-found-batch-output,JON_188_idf_sha_nods_p2_r100_t518400_5M_25d_17h_18m_48s_apache.hadoop-cc2babc=org.apache.hadoop.yarn.server.timeline.TestEntityGroupFSTimelineStore.testMoveToDone_output_1590445131,1590445687,1590445398,289
251-nods-found-batch-output,JON_188_idf_sha_nods_p2_r100_t518400_5M_25d_17h_18m_48s_apache.hadoop-cc2babc=org.apache.hadoop.yarn.server.timeline.TestEntityGroupFSTimelineStore.testParseSummaryLogs_output_1590445131,1590445675,1590445398,277
251-nods-found-batch-output,JON_188_idf_sha_nods_p2_r100_t518400_5M_25d_17h_18m_48s_apache.hadoop-cc2babc=org.apache.hadoop.yarn.server.timeline.TestLogInfo.testParseBrokenEntity_output_1590445131,1590445687,1590445398,289
251-nods-found-batch-output,JON_188_idf_sha_nods_p2_r100_t518400_5M_25d_17h_18m_48s_apache.hadoop-cc2babc=org.apache.hadoop.yarn.server.timeline.TestLogInfo.testParseEntity_output_1590445131,1590445673,1590445401,272
251-nods-found-batch-output,JON_188_idf_sha_nods_p2_r100_t518400_5M_25d_17h_18m_48s_apache.hbase-801fc05=org.apache.hadoop.hbase.procedure2.TestProcedureSkipPersistence.test_output_1590445131,1590446745,1590445401,1344
251-nods-found-batch-output,JON_188_idf_sha_nods_p2_r100_t518400_5M_25d_17h_18m_48s_apache.incubator-dubbo-737f7a7=org.apache.dubbo.remoting.exchange.support.header.HeartbeatHandlerTest.testHeartbeat_output_1590445131,1590447298,1590445398,1900
251-nods-found-batch-output,JON_188_idf_sha_nods_p2_r100_t518400_5M_25d_17h_18m_48s_apache.incubator-dubbo-737f7a7=org.apache.dubbo.rpc.protocol.dubbo.DubboLazyConnectTest.testSticky1_output_1590445131,1590446231,1590445401,830
251-nods-found-batch-output,JON_188_idf_sha_nods_p2_r100_t518400_5M_25d_17h_18m_48s_apache.incubator-dubbo-737f7a7=org.apache.dubbo.rpc.protocol.dubbo.DubboProtocolTest.testDemoProtocol_output_1590445131,1590446367,1590445401,966
251-nods-found-batch-output,JON_188_idf_sha_nods_p2_r100_t518400_5M_25d_17h_18m_48s_apache.incubator-dubbo-737f7a7=org.apache.dubbo.rpc.protocol.dubbo.DubboProtocolTest.testNonSerializedParameter_output_1590445131,1590446334,1590445401,933
251-nods-found-batch-output,JON_188_idf_sha_nods_p2_r100_t518400_5M_25d_17h_18m_48s_apache.incubator-dubbo-737f7a7=org.apache.dubbo.rpc.protocol.dubbo.DubboProtocolTest.testPerm_output_1590445131,1590446510,1590445401,1109
251-nods-found-batch-output,JON_188_idf_sha_nods_p2_r100_t518400_5M_25d_17h_18m_48s_apache.incubator-dubbo-737f7a7=org.apache.dubbo.rpc.protocol.dubbo.DubboProtocolTest.testReturnNonSerialized_output_1590445131,1590446356,1590445401,955
251-nods-found-batch-output,JON_188_idf_sha_nods_p2_r100_t518400_5M_25d_17h_18m_48s_apache.incubator-dubbo-737f7a7=org.apache.dubbo.rpc.protocol.dubbo.MultiThreadTest.testDubboMultiThreadInvoke_output_1590445131,1590446663,1590445404,1259
251-nods-found-batch-output,JON_188_idf_sha_nods_p2_r100_t518400_5M_25d_17h_18m_48s_apache.incubator-dubbo-737f7a7=org.apache.dubbo.rpc.protocol.dubbo.telnet.ChangeTelnetHandlerTest.testChangePath_output_1590445131,1590446246,1590445404,842
251-nods-found-batch-output,JON_188_idf_sha_nods_p2_r100_t518400_5M_25d_17h_18m_48s_apache.incubator-dubbo-737f7a7=org.apache.dubbo.rpc.protocol.dubbo.telnet.ListTelnetHandlerTest.testList_output_1590445131,1590446393,1590445401,992
251-nods-found-batch-output,JON_188_idf_sha_nods_p2_r100_t518400_5M_25d_17h_18m_48s_apache.incubator-dubbo-737f7a7=org.apache.dubbo.rpc.protocol.dubbo.telnet.ListTelnetHandlerTest.testListService_output_1590445131,1590446316,1590445404,912
251-nods-found-batch-output,JON_188_idf_sha_nods_p2_r100_t518400_5M_25d_17h_18m_48s_apache.incubator-dubbo-737f7a7=org.apache.dubbo.rpc.protocol.http.HttpProtocolTest.testGenericInvokeWithNativeJava_output_1590445131,1590446374,1590445404,970
251-nods-found-batch-output,JON_188_idf_sha_nods_p2_r100_t518400_5M_25d_17h_18m_48s_apache.incubator-dubbo-737f7a7=org.apache.dubbo.rpc.protocol.http.HttpProtocolTest.testTimeOut_output_1590445131,1590446380,1590445404,976
251-nods-found-batch-output,JON_188_idf_sha_nods_p2_r100_t518400_5M_25d_17h_18m_48s_apereo.java-cas-client-574b74f=org.jasig.cas.client.validation.AssertionImplTests.testAssertionValidity_output_1590445131,1590445433,1590445407,26
251-nods-found-batch-output,JON_188_idf_sha_nods_p2_r100_t518400_5M_25d_17h_18m_48s_c2mon.c2mon-d80687b=cern.c2mon.daq.filter.dynamic.DiffTimeDeadbandActivatorTest.testNoActivationOnFirstRecord_output_1590445131,1590445778,1590445407,371
251-nods-found-batch-output,JON_188_idf_sha_nods_p2_r100_t518400_5M_25d_17h_18m_48s_c2mon.c2mon-d80687b=cern.c2mon.server.common.republisher.RepublisherImplTest.testMultipleExceptions_output_1590445131,1590445894,1590445407,487
251-nods-found-batch-output,JON_188_idf_sha_nods_p2_r100_t518400_5M_25d_17h_18m_48s_cescoffier.vertx-completable-future-011d3cd=me.escoffier.vertx.completablefuture.VertxCompletableFutureTest.testAcceptEitherAsyncWithExecutor_output_1590445131,1590445839,1590445407,432
251-nods-found-batch-output,JON_188_idf_sha_nods_p2_r100_t518400_5M_25d_17h_18m_48s_codingchili.excelastic-6bb7884=com.codingchili.TestWriter.shouldWriteToElasticPort_output_1590445131,1590445972,1590445407,565
251-nods-found-batch-output,JON_188_idf_sha_nods_p2_r100_t518400_5M_25d_17h_18m_48s_crawlscript.webcollector-016b61a=cn.edu.hfut.dmic.webcollector.util.OkHttpRequesterTest.testHttpCode_output_1590445131,1590445448,1590445407,41
251-nods-found-batch-output,JON_188_idf_sha_nods_p2_r100_t518400_5M_25d_17h_18m_48s_davidmoten.rxjava2-extras-d0315b6=com.github.davidmoten.rx2.internal.flowable.FlowableServerSocketTest.testLoad_output_1590445131,1590446931,1590445410,1521
251-nods-found-batch-output,JON_188_idf_sha_nods_p2_r100_t518400_5M_25d_17h_18m_48s_doanduyhai.achilles-e3099bd=info.archinnov.achilles.embedded.PortFinderTest.try_to_find_first_port_output_1590445131,1590445418,1590445407,11
251-nods-found-batch-output,JON_188_idf_sha_nods_p2_r100_t518400_5M_25d_17h_18m_48s_dropwizard.dropwizard-07dfaed=io.dropwizard.logging.DefaultLoggingFactoryTest.testConfigure_output_1590445131,1590445467,1590445410,57
251-nods-found-batch-output,JON_188_idf_sha_nods_p2_r100_t518400_5M_25d_17h_18m_48s_eclipse-ee4j.tyrus-d86e0cb=org.glassfish.tyrus.test.e2e.non_deployable.ServerExecutorsManagementTest.testExecutorServicesGetClosed_output_1590445131,1590445988,1590445410,578
251-nods-found-batch-output,JON_188_idf_sha_nods_p2_r100_t518400_5M_25d_17h_18m_48s_elasticjob.elastic-job-lite-b022898=io.elasticjob.lite.event.rdb.JobEventRdbSearchTest.assertFindJobExecutionEventsWithTime_output_1590445131,1590445932,1590445407,525
251-nods-found-batch-output,JON_188_idf_sha_nods_p2_r100_t518400_5M_25d_17h_18m_48s_elasticjob.elastic-job-lite-b022898=io.elasticjob.lite.lifecycle.api.JobAPIFactoryTest.assertCreateJobStatisticsAPI_output_1590445131,1590446004,1590445407,597
251-nods-found-batch-output,JON_188_idf_sha_nods_p2_r100_t518400_5M_25d_17h_18m_48s_elasticjob.elastic-job-lite-b022898=io.elasticjob.lite.lifecycle.api.JobAPIFactoryTest.assertCreateServerStatisticsAPI_output_1590445131,1590445995,1590445413,582
251-nods-found-batch-output,JON_188_idf_sha_nods_p2_r100_t518400_5M_25d_17h_18m_48s_elasticjob.elastic-job-lite-b022898=io.elasticjob.lite.spring.job.JobSpringNamespaceWithEventTraceRdbTest.assertSpringJobBean_output_1590445131,1590449652,1590445416,4236
251-nods-found-batch-output,JON_188_idf_sha_nods_p2_r100_t518400_5M_25d_17h_18m_48s_elasticjob.elastic-job-lite-b022898=io.elasticjob.lite.spring.job.JobSpringNamespaceWithListenerAndJdkDynamicProxyTest.assertSpringJobBean_output_1590445131,1590449629,1590445413,4216
251-nods-found-batch-output,JON_188_idf_sha_nods_p2_r100_t518400_5M_25d_17h_18m_48s_elasticjob.elastic-job-lite-b022898=io.elasticjob.lite.spring.job.JobSpringNamespaceWithoutListenerTest.assertSpringJobBean_output_1590445131,1590449640,1590445410,4230
251-nods-found-batch-output,JON_188_idf_sha_nods_p2_r100_t518400_5M_25d_17h_18m_48s_espertechinc.esper-590fa9c=com.espertech.esper.example.rfidassetzone.TestLRMovingSimMain.testSim_output_1590445131,1590446569,1590445413,1156
251-nods-found-batch-output,JON_188_idf_sha_nods_p2_r100_t518400_5M_25d_17h_18m_48s_feroult.yawp-b3bcf9c=io.yawp.testing.appengine.pipes.flow.FlowDropsTest.testFlowDropsToSameSink_output_1590445131,1590446258,1590445416,842
251-nods-found-batch-output,JON_188_idf_sha_nods_p2_r100_t518400_5M_25d_17h_18m_48s_flaxsearch.luwak-c27ec08=uk.co.flax.luwak.matchers.TestParallelMatcher.testParallelSlowLog_output_1590445131,1590445840,1590445410,430
251-nods-found-batch-output,JON_188_idf_sha_nods_p2_r100_t518400_5M_25d_17h_18m_48s_flaxsearch.luwak-c27ec08=uk.co.flax.luwak.matchers.TestPartitionMatcher.testParallelSlowLog_output_1590445131,1590445820,1590445419,401
251-nods-found-batch-output,JON_188_idf_sha_nods_p2_r100_t518400_5M_25d_17h_18m_48s_fluent.fluent-logger-java-da14ec3=org.fluentd.logger.TestFluentLogger.testReconnection_output_1590445131,1590446620,1590445419,1201
251-nods-found-batch-output,JON_188_idf_sha_nods_p2_r100_t518400_5M_25d_17h_18m_48s_fromage.redpipe-0aff891=net.redpipe.engine.swagger.SwaggerApiTest.checkSwagger_output_1590445131,1590445917,1590445421,496
251-nods-found-batch-output,JON_188_idf_sha_nods_p2_r100_t518400_5M_25d_17h_18m_48s_javadelight.delight-nashorn-sandbox-da35edc=delight.nashornsandbox.TestGetFunction.test_output_1590445131,1590445996,1590445372,624
251-nods-found-batch-output,JON_188_idf_sha_nods_p2_r100_t518400_5M_25d_17h_18m_48s_javadelight.delight-nashorn-sandbox-da35edc=delight.nashornsandbox.TestMemoryLimit.test_no_abuse_output_1590445131,1590446001,1590445421,580
251-nods-found-batch-output,JON_188_idf_sha_nods_p2_r100_t518400_5M_25d_17h_18m_48s_kagkarlsson.db-scheduler-4a8a28e=com.github.kagkarlsson.scheduler.compatibility.HsqlCompatibilityTest.test_compatibility_output_1590445131,1590446841,1590445427,1414
251-nods-found-batch-output,JON_188_idf_sha_nods_p2_r100_t518400_5M_25d_17h_18m_48s_kagkarlsson.db-scheduler-4a8a28e=com.github.kagkarlsson.scheduler.SchedulerTest.scheduler_should_execute_rescheduled_task_when_exactly_due_output_1590445131,1590445794,1590445427,367
251-nods-found-batch-output,JON_188_idf_sha_nods_p2_r100_t518400_5M_25d_17h_18m_48s_knightliao.disconf-2ac5c82=com.baidu.disconf.client.test.DisconfMgrTestCase.demo_output_1590445131,1590445473,1590445430,43
251-nods-found-batch-output,JON_188_idf_sha_nods_p2_r100_t518400_5M_25d_17h_18m_48s_lcw2004.one-7b9b249=com.lcw.one.main.EmailServiceTest.sendEmailList_output_1590445131,1590446090,1590445433,657
251-nods-found-batch-output,JON_188_idf_sha_nods_p2_r100_t518400_5M_25d_17h_18m_48s_logzio.sawmill-e493c2e=io.logz.sawmill.PipelineExecutorTest.testOnSuccessPipelineExecution_output_1590445131,1590445458,1590445430,28
251-nods-found-batch-output,JON_188_idf_sha_nods_p2_r100_t518400_5M_25d_17h_18m_48s_logzio.sawmill-e493c2e=io.logz.sawmill.PipelineExecutorTest.testWarnLongProcessingExecution_output_1590445131,1590445461,1590445434,27
251-nods-found-batch-output,JON_188_idf_sha_nods_p2_r100_t518400_5M_25d_17h_18m_48s_logzio.sawmill-e493c2e=io.logz.sawmill.processors.ConvertFieldProcessorTest.testConvertToBoolean_output_1590445131,1590445395,1590445369,26
251-nods-found-batch-output,JON_188_idf_sha_nods_p2_r100_t518400_5M_25d_17h_18m_48s_marcosbarbero.spring-cloud-zuul-ratelimit-ae9603f=com.marcosbarbero.tests.it.Bucket4jInfinispanApplicationTestIT.testExceedingQuotaCapacityRequest_output_1590445131,1590447560,1590445430,2130
251-nods-found-batch-output,JON_188_idf_sha_nods_p2_r100_t518400_5M_25d_17h_18m_48s_nationalsecurityagency.timely-3a8cbd3=timely.store.iterators.TimeSeriesGroupingIteratorTest.testMultipleTimeSeriesMovingAverage_output_1590445131,1590446652,1590445433,1219
251-nods-found-batch-output,JON_188_idf_sha_nods_p2_r100_t518400_5M_25d_17h_18m_48s_odrotbohm.sos-d4ed68a=example.sos.modulith.orders.EmailNotificationTest.completingAnOrderUpdatesInventory_output_1590445131,1590446341,1590445436,905
251-nods-found-batch-output,JON_188_idf_sha_nods_p2_r100_t518400_5M_25d_17h_18m_48s_openpojo.openpojo-9badbcc=com.openpojo.reflection.impl.PojoClassImplTest.shouldCreateInstanceOnAbstract_output_1590445131,1590446726,1590445433,1293
251-nods-found-batch-output,JON_188_idf_sha_nods_p2_r100_t518400_5M_25d_17h_18m_48s_orbit.orbit-c4904af=cloud.orbit.actors.extensions.test.LengthFieldHandlerTest.randomMessages_output_1590445131,1590445875,1590445437,438
251-nods-found-batch-output,JON_188_idf_sha_nods_p2_r100_t518400_5M_25d_17h_18m_48s_oracle.oci-java-sdk-2e9982f=com.oracle.bmc.objectstorage.transfer.ProgressTrackerTest.multipartUploadProgressTrackerFactory_simulateRealLifeScenario_output_1590445131,1590446306,1590445440,866
251-nods-found-batch-output,JON_188_idf_sha_nods_p2_r100_t518400_5M_25d_17h_18m_48s_oryxproject.oryx-72ae4bb=com.cloudera.oryx.common.io.IOUtilsTest.testDistinctFreePorts_output_1590445131,1590445999,1590445437,562
251-nods-found-batch-output,JON_188_idf_sha_nods_p2_r100_t518400_5M_25d_17h_18m_48s_outbrain.aletheia-024a4b7=com.outbrain.aletheia.SampleDomainClassDatumTest.test_avro_route_output_1590445131,1590446004,1590445440,564
251-nods-found-batch-output,JON_188_idf_sha_nods_p2_r100_t518400_5M_25d_17h_18m_48s_outbrain.aletheia-024a4b7=com.outbrain.aletheia.SampleDomainClassDatumTest.testDatumRoutes_output_1590445131,1590445995,1590445442,553
251-nods-found-batch-output,JON_188_idf_sha_nods_p2_r100_t518400_5M_25d_17h_18m_48s_outbrain.aletheia-024a4b7=com.outbrain.aletheia.SampleDomainClassDatumTest.test_json_route_output_1590445131,1590445938,1590445440,498
251-nods-found-batch-output,JON_188_idf_sha_nods_p2_r100_t518400_5M_25d_17h_18m_48s_outbrain.aletheia-024a4b7=com.outbrain.aletheia.SampleDomainClassDatumTest.test_multiple_routes_output_1590445131,1590446018,1590445440,578
251-nods-found-batch-output,JON_188_idf_sha_nods_p2_r100_t518400_5M_25d_17h_18m_48s_pippo-java.pippo-ae898b6=ro.pippo.session.jedis.JedisSessionDataStorageTest.testDelete_output_1590445131,1590445806,1590445440,366
251-nods-found-batch-output,JON_188_idf_sha_nods_p2_r100_t518400_5M_25d_17h_18m_48s_pippo-java.pippo-ae898b6=ro.pippo.session.mongodb.MongoDBSessionDataStorageTest.testCreate_output_1590445131,1590445836,1590445440,396
251-nods-found-batch-output,JON_188_idf_sha_nods_p2_r100_t518400_5M_25d_17h_18m_48s_pippo-java.pippo-ae898b6=ro.pippo.session.mongodb.MongoDBSessionDataStorageTest.testDelete_output_1590445131,1590445903,1590445442,461
251-nods-found-batch-output,JON_188_idf_sha_nods_p2_r100_t518400_5M_25d_17h_18m_48s_pippo-java.pippo-ae898b6=ro.pippo.session.mongodb.MongoDBSessionDataStorageTest.testGet_output_1590445131,1590445881,1590445442,439
251-nods-found-batch-output,JON_188_idf_sha_nods_p2_r100_t518400_5M_25d_17h_18m_48s_pippo-java.pippo-ae898b6=ro.pippo.session.mongodb.MongoDBSessionDataStorageTest.testSave_output_1590445131,1590445910,1590445448,462
251-nods-found-batch-output,JON_188_idf_sha_nods_p2_r100_t518400_5M_25d_17h_18m_48s_ppiastucki.recast4j-01d478e=org.recast4j.detour.tilecache.TileCacheTest.testPerformance_output_1590445131,1590447242,1590445445,1797
251-nods-found-batch-output,JON_188_idf_sha_nods_p2_r100_t518400_5M_25d_17h_18m_48s_querydsl.querydsl-2bf234c=com.querydsl.hibernate.search.SearchQueryTest.count_output_1590445131,1590446835,1590445442,1393
251-nods-found-batch-output,JON_188_idf_sha_nods_p2_r100_t518400_5M_25d_17h_18m_48s_querydsl.querydsl-2bf234c=com.querydsl.hibernate.search.SearchQueryTest.listResults_output_1590445131,1590446756,1590445451,1305
251-nods-found-batch-output,JON_188_idf_sha_nods_p2_r100_t518400_5M_25d_17h_18m_48s_querydsl.querydsl-2bf234c=com.querydsl.hibernate.search.SearchQueryTest.paging_output_1590445131,1590446665,1590445445,1220
251-nods-found-batch-output,JON_188_idf_sha_nods_p2_r100_t518400_5M_25d_17h_18m_48s_spinn3r.noxy-d53a494=com.spinn3r.noxy.discovery.zookeeper.ZKTest.testBulkClusterJoining_output_1590445131,1590457265,1590445445,11820
251-nods-found-batch-output,JON_188_idf_sha_nods_p2_r100_t518400_5M_25d_17h_18m_48s_spinn3r.noxy-d53a494=com.spinn3r.noxy.discovery.zookeeper.ZKTest.testDiscoveryListener_output_1590445131,1590446108,1590445451,657
251-nods-found-batch-output,JON_188_idf_sha_nods_p2_r100_t518400_5M_25d_17h_18m_48s_spotify.helios-aebf68d=com.spotify.helios.testing.HeliosSoloDeploymentTest.testUndeployLeftoverJobs_output_1590445131,1590449208,1590445375,3833
251-nods-found-batch-output,JON_188_idf_sha_nods_p2_r100_t518400_5M_25d_17h_21m_48s_alibaba.fastjson-e05e9c5=com.alibaba.json.bvt.parser.deser.AbstractSerializeTest.test_mapping_1_output_1590445312,1590445967,1590445558,409
251-nods-found-batch-output,JON_188_idf_sha_nods_p2_r100_t518400_5M_25d_17h_21m_48s_alibaba.fastjson-e05e9c5=com.alibaba.json.bvt.parser.deser.AbstractSerializeTest.test_mapping_2_output_1590445312,1590445974,1590445562,412
251-nods-found-batch-output,JON_188_idf_sha_nods_p2_r100_t518400_5M_25d_17h_21m_48s_apache.hadoop-cc2babc=org.apache.hadoop.fs.http.server.TestHttpFSServer.testAllowSnapshot_output_1590445312,1590445841,1590445562,279
251-nods-found-batch-output,JON_188_idf_sha_nods_p2_r100_t518400_5M_25d_17h_21m_48s_apache.hadoop-cc2babc=org.apache.hadoop.fs.http.server.TestHttpFSServer.testCreateSnapshot_output_1590445312,1590445823,1590445550,273
251-nods-found-batch-output,JON_188_idf_sha_nods_p2_r100_t518400_5M_25d_17h_21m_48s_apache.hadoop-cc2babc=org.apache.hadoop.fs.http.server.TestHttpFSServer.testDelegationTokenOperationsSsl_output_1590445312,1590445843,1590445568,275
251-nods-found-batch-output,JON_188_idf_sha_nods_p2_r100_t518400_5M_25d_17h_21m_48s_apache.hadoop-cc2babc=org.apache.hadoop.fs.http.server.TestHttpFSServer.testDirAcls_output_1590445312,1590445842,1590445565,277
251-nods-found-batch-output,JON_188_idf_sha_nods_p2_r100_t518400_5M_25d_17h_21m_48s_apache.hadoop-cc2babc=org.apache.hadoop.fs.http.server.TestHttpFSServer.testDisallowSnapshotException_output_1590445312,1590445849,1590445568,281
251-nods-found-batch-output,JON_188_idf_sha_nods_p2_r100_t518400_5M_25d_17h_21m_48s_apache.hadoop-cc2babc=org.apache.hadoop.fs.http.server.TestHttpFSServer.testDisallowSnapshot_output_1590445312,1590445840,1590445565,275
251-nods-found-batch-output,JON_188_idf_sha_nods_p2_r100_t518400_5M_25d_17h_21m_48s_apache.hadoop-cc2babc=org.apache.hadoop.fs.http.server.TestHttpFSServer.testGetSnapshotDiffIllegalParam_output_1590445312,1590445848,1590445569,279
251-nods-found-batch-output,JON_188_idf_sha_nods_p2_r100_t518400_5M_25d_17h_21m_48s_apache.hadoop-cc2babc=org.apache.hadoop.lib.service.hadoop.TestFileSystemAccessService.fileSystemCache_output_1590445312,1590445848,1590445569,279
251-nods-found-batch-output,JON_188_idf_sha_nods_p2_r100_t518400_5M_25d_17h_21m_48s_apache.hadoop-cc2babc=org.apache.hadoop.lib.service.hadoop.TestFileSystemAccessService.fileSystemExecutor_output_1590445312,1590445838,1590445569,269
251-nods-found-batch-output,JON_188_idf_sha_nods_p2_r100_t518400_5M_25d_17h_21m_48s_apache.hadoop-cc2babc=org.apache.hadoop.lib.servlet.TestServerWebApp.getHomeDirNotDef_output_1590445312,1590445842,1590445571,271
251-nods-found-batch-output,JON_188_idf_sha_nods_p2_r100_t518400_5M_25d_17h_21m_48s_apache.hadoop-cc2babc=org.apache.hadoop.registry.client.impl.TestCuratorService.testRM_output_1590445312,1590445819,1590445574,245
251-nods-found-batch-output,JON_188_idf_sha_nods_p2_r100_t518400_5M_25d_17h_21m_48s_apache.hadoop-cc2babc=org.apache.hadoop.registry.secure.TestSecureLogins.testDefaultRealmValid_output_1590445312,1590445852,1590445574,278
251-nods-found-batch-output,JON_188_idf_sha_nods_p2_r100_t518400_5M_25d_17h_21m_48s_apache.hadoop-cc2babc=org.apache.hadoop.registry.secure.TestSecureLogins.testUGILogin_output_1590445312,1590445850,1590445576,274
251-nods-found-batch-output,JON_188_idf_sha_nods_p2_r100_t518400_5M_25d_17h_21m_48s_apache.hadoop-cc2babc=org.apache.hadoop.yarn.server.timelineservice.reader.TestTimelineReaderWebServices.testGetEntityDefaultView_output_1590445312,1590445860,1590445579,281
251-nods-found-batch-output,JON_188_idf_sha_nods_p2_r100_t518400_5M_25d_17h_21m_48s_apache.hadoop-cc2babc=org.apache.hadoop.yarn.server.timeline.TestEntityGroupFSTimelineStore.testGetEntityPluginRead_output_1590445312,1590445843,1590445579,264
251-nods-found-batch-output,JON_188_idf_sha_nods_p2_r100_t518400_5M_25d_17h_21m_48s_apache.hadoop-cc2babc=org.apache.hadoop.yarn.server.timeline.TestEntityGroupFSTimelineStore.testMoveToDone_output_1590445312,1590445822,1590445553,269
251-nods-found-batch-output,JON_188_idf_sha_nods_p2_r100_t518400_5M_25d_17h_21m_48s_apache.hadoop-cc2babc=org.apache.hadoop.yarn.server.timeline.TestEntityGroupFSTimelineStore.testParseSummaryLogs_output_1590445312,1590445859,1590445581,278
251-nods-found-batch-output,JON_188_idf_sha_nods_p2_r100_t518400_5M_25d_17h_21m_48s_apache.hadoop-cc2babc=org.apache.hadoop.yarn.server.timeline.TestLogInfo.testParseBrokenEntity_output_1590445312,1590445860,1590445585,275
251-nods-found-batch-output,JON_188_idf_sha_nods_p2_r100_t518400_5M_25d_17h_21m_48s_apache.hadoop-cc2babc=org.apache.hadoop.yarn.server.timeline.TestLogInfo.testParseEntity_output_1590445312,1590445850,1590445585,265
251-nods-found-batch-output,JON_188_idf_sha_nods_p2_r100_t518400_5M_25d_17h_21m_48s_apache.hbase-801fc05=org.apache.hadoop.hbase.procedure2.TestProcedureSkipPersistence.test_output_1590445312,1590446844,1590445579,1265
251-nods-found-batch-output,JON_188_idf_sha_nods_p2_r100_t518400_5M_25d_17h_21m_48s_apache.incubator-dubbo-737f7a7=org.apache.dubbo.remoting.exchange.support.header.HeartbeatHandlerTest.testHeartbeat_output_1590445312,1590447293,1590445588,1705
251-nods-found-batch-output,JON_188_idf_sha_nods_p2_r100_t518400_5M_25d_17h_21m_48s_apache.incubator-dubbo-737f7a7=org.apache.dubbo.rpc.protocol.dubbo.DubboLazyConnectTest.testSticky1_output_1590445312,1590446288,1590445582,706
251-nods-found-batch-output,JON_188_idf_sha_nods_p2_r100_t518400_5M_25d_17h_21m_48s_apache.incubator-dubbo-737f7a7=org.apache.dubbo.rpc.protocol.dubbo.DubboProtocolTest.testDemoProtocol_output_1590445312,1590446403,1590445579,824
251-nods-found-batch-output,JON_188_idf_sha_nods_p2_r100_t518400_5M_25d_17h_21m_48s_apache.incubator-dubbo-737f7a7=org.apache.dubbo.rpc.protocol.dubbo.DubboProtocolTest.testNonSerializedParameter_output_1590445312,1590446484,1590445585,899
251-nods-found-batch-output,JON_188_idf_sha_nods_p2_r100_t518400_5M_25d_17h_21m_48s_apache.incubator-dubbo-737f7a7=org.apache.dubbo.rpc.protocol.dubbo.DubboProtocolTest.testPerm_output_1590445312,1590446635,1590445579,1056
251-nods-found-batch-output,JON_188_idf_sha_nods_p2_r100_t518400_5M_25d_17h_21m_48s_apache.incubator-dubbo-737f7a7=org.apache.dubbo.rpc.protocol.dubbo.DubboProtocolTest.testReturnNonSerialized_output_1590445312,1590446470,1590445588,882
251-nods-found-batch-output,JON_188_idf_sha_nods_p2_r100_t518400_5M_25d_17h_21m_48s_apache.incubator-dubbo-737f7a7=org.apache.dubbo.rpc.protocol.dubbo.MultiThreadTest.testDubboMultiThreadInvoke_output_1590445312,1590446812,1590445588,1224
251-nods-found-batch-output,JON_188_idf_sha_nods_p2_r100_t518400_5M_25d_17h_21m_48s_apache.incubator-dubbo-737f7a7=org.apache.dubbo.rpc.protocol.dubbo.telnet.ChangeTelnetHandlerTest.testChangePath_output_1590445312,1590446573,1590445590,983
251-nods-found-batch-output,JON_188_idf_sha_nods_p2_r100_t518400_5M_25d_17h_21m_48s_apache.incubator-dubbo-737f7a7=org.apache.dubbo.rpc.protocol.dubbo.telnet.ListTelnetHandlerTest.testList_output_1590445312,1590446475,1590445594,881
251-nods-found-batch-output,JON_188_idf_sha_nods_p2_r100_t518400_5M_25d_17h_21m_48s_apache.incubator-dubbo-737f7a7=org.apache.dubbo.rpc.protocol.dubbo.telnet.ListTelnetHandlerTest.testListService_output_1590445312,1590446528,1590445588,940
251-nods-found-batch-output,JON_188_idf_sha_nods_p2_r100_t518400_5M_25d_17h_21m_48s_apache.incubator-dubbo-737f7a7=org.apache.dubbo.rpc.protocol.http.HttpProtocolTest.testGenericInvokeWithNativeJava_output_1590445312,1590446528,1590445594,934
251-nods-found-batch-output,JON_188_idf_sha_nods_p2_r100_t518400_5M_25d_17h_21m_48s_apache.incubator-dubbo-737f7a7=org.apache.dubbo.rpc.protocol.http.HttpProtocolTest.testTimeOut_output_1590445312,1590446462,1590445588,874
251-nods-found-batch-output,JON_188_idf_sha_nods_p2_r100_t518400_5M_25d_17h_21m_48s_apereo.java-cas-client-574b74f=org.jasig.cas.client.validation.AssertionImplTests.testAssertionValidity_output_1590445312,1590445614,1590445588,26
251-nods-found-batch-output,JON_188_idf_sha_nods_p2_r100_t518400_5M_25d_17h_21m_48s_c2mon.c2mon-d80687b=cern.c2mon.daq.filter.dynamic.DiffTimeDeadbandActivatorTest.testNoActivationOnFirstRecord_output_1590445312,1590445951,1590445588,363
251-nods-found-batch-output,JON_188_idf_sha_nods_p2_r100_t518400_5M_25d_17h_21m_48s_c2mon.c2mon-d80687b=cern.c2mon.server.common.republisher.RepublisherImplTest.testMultipleExceptions_output_1590445312,1590446055,1590445594,461
251-nods-found-batch-output,JON_188_idf_sha_nods_p2_r100_t518400_5M_25d_17h_21m_48s_cescoffier.vertx-completable-future-011d3cd=me.escoffier.vertx.completablefuture.VertxCompletableFutureTest.testAcceptEitherAsyncWithExecutor_output_1590445312,1590446017,1590445594,423
251-nods-found-batch-output,JON_188_idf_sha_nods_p2_r100_t518400_5M_25d_17h_21m_48s_codingchili.excelastic-6bb7884=com.codingchili.TestWriter.shouldWriteToElasticPort_output_1590445312,1590446197,1590445596,601
251-nods-found-batch-output,JON_188_idf_sha_nods_p2_r100_t518400_5M_25d_17h_21m_48s_crawlscript.webcollector-016b61a=cn.edu.hfut.dmic.webcollector.util.OkHttpRequesterTest.testHttpCode_output_1590445312,1590445632,1590445597,35
251-nods-found-batch-output,JON_188_idf_sha_nods_p2_r100_t518400_5M_25d_17h_21m_48s_davidmoten.rxjava2-extras-d0315b6=com.github.davidmoten.rx2.internal.flowable.FlowableServerSocketTest.testLoad_output_1590445312,1590447237,1590445594,1643
251-nods-found-batch-output,JON_188_idf_sha_nods_p2_r100_t518400_5M_25d_17h_21m_48s_doanduyhai.achilles-e3099bd=info.archinnov.achilles.embedded.PortFinderTest.try_to_find_first_port_output_1590445312,1590445605,1590445597,8
251-nods-found-batch-output,JON_188_idf_sha_nods_p2_r100_t518400_5M_25d_17h_21m_48s_dropwizard.dropwizard-07dfaed=io.dropwizard.logging.DefaultLoggingFactoryTest.testConfigure_output_1590445312,1590445647,1590445596,51
251-nods-found-batch-output,JON_188_idf_sha_nods_p2_r100_t518400_5M_25d_17h_21m_48s_eclipse-ee4j.tyrus-d86e0cb=org.glassfish.tyrus.test.e2e.non_deployable.ServerExecutorsManagementTest.testExecutorServicesGetClosed_output_1590445312,1590446223,1590445609,614
251-nods-found-batch-output,JON_188_idf_sha_nods_p2_r100_t518400_5M_25d_17h_21m_48s_elasticjob.elastic-job-lite-b022898=io.elasticjob.lite.event.rdb.JobEventRdbSearchTest.assertFindJobExecutionEventsWithTime_output_1590445312,1590446124,1590445617,507
251-nods-found-batch-output,JON_188_idf_sha_nods_p2_r100_t518400_5M_25d_17h_21m_48s_fromage.redpipe-0aff891=net.redpipe.discovery.DiscoveryTest.checkWebClient_output_1590445312,1590446175,1590445649,526
251-nods-found-batch-output,JON_188_idf_sha_nods_p2_r100_t518400_5M_25d_17h_21m_48s_elasticjob.elastic-job-lite-b022898=io.elasticjob.lite.lifecycle.api.JobAPIFactoryTest.assertCreateJobStatisticsAPI_output_1590445312,1590446194,1590445647,547
251-nods-found-batch-output,JON_188_idf_sha_nods_p2_r100_t518400_5M_25d_17h_21m_48s_elasticjob.elastic-job-lite-b022898=io.elasticjob.lite.lifecycle.api.JobAPIFactoryTest.assertCreateServerStatisticsAPI_output_1590445312,1590446156,1590445599,557
251-nods-found-batch-output,JON_188_idf_sha_nods_p2_r100_t518400_5M_25d_17h_21m_48s_elasticjob.elastic-job-lite-b022898=io.elasticjob.lite.spring.job.JobSpringNamespaceWithEventTraceRdbTest.assertSpringJobBean_output_1590445312,1590449829,1590445617,4212
251-nods-found-batch-output,JON_188_idf_sha_nods_p2_r100_t518400_5M_25d_17h_21m_48s_elasticjob.elastic-job-lite-b022898=io.elasticjob.lite.spring.job.JobSpringNamespaceWithListenerAndJdkDynamicProxyTest.assertSpringJobBean_output_1590445312,1590449857,1590445635,4222
251-nods-found-batch-output,JON_188_idf_sha_nods_p2_r100_t518400_5M_25d_17h_21m_48s_elasticjob.elastic-job-lite-b022898=io.elasticjob.lite.spring.job.JobSpringNamespaceWithoutListenerTest.assertSpringJobBean_output_1590445312,1590449876,1590445647,4229
251-nods-found-batch-output,JON_188_idf_sha_nods_p2_r100_t518400_5M_25d_17h_21m_48s_espertechinc.esper-590fa9c=com.espertech.esper.example.rfidassetzone.TestLRMovingSimMain.testSim_output_1590445312,1590446730,1590445647,1083
251-nods-found-batch-output,JON_188_idf_sha_nods_p2_r100_t518400_5M_25d_17h_21m_48s_feroult.yawp-b3bcf9c=io.yawp.testing.appengine.pipes.flow.FlowDropsTest.testFlowDropsToSameSink_output_1590445312,1590446263,1590445645,618
251-nods-found-batch-output,JON_188_idf_sha_nods_p2_r100_t518400_5M_25d_17h_21m_48s_flaxsearch.luwak-c27ec08=uk.co.flax.luwak.matchers.TestParallelMatcher.testParallelSlowLog_output_1590445312,1590446052,1590445692,360
251-nods-found-batch-output,JON_188_idf_sha_nods_p2_r100_t518400_5M_25d_17h_21m_48s_flaxsearch.luwak-c27ec08=uk.co.flax.luwak.matchers.TestPartitionMatcher.testParallelSlowLog_output_1590445312,1590446028,1590445639,389
251-nods-found-batch-output,JON_188_idf_sha_nods_p2_r100_t518400_5M_25d_17h_21m_48s_fluent.fluent-logger-java-da14ec3=org.fluentd.logger.TestFluentLogger.testReconnection_output_1590445312,1590446818,1590445674,1144
251-nods-found-batch-output,JON_188_idf_sha_nods_p2_r100_t518400_5M_25d_17h_21m_48s_fromage.redpipe-0aff891=net.redpipe.engine.swagger.SwaggerApiTest.checkSwagger_output_1590445312,1590446190,1590445653,537
251-nods-found-batch-output,JON_188_idf_sha_nods_p2_r100_t518400_5M_25d_17h_21m_48s_javadelight.delight-nashorn-sandbox-da35edc=delight.nashornsandbox.TestGetFunction.test_output_1590445312,1590446184,1590445647,537
251-nods-found-batch-output,JON_188_idf_sha_nods_p2_r100_t518400_5M_25d_17h_21m_48s_javadelight.delight-nashorn-sandbox-da35edc=delight.nashornsandbox.TestMemoryLimit.test_no_abuse_output_1590445312,1590446248,1590445698,550
251-nods-found-batch-output,JON_188_idf_sha_nods_p2_r100_t518400_5M_25d_17h_21m_48s_kagkarlsson.db-scheduler-4a8a28e=com.github.kagkarlsson.scheduler.compatibility.HsqlCompatibilityTest.test_compatibility_output_1590445312,1590447046,1590445689,1357
251-nods-found-batch-output,JON_188_idf_sha_nods_p2_r100_t518400_5M_25d_17h_21m_48s_kagkarlsson.db-scheduler-4a8a28e=com.github.kagkarlsson.scheduler.SchedulerTest.scheduler_should_execute_rescheduled_task_when_exactly_due_output_1590445312,1590446121,1590445769,352
251-nods-found-batch-output,JON_188_idf_sha_nods_p2_r100_t518400_5M_25d_17h_21m_48s_knightliao.disconf-2ac5c82=com.baidu.disconf.client.test.DisconfMgrTestCase.demo_output_1590445312,1590445810,1590445766,44
251-nods-found-batch-output,JON_188_idf_sha_nods_p2_r100_t518400_5M_25d_17h_21m_48s_lcw2004.one-7b9b249=com.lcw.one.main.EmailServiceTest.sendEmailList_output_1590445312,1590446399,1590445722,677
251-nods-found-batch-output,JON_188_idf_sha_nods_p2_r100_t518400_5M_25d_17h_21m_48s_logzio.sawmill-e493c2e=io.logz.sawmill.PipelineExecutorTest.testOnSuccessPipelineExecution_output_1590445312,1590445749,1590445723,26
251-nods-found-batch-output,JON_188_idf_sha_nods_p2_r100_t518400_5M_25d_17h_21m_48s_logzio.sawmill-e493c2e=io.logz.sawmill.PipelineExecutorTest.testWarnLongProcessingExecution_output_1590445312,1590445772,1590445739,33
251-nods-found-batch-output,JON_188_idf_sha_nods_p2_r100_t518400_5M_25d_17h_21m_48s_logzio.sawmill-e493c2e=io.logz.sawmill.processors.ConvertFieldProcessorTest.testConvertToBoolean_output_1590445312,1590445570,1590445547,23
251-nods-found-batch-output,JON_188_idf_sha_nods_p2_r100_t518400_5M_25d_17h_21m_48s_marcosbarbero.spring-cloud-zuul-ratelimit-ae9603f=com.marcosbarbero.tests.it.Bucket4jInfinispanApplicationTestIT.testExceedingQuotaCapacityRequest_output_1590445312,1590447799,1590445764,2035
251-nods-found-batch-output,JON_188_idf_sha_nods_p2_r100_t518400_5M_25d_17h_21m_48s_nationalsecurityagency.timely-3a8cbd3=timely.store.iterators.TimeSeriesGroupingIteratorTest.testMultipleTimeSeriesMovingAverage_output_1590445312,1590446890,1590445764,1126
251-nods-found-batch-output,JON_188_idf_sha_nods_p2_r100_t518400_5M_25d_17h_21m_48s_odrotbohm.sos-d4ed68a=example.sos.modulith.orders.EmailNotificationTest.completingAnOrderUpdatesInventory_output_1590445312,1590446524,1590445750,774
251-nods-found-batch-output,JON_188_idf_sha_nods_p2_r100_t518400_5M_25d_17h_21m_48s_openpojo.openpojo-9badbcc=com.openpojo.reflection.impl.PojoClassImplTest.shouldCreateInstanceOnAbstract_output_1590445312,1590446874,1590445758,1116
251-nods-found-batch-output,JON_188_idf_sha_nods_p2_r100_t518400_5M_25d_17h_21m_48s_oracle.oci-java-sdk-2e9982f=com.oracle.bmc.objectstorage.transfer.ProgressTrackerTest.multipartUploadProgressTrackerFactory_simulateRealLifeScenario_output_1590445312,1590446499,1590445769,730
251-nods-found-batch-output,JON_188_idf_sha_nods_p2_r100_t518400_5M_25d_17h_21m_48s_orbit.orbit-c4904af=cloud.orbit.actors.extensions.test.LengthFieldHandlerTest.randomMessages_output_1590445312,1590446002,1590445556,446
251-nods-found-batch-output,JON_188_idf_sha_nods_p2_r100_t518400_5M_25d_17h_21m_48s_oryxproject.oryx-72ae4bb=com.cloudera.oryx.common.io.IOUtilsTest.testDistinctFreePorts_output_1590445312,1590446299,1590445775,524
251-nods-found-batch-output,JON_188_idf_sha_nods_p2_r100_t518400_5M_25d_17h_21m_48s_outbrain.aletheia-024a4b7=com.outbrain.aletheia.SampleDomainClassDatumTest.test_avro_route_output_1590445312,1590446256,1590445769,487
251-nods-found-batch-output,JON_188_idf_sha_nods_p2_r100_t518400_5M_25d_17h_21m_48s_outbrain.aletheia-024a4b7=com.outbrain.aletheia.SampleDomainClassDatumTest.testDatumRoutes_output_1590445312,1590446309,1590445775,534
251-nods-found-batch-output,JON_188_idf_sha_nods_p2_r100_t518400_5M_25d_17h_21m_48s_outbrain.aletheia-024a4b7=com.outbrain.aletheia.SampleDomainClassDatumTest.test_json_route_output_1590445312,1590446288,1590445772,516
251-nods-found-batch-output,JON_188_idf_sha_nods_p2_r100_t518400_5M_25d_17h_21m_48s_outbrain.aletheia-024a4b7=com.outbrain.aletheia.SampleDomainClassDatumTest.test_multiple_routes_output_1590445312,1590446205,1590445777,428
251-nods-found-batch-output,JON_188_idf_sha_nods_p2_r100_t518400_5M_25d_17h_21m_48s_pippo-java.pippo-ae898b6=ro.pippo.session.jedis.JedisSessionDataStorageTest.testDelete_output_1590445312,1590446130,1590445787,343
251-nods-found-batch-output,JON_188_idf_sha_nods_p2_r100_t518400_5M_25d_17h_21m_48s_pippo-java.pippo-ae898b6=ro.pippo.session.mongodb.MongoDBSessionDataStorageTest.testCreate_output_1590445312,1590446262,1590445791,471
251-nods-found-batch-output,JON_188_idf_sha_nods_p2_r100_t518400_5M_25d_17h_21m_48s_pippo-java.pippo-ae898b6=ro.pippo.session.mongodb.MongoDBSessionDataStorageTest.testDelete_output_1590445312,1590446259,1590445789,470
251-nods-found-batch-output,JON_188_idf_sha_nods_p2_r100_t518400_5M_25d_17h_21m_48s_pippo-java.pippo-ae898b6=ro.pippo.session.mongodb.MongoDBSessionDataStorageTest.testGet_output_1590445312,1590446237,1590445787,450
251-nods-found-batch-output,JON_188_idf_sha_nods_p2_r100_t518400_5M_25d_17h_21m_48s_pippo-java.pippo-ae898b6=ro.pippo.session.mongodb.MongoDBSessionDataStorageTest.testSave_output_1590445312,1590446276,1590445791,485
251-nods-found-batch-output,JON_188_idf_sha_nods_p2_r100_t518400_5M_25d_17h_21m_48s_ppiastucki.recast4j-01d478e=org.recast4j.detour.tilecache.TileCacheTest.testPerformance_output_1590445312,1590447866,1590445787,2079
251-nods-found-batch-output,JON_188_idf_sha_nods_p2_r100_t518400_5M_25d_17h_21m_48s_querydsl.querydsl-2bf234c=com.querydsl.hibernate.search.SearchQueryTest.count_output_1590445312,1590446958,1590445789,1169
251-nods-found-batch-output,JON_188_idf_sha_nods_p2_r100_t518400_5M_25d_17h_21m_48s_querydsl.querydsl-2bf234c=com.querydsl.hibernate.search.SearchQueryTest.listResults_output_1590445312,1590446990,1590445798,1192
251-nods-found-batch-output,JON_188_idf_sha_nods_p2_r100_t518400_5M_25d_17h_21m_48s_querydsl.querydsl-2bf234c=com.querydsl.hibernate.search.SearchQueryTest.paging_output_1590445312,1590446971,1590445796,1175
251-nods-found-batch-output,JON_188_idf_sha_nods_p2_r100_t518400_5M_25d_17h_21m_48s_spinn3r.noxy-d53a494=com.spinn3r.noxy.discovery.zookeeper.ZKTest.testBulkClusterJoining_output_1590445312,1590461820,1590445796,16024
251-nods-found-batch-output,JON_188_idf_sha_nods_p2_r100_t518400_5M_25d_17h_21m_48s_spinn3r.noxy-d53a494=com.spinn3r.noxy.discovery.zookeeper.ZKTest.testDiscoveryListener_output_1590445312,1590446438,1590445796,642
251-nods-found-batch-output,JON_188_idf_sha_nods_p2_r100_t518400_5M_25d_17h_21m_48s_spotify.helios-aebf68d=com.spotify.helios.testing.HeliosSoloDeploymentTest.testUndeployLeftoverJobs_output_1590445312,1590449176,1590445553,3623
251-nods-found-batch-output,JON_188_idf_sha_nods_p2_r100_t518400_5M_25d_17h_24m_48s_alibaba.fastjson-e05e9c5=com.alibaba.json.bvt.parser.deser.AbstractSerializeTest.test_mapping_1_output_1590445491,1590446242,1590445784,458
251-nods-found-batch-output,JON_188_idf_sha_nods_p2_r100_t518400_5M_25d_17h_24m_48s_alibaba.fastjson-e05e9c5=com.alibaba.json.bvt.parser.deser.AbstractSerializeTest.test_mapping_2_output_1590445491,1590446257,1590445792,465
251-nods-found-batch-output,JON_188_idf_sha_nods_p2_r100_t518400_5M_25d_17h_24m_48s_apache.hadoop-cc2babc=org.apache.hadoop.fs.http.server.TestHttpFSServer.testAllowSnapshot_output_1590445491,1590446077,1590445787,290
251-nods-found-batch-output,JON_188_idf_sha_nods_p2_r100_t518400_5M_25d_17h_24m_48s_apache.hadoop-cc2babc=org.apache.hadoop.fs.http.server.TestHttpFSServer.testCreateSnapshot_output_1590445491,1590446077,1590445795,282
251-nods-found-batch-output,JON_188_idf_sha_nods_p2_r100_t518400_5M_25d_17h_24m_48s_apache.hadoop-cc2babc=org.apache.hadoop.fs.http.server.TestHttpFSServer.testDelegationTokenOperationsSsl_output_1590445491,1590446085,1590445795,290
251-nods-found-batch-output,JON_188_idf_sha_nods_p2_r100_t518400_5M_25d_17h_24m_48s_apache.hadoop-cc2babc=org.apache.hadoop.fs.http.server.TestHttpFSServer.testDirAcls_output_1590445491,1590446084,1590445804,280
251-nods-found-batch-output,JON_188_idf_sha_nods_p2_r100_t518400_5M_25d_17h_24m_48s_apache.hadoop-cc2babc=org.apache.hadoop.fs.http.server.TestHttpFSServer.testDisallowSnapshotException_output_1590445491,1590446081,1590445803,278
251-nods-found-batch-output,JON_188_idf_sha_nods_p2_r100_t518400_5M_25d_17h_24m_48s_apache.hadoop-cc2babc=org.apache.hadoop.fs.http.server.TestHttpFSServer.testDisallowSnapshot_output_1590445491,1590446095,1590445804,291
251-nods-found-batch-output,JON_188_idf_sha_nods_p2_r100_t518400_5M_25d_17h_24m_48s_apache.hadoop-cc2babc=org.apache.hadoop.fs.http.server.TestHttpFSServer.testGetSnapshotDiffIllegalParam_output_1590445491,1590446088,1590445804,284
251-nods-found-batch-output,JON_188_idf_sha_nods_p2_r100_t518400_5M_25d_17h_24m_48s_apache.hadoop-cc2babc=org.apache.hadoop.lib.service.hadoop.TestFileSystemAccessService.fileSystemCache_output_1590445491,1590446087,1590445807,280
251-nods-found-batch-output,JON_188_idf_sha_nods_p2_r100_t518400_5M_25d_17h_24m_48s_apache.hadoop-cc2babc=org.apache.hadoop.lib.service.hadoop.TestFileSystemAccessService.fileSystemExecutor_output_1590445491,1590446097,1590445807,290
251-nods-found-batch-output,JON_188_idf_sha_nods_p2_r100_t518400_5M_25d_17h_24m_48s_apache.hadoop-cc2babc=org.apache.hadoop.lib.servlet.TestServerWebApp.getHomeDirNotDef_output_1590445491,1590446091,1590445807,284
251-nods-found-batch-output,JON_188_idf_sha_nods_p2_r100_t518400_5M_25d_17h_24m_48s_apache.hadoop-cc2babc=org.apache.hadoop.registry.client.impl.TestCuratorService.testRM_output_1590445491,1590446066,1590445787,279
251-nods-found-batch-output,JON_188_idf_sha_nods_p2_r100_t518400_5M_25d_17h_24m_48s_apache.hadoop-cc2babc=org.apache.hadoop.registry.secure.TestSecureLogins.testDefaultRealmValid_output_1590445491,1590446091,1590445807,284
251-nods-found-batch-output,JON_188_idf_sha_nods_p2_r100_t518400_5M_25d_17h_24m_48s_apache.hadoop-cc2babc=org.apache.hadoop.registry.secure.TestSecureLogins.testUGILogin_output_1590445491,1590446094,1590445807,287
251-nods-found-batch-output,JON_188_idf_sha_nods_p2_r100_t518400_5M_25d_17h_24m_48s_apache.hadoop-cc2babc=org.apache.hadoop.yarn.server.timelineservice.reader.TestTimelineReaderWebServices.testGetEntityDefaultView_output_1590445491,1590446100,1590445807,293
251-nods-found-batch-output,JON_188_idf_sha_nods_p2_r100_t518400_5M_25d_17h_24m_48s_apache.hadoop-cc2babc=org.apache.hadoop.yarn.server.timeline.TestEntityGroupFSTimelineStore.testGetEntityPluginRead_output_1590445491,1590446081,1590445807,274
251-nods-found-batch-output,JON_188_idf_sha_nods_p2_r100_t518400_5M_25d_17h_24m_48s_apache.hadoop-cc2babc=org.apache.hadoop.yarn.server.timeline.TestEntityGroupFSTimelineStore.testMoveToDone_output_1590445491,1590446060,1590445808,252
251-nods-found-batch-output,JON_188_idf_sha_nods_p2_r100_t518400_5M_25d_17h_24m_48s_apache.hadoop-cc2babc=org.apache.hadoop.yarn.server.timeline.TestEntityGroupFSTimelineStore.testParseSummaryLogs_output_1590445491,1590446096,1590445810,286
251-nods-found-batch-output,JON_188_idf_sha_nods_p2_r100_t518400_5M_25d_17h_24m_48s_apache.hadoop-cc2babc=org.apache.hadoop.yarn.server.timeline.TestLogInfo.testParseBrokenEntity_output_1590445491,1590446094,1590445810,284
251-nods-found-batch-output,JON_188_idf_sha_nods_p2_r100_t518400_5M_25d_17h_24m_48s_apache.hadoop-cc2babc=org.apache.hadoop.yarn.server.timeline.TestLogInfo.testParseEntity_output_1590445491,1590446095,1590445810,285
251-nods-found-batch-output,JON_188_idf_sha_nods_p2_r100_t518400_5M_25d_17h_24m_48s_apache.hbase-801fc05=org.apache.hadoop.hbase.procedure2.TestProcedureSkipPersistence.test_output_1590445491,1590447197,1590445810,1387
251-nods-found-batch-output,JON_188_idf_sha_nods_p2_r100_t518400_5M_25d_17h_24m_48s_apache.incubator-dubbo-737f7a7=org.apache.dubbo.remoting.exchange.support.header.HeartbeatHandlerTest.testHeartbeat_output_1590445491,1590447696,1590445811,1885
251-nods-found-batch-output,JON_188_idf_sha_nods_p2_r100_t518400_5M_25d_17h_24m_48s_apache.incubator-dubbo-737f7a7=org.apache.dubbo.rpc.protocol.dubbo.DubboLazyConnectTest.testSticky1_output_1590445491,1590446705,1590445795,910
251-nods-found-batch-output,JON_188_idf_sha_nods_p2_r100_t518400_5M_25d_17h_24m_48s_apache.incubator-dubbo-737f7a7=org.apache.dubbo.rpc.protocol.dubbo.DubboProtocolTest.testDemoProtocol_output_1590445491,1590446819,1590445811,1008
251-nods-found-batch-output,JON_188_idf_sha_nods_p2_r100_t518400_5M_25d_17h_24m_48s_apache.incubator-dubbo-737f7a7=org.apache.dubbo.rpc.protocol.dubbo.DubboProtocolTest.testNonSerializedParameter_output_1590445491,1590446867,1590445813,1054
251-nods-found-batch-output,JON_188_idf_sha_nods_p2_r100_t518400_5M_25d_17h_24m_48s_apache.incubator-dubbo-737f7a7=org.apache.dubbo.rpc.protocol.dubbo.DubboProtocolTest.testPerm_output_1590445491,1590446974,1590445813,1161
251-nods-found-batch-output,JON_188_idf_sha_nods_p2_r100_t518400_5M_25d_17h_24m_48s_apache.incubator-dubbo-737f7a7=org.apache.dubbo.rpc.protocol.dubbo.DubboProtocolTest.testReturnNonSerialized_output_1590445491,1590446773,1590445816,957
251-nods-found-batch-output,JON_188_idf_sha_nods_p2_r100_t518400_5M_25d_17h_24m_48s_apache.incubator-dubbo-737f7a7=org.apache.dubbo.rpc.protocol.dubbo.MultiThreadTest.testDubboMultiThreadInvoke_output_1590445491,1590447163,1590445816,1347
251-nods-found-batch-output,JON_188_idf_sha_nods_p2_r100_t518400_5M_25d_17h_24m_48s_apache.incubator-dubbo-737f7a7=org.apache.dubbo.rpc.protocol.dubbo.telnet.ChangeTelnetHandlerTest.testChangePath_output_1590445491,1590446859,1590445819,1040
251-nods-found-batch-output,JON_188_idf_sha_nods_p2_r100_t518400_5M_25d_17h_24m_48s_apache.incubator-dubbo-737f7a7=org.apache.dubbo.rpc.protocol.dubbo.telnet.ListTelnetHandlerTest.testList_output_1590445491,1590446862,1590445813,1049
251-nods-found-batch-output,JON_188_idf_sha_nods_p2_r100_t518400_5M_25d_17h_24m_48s_apache.incubator-dubbo-737f7a7=org.apache.dubbo.rpc.protocol.dubbo.telnet.ListTelnetHandlerTest.testListService_output_1590445491,1590446871,1590445820,1051
251-nods-found-batch-output,JON_188_idf_sha_nods_p2_r100_t518400_5M_25d_17h_24m_48s_apache.incubator-dubbo-737f7a7=org.apache.dubbo.rpc.protocol.http.HttpProtocolTest.testGenericInvokeWithNativeJava_output_1590445491,1590446791,1590445798,993
251-nods-found-batch-output,JON_188_idf_sha_nods_p2_r100_t518400_5M_25d_17h_24m_48s_apache.incubator-dubbo-737f7a7=org.apache.dubbo.rpc.protocol.http.HttpProtocolTest.testTimeOut_output_1590445491,1590446775,1590445824,951
251-nods-found-batch-output,JON_188_idf_sha_nods_p2_r100_t518400_5M_25d_17h_24m_48s_apereo.java-cas-client-574b74f=org.jasig.cas.client.validation.AssertionImplTests.testAssertionValidity_output_1590445491,1590445848,1590445820,28
251-nods-found-batch-output,JON_188_idf_sha_nods_p2_r100_t518400_5M_25d_17h_24m_48s_c2mon.c2mon-d80687b=cern.c2mon.daq.filter.dynamic.DiffTimeDeadbandActivatorTest.testNoActivationOnFirstRecord_output_1590445491,1590446237,1590445830,407
251-nods-found-batch-output,JON_188_idf_sha_nods_p2_r100_t518400_5M_25d_17h_24m_48s_c2mon.c2mon-d80687b=cern.c2mon.server.common.republisher.RepublisherImplTest.testMultipleExceptions_output_1590445491,1590446339,1590445827,512
251-nods-found-batch-output,JON_188_idf_sha_nods_p2_r100_t518400_5M_25d_17h_24m_48s_cescoffier.vertx-completable-future-011d3cd=me.escoffier.vertx.completablefuture.VertxCompletableFutureTest.testAcceptEitherAsyncWithExecutor_output_1590445491,1590446268,1590445827,441
251-nods-found-batch-output,JON_188_idf_sha_nods_p2_r100_t518400_5M_25d_17h_24m_48s_codingchili.excelastic-6bb7884=com.codingchili.TestWriter.shouldWriteToElasticPort_output_1590445491,1590446391,1590445830,561
251-nods-found-batch-output,JON_188_idf_sha_nods_p2_r100_t518400_5M_25d_17h_24m_48s_crawlscript.webcollector-016b61a=cn.edu.hfut.dmic.webcollector.util.OkHttpRequesterTest.testHttpCode_output_1590445491,1590445871,1590445827,44
251-nods-found-batch-output,JON_188_idf_sha_nods_p2_r100_t518400_5M_25d_17h_24m_48s_davidmoten.rxjava2-extras-d0315b6=com.github.davidmoten.rx2.internal.flowable.FlowableServerSocketTest.testLoad_output_1590445491,1590447511,1590445832,1679
251-nods-found-batch-output,JON_188_idf_sha_nods_p2_r100_t518400_5M_25d_17h_24m_48s_doanduyhai.achilles-e3099bd=info.archinnov.achilles.embedded.PortFinderTest.try_to_find_first_port_output_1590445491,1590445839,1590445830,9
251-nods-found-batch-output,JON_188_idf_sha_nods_p2_r100_t518400_5M_25d_17h_24m_48s_dropwizard.dropwizard-07dfaed=io.dropwizard.logging.DefaultLoggingFactoryTest.testConfigure_output_1590445491,1590445879,1590445816,63
251-nods-found-batch-output,JON_188_idf_sha_nods_p2_r100_t518400_5M_25d_17h_24m_48s_eclipse-ee4j.tyrus-d86e0cb=org.glassfish.tyrus.test.e2e.non_deployable.ServerExecutorsManagementTest.testExecutorServicesGetClosed_output_1590445491,1590446408,1590445834,574
251-nods-found-batch-output,JON_188_idf_sha_nods_p2_r100_t518400_5M_25d_17h_24m_48s_elasticjob.elastic-job-lite-b022898=io.elasticjob.lite.event.rdb.JobEventRdbSearchTest.assertFindJobExecutionEventsWithTime_output_1590445491,1590446294,1590445832,462
251-nods-found-batch-output,JON_188_idf_sha_nods_p2_r100_t518400_5M_25d_17h_24m_48s_elasticjob.elastic-job-lite-b022898=io.elasticjob.lite.lifecycle.api.JobAPIFactoryTest.assertCreateJobStatisticsAPI_output_1590445491,1590446436,1590445832,604
251-nods-found-batch-output,JON_188_idf_sha_nods_p2_r100_t518400_5M_25d_17h_24m_48s_elasticjob.elastic-job-lite-b022898=io.elasticjob.lite.lifecycle.api.JobAPIFactoryTest.assertCreateServerStatisticsAPI_output_1590445491,1590446444,1590445832,612
251-nods-found-batch-output,JON_188_idf_sha_nods_p2_r100_t518400_5M_25d_17h_24m_48s_elasticjob.elastic-job-lite-b022898=io.elasticjob.lite.spring.job.JobSpringNamespaceWithEventTraceRdbTest.assertSpringJobBean_output_1590445491,1590450075,1590445836,4239
251-nods-found-batch-output,JON_188_idf_sha_nods_p2_r100_t518400_5M_25d_17h_24m_48s_elasticjob.elastic-job-lite-b022898=io.elasticjob.lite.spring.job.JobSpringNamespaceWithListenerAndJdkDynamicProxyTest.assertSpringJobBean_output_1590445491,1590450057,1590445834,4223
251-nods-found-batch-output,JON_188_idf_sha_nods_p2_r100_t518400_5M_25d_17h_24m_48s_elasticjob.elastic-job-lite-b022898=io.elasticjob.lite.spring.job.JobSpringNamespaceWithoutListenerTest.assertSpringJobBean_output_1590445491,1590450068,1590445834,4234
251-nods-found-batch-output,JON_188_idf_sha_nods_p2_r100_t518400_5M_25d_17h_24m_48s_espertechinc.esper-590fa9c=com.espertech.esper.example.rfidassetzone.TestLRMovingSimMain.testSim_output_1590445491,1590447033,1590445834,1199
251-nods-found-batch-output,JON_188_idf_sha_nods_p2_r100_t518400_5M_25d_17h_24m_48s_feroult.yawp-b3bcf9c=io.yawp.testing.appengine.pipes.flow.FlowDropsTest.testFlowDropsToSameSink_output_1590445491,1590446539,1590445838,701
251-nods-found-batch-output,JON_188_idf_sha_nods_p2_r100_t518400_5M_25d_17h_24m_48s_flaxsearch.luwak-c27ec08=uk.co.flax.luwak.matchers.TestParallelMatcher.testParallelSlowLog_output_1590445491,1590446290,1590445840,450
251-nods-found-batch-output,JON_188_idf_sha_nods_p2_r100_t518400_5M_25d_17h_24m_48s_flaxsearch.luwak-c27ec08=uk.co.flax.luwak.matchers.TestPartitionMatcher.testParallelSlowLog_output_1590445491,1590446220,1590445805,415
251-nods-found-batch-output,JON_188_idf_sha_nods_p2_r100_t518400_5M_25d_17h_24m_48s_fluent.fluent-logger-java-da14ec3=org.fluentd.logger.TestFluentLogger.testReconnection_output_1590445491,1590446969,1590445807,1162
251-nods-found-batch-output,JON_188_idf_sha_nods_p2_r100_t518400_5M_25d_17h_24m_48s_fromage.redpipe-0aff891=net.redpipe.discovery.DiscoveryTest.checkWebClient_output_1590445491,1590446383,1590445840,543
251-nods-found-batch-output,JON_188_idf_sha_nods_p2_r100_t518400_5M_25d_17h_24m_48s_fromage.redpipe-0aff891=net.redpipe.engine.swagger.SwaggerApiTest.checkSwagger_output_1590445491,1590446456,1590445840,616
251-nods-found-batch-output,JON_188_idf_sha_nods_p2_r100_t518400_5M_25d_17h_24m_48s_javadelight.delight-nashorn-sandbox-da35edc=delight.nashornsandbox.TestGetFunction.test_output_1590445491,1590446386,1590445845,541
251-nods-found-batch-output,JON_188_idf_sha_nods_p2_r100_t518400_5M_25d_17h_24m_48s_javadelight.delight-nashorn-sandbox-da35edc=delight.nashornsandbox.TestMemoryLimit.test_no_abuse_output_1590445491,1590446400,1590445840,560
251-nods-found-batch-output,JON_188_idf_sha_nods_p2_r100_t518400_5M_25d_17h_24m_48s_kagkarlsson.db-scheduler-4a8a28e=com.github.kagkarlsson.scheduler.compatibility.HsqlCompatibilityTest.test_compatibility_output_1590445491,1590447305,1590445845,1460
251-nods-found-batch-output,JON_188_idf_sha_nods_p2_r100_t518400_5M_25d_17h_24m_48s_kagkarlsson.db-scheduler-4a8a28e=com.github.kagkarlsson.scheduler.SchedulerTest.scheduler_should_execute_rescheduled_task_when_exactly_due_output_1590445491,1590446164,1590445841,323
251-nods-found-batch-output,JON_188_idf_sha_nods_p2_r100_t518400_5M_25d_17h_24m_48s_knightliao.disconf-2ac5c82=com.baidu.disconf.client.test.DisconfMgrTestCase.demo_output_1590445491,1590445887,1590445845,42
251-nods-found-batch-output,JON_188_idf_sha_nods_p2_r100_t518400_5M_25d_17h_24m_48s_lcw2004.one-7b9b249=com.lcw.one.main.EmailServiceTest.sendEmailList_output_1590445491,1590446519,1590445841,678
251-nods-found-batch-output,JON_188_idf_sha_nods_p2_r100_t518400_5M_25d_17h_24m_48s_logzio.sawmill-e493c2e=io.logz.sawmill.PipelineExecutorTest.testOnSuccessPipelineExecution_output_1590445491,1590445870,1590445840,30
251-nods-found-batch-output,JON_188_idf_sha_nods_p2_r100_t518400_5M_25d_17h_24m_48s_logzio.sawmill-e493c2e=io.logz.sawmill.PipelineExecutorTest.testWarnLongProcessingExecution_output_1590445491,1590445876,1590445847,29
251-nods-found-batch-output,JON_188_idf_sha_nods_p2_r100_t518400_5M_25d_17h_24m_48s_logzio.sawmill-e493c2e=io.logz.sawmill.processors.ConvertFieldProcessorTest.testConvertToBoolean_output_1590445491,1590445806,1590445782,24
251-nods-found-batch-output,JON_188_idf_sha_nods_p2_r100_t518400_5M_25d_17h_24m_48s_marcosbarbero.spring-cloud-zuul-ratelimit-ae9603f=com.marcosbarbero.tests.it.Bucket4jInfinispanApplicationTestIT.testExceedingQuotaCapacityRequest_output_1590445491,1590448107,1590445845,2262
251-nods-found-batch-output,JON_188_idf_sha_nods_p2_r100_t518400_5M_25d_17h_24m_48s_nationalsecurityagency.timely-3a8cbd3=timely.store.iterators.TimeSeriesGroupingIteratorTest.testMultipleTimeSeriesMovingAverage_output_1590445491,1590447123,1590445841,1282
251-nods-found-batch-output,JON_188_idf_sha_nods_p2_r100_t518400_5M_25d_17h_24m_48s_odrotbohm.sos-d4ed68a=example.sos.modulith.orders.EmailNotificationTest.completingAnOrderUpdatesInventory_output_1590445491,1590446895,1590445854,1041
251-nods-found-batch-output,JON_188_idf_sha_nods_p2_r100_t518400_5M_25d_17h_24m_48s_openpojo.openpojo-9badbcc=com.openpojo.reflection.impl.PojoClassImplTest.shouldCreateInstanceOnAbstract_output_1590445491,1590446956,1590445851,1105
251-nods-found-batch-output,JON_188_idf_sha_nods_p2_r100_t518400_5M_25d_17h_24m_48s_oracle.oci-java-sdk-2e9982f=com.oracle.bmc.objectstorage.transfer.ProgressTrackerTest.multipartUploadProgressTrackerFactory_simulateRealLifeScenario_output_1590445491,1590446721,1590445854,867
251-nods-found-batch-output,JON_188_idf_sha_nods_p2_r100_t518400_5M_25d_17h_24m_48s_orbit.orbit-c4904af=cloud.orbit.actors.extensions.test.LengthFieldHandlerTest.randomMessages_output_1590445491,1590446379,1590445854,525
251-nods-found-batch-output,JON_188_idf_sha_nods_p2_r100_t518400_5M_25d_17h_24m_48s_oryxproject.oryx-72ae4bb=com.cloudera.oryx.common.io.IOUtilsTest.testDistinctFreePorts_output_1590445491,1590446450,1590445854,596
251-nods-found-batch-output,JON_188_idf_sha_nods_p2_r100_t518400_5M_25d_17h_24m_48s_outbrain.aletheia-024a4b7=com.outbrain.aletheia.SampleDomainClassDatumTest.test_avro_route_output_1590445491,1590446402,1590445849,553
251-nods-found-batch-output,JON_188_idf_sha_nods_p2_r100_t518400_5M_25d_17h_24m_48s_outbrain.aletheia-024a4b7=com.outbrain.aletheia.SampleDomainClassDatumTest.testDatumRoutes_output_1590445491,1590446476,1590445854,622
251-nods-found-batch-output,JON_188_idf_sha_nods_p2_r100_t518400_5M_25d_17h_24m_48s_outbrain.aletheia-024a4b7=com.outbrain.aletheia.SampleDomainClassDatumTest.test_json_route_output_1590445491,1590446517,1590445851,666
251-nods-found-batch-output,JON_188_idf_sha_nods_p2_r100_t518400_5M_25d_17h_24m_48s_outbrain.aletheia-024a4b7=com.outbrain.aletheia.SampleDomainClassDatumTest.test_multiple_routes_output_1590445491,1590446447,1590445848,599
251-nods-found-batch-output,JON_188_idf_sha_nods_p2_r100_t518400_5M_25d_17h_24m_48s_pippo-java.pippo-ae898b6=ro.pippo.session.jedis.JedisSessionDataStorageTest.testDelete_output_1590445491,1590446267,1590445854,413
251-nods-found-batch-output,JON_188_idf_sha_nods_p2_r100_t518400_5M_25d_17h_24m_48s_pippo-java.pippo-ae898b6=ro.pippo.session.mongodb.MongoDBSessionDataStorageTest.testCreate_output_1590445491,1590446329,1590445851,478
251-nods-found-batch-output,JON_188_idf_sha_nods_p2_r100_t518400_5M_25d_17h_24m_48s_pippo-java.pippo-ae898b6=ro.pippo.session.mongodb.MongoDBSessionDataStorageTest.testDelete_output_1590445491,1590446326,1590445848,478
251-nods-found-batch-output,JON_188_idf_sha_nods_p2_r100_t518400_5M_25d_17h_24m_48s_pippo-java.pippo-ae898b6=ro.pippo.session.mongodb.MongoDBSessionDataStorageTest.testGet_output_1590445491,1590446331,1590445851,480
251-nods-found-batch-output,JON_188_idf_sha_nods_p2_r100_t518400_5M_25d_17h_24m_48s_pippo-java.pippo-ae898b6=ro.pippo.session.mongodb.MongoDBSessionDataStorageTest.testSave_output_1590445491,1590446324,1590445848,476
251-nods-found-batch-output,JON_188_idf_sha_nods_p2_r100_t518400_5M_25d_17h_24m_48s_ppiastucki.recast4j-01d478e=org.recast4j.detour.tilecache.TileCacheTest.testPerformance_output_1590445491,1590448059,1590445857,2202
251-nods-found-batch-output,JON_188_idf_sha_nods_p2_r100_t518400_5M_25d_17h_24m_48s_querydsl.querydsl-2bf234c=com.querydsl.hibernate.search.SearchQueryTest.count_output_1590445491,1590447082,1590445854,1228
251-nods-found-batch-output,JON_188_idf_sha_nods_p2_r100_t518400_5M_25d_17h_24m_48s_querydsl.querydsl-2bf234c=com.querydsl.hibernate.search.SearchQueryTest.listResults_output_1590445491,1590447239,1590445848,1391
251-nods-found-batch-output,JON_188_idf_sha_nods_p2_r100_t518400_5M_25d_17h_24m_48s_querydsl.querydsl-2bf234c=com.querydsl.hibernate.search.SearchQueryTest.paging_output_1590445491,1590447223,1590445857,1366
251-nods-found-batch-output,JON_188_idf_sha_nods_p2_r100_t518400_5M_25d_17h_24m_48s_spinn3r.noxy-d53a494=com.spinn3r.noxy.discovery.zookeeper.ZKTest.testBulkClusterJoining_output_1590445491,1590457764,1590445857,11907
251-nods-found-batch-output,JON_188_idf_sha_nods_p2_r100_t518400_5M_25d_17h_24m_48s_spinn3r.noxy-d53a494=com.spinn3r.noxy.discovery.zookeeper.ZKTest.testDiscoveryListener_output_1590445491,1590446510,1590445807,703
251-nods-found-batch-output,JON_188_idf_sha_nods_p2_r100_t518400_5M_25d_17h_24m_48s_spotify.helios-aebf68d=com.spotify.helios.testing.HeliosSoloDeploymentTest.testUndeployLeftoverJobs_output_1590445491,1590449588,1590445784,3804
251-nods-found-batch-output,JON_188_idf_sha_nods_p2_r100_t518400_5M_25d_17h_27m_48s_alibaba.fastjson-e05e9c5=com.alibaba.json.bvt.parser.deser.AbstractSerializeTest.test_mapping_1_output_1590445671,1590446387,1590445977,410
251-nods-found-batch-output,JON_188_idf_sha_nods_p2_r100_t518400_5M_25d_17h_27m_48s_alibaba.fastjson-e05e9c5=com.alibaba.json.bvt.parser.deser.AbstractSerializeTest.test_mapping_2_output_1590445671,1590446404,1590445986,418
251-nods-found-batch-output,JON_188_idf_sha_nods_p2_r100_t518400_5M_25d_17h_27m_48s_apache.hadoop-cc2babc=org.apache.hadoop.fs.http.server.TestHttpFSServer.testAllowSnapshot_output_1590445671,1590446258,1590445986,272
251-nods-found-batch-output,JON_188_idf_sha_nods_p2_r100_t518400_5M_25d_17h_27m_48s_apache.hadoop-cc2babc=org.apache.hadoop.fs.http.server.TestHttpFSServer.testCreateSnapshot_output_1590445671,1590446261,1590445984,277
251-nods-found-batch-output,JON_188_idf_sha_nods_p2_r100_t518400_5M_25d_17h_27m_48s_apache.hadoop-cc2babc=org.apache.hadoop.fs.http.server.TestHttpFSServer.testDelegationTokenOperationsSsl_output_1590445671,1590446257,1590445987,270
251-nods-found-batch-output,JON_188_idf_sha_nods_p2_r100_t518400_5M_25d_17h_27m_48s_apache.hadoop-cc2babc=org.apache.hadoop.fs.http.server.TestHttpFSServer.testDirAcls_output_1590445671,1590446266,1590445989,277
251-nods-found-batch-output,JON_188_idf_sha_nods_p2_r100_t518400_5M_25d_17h_27m_48s_apache.hadoop-cc2babc=org.apache.hadoop.fs.http.server.TestHttpFSServer.testDisallowSnapshotException_output_1590445671,1590446265,1590445992,273
251-nods-found-batch-output,JON_188_idf_sha_nods_p2_r100_t518400_5M_25d_17h_27m_48s_apache.hadoop-cc2babc=org.apache.hadoop.fs.http.server.TestHttpFSServer.testDisallowSnapshot_output_1590445671,1590446257,1590445986,271
251-nods-found-batch-output,JON_188_idf_sha_nods_p2_r100_t518400_5M_25d_17h_27m_48s_codingchili.excelastic-6bb7884=com.codingchili.TestWriter.shouldWriteToElasticPort_output_1590445671,1590446583,1590446010,573
251-nods-found-batch-output,JON_188_idf_sha_nods_p2_r100_t518400_5M_25d_17h_27m_48s_apache.hadoop-cc2babc=org.apache.hadoop.fs.http.server.TestHttpFSServer.testGetSnapshotDiffIllegalParam_output_1590445671,1590446241,1590445992,249
251-nods-found-batch-output,JON_188_idf_sha_nods_p2_r100_t518400_5M_25d_17h_27m_48s_apache.hadoop-cc2babc=org.apache.hadoop.lib.service.hadoop.TestFileSystemAccessService.fileSystemCache_output_1590445671,1590446270,1590445992,278
251-nods-found-batch-output,JON_188_idf_sha_nods_p2_r100_t518400_5M_25d_17h_27m_48s_apache.hadoop-cc2babc=org.apache.hadoop.lib.service.hadoop.TestFileSystemAccessService.fileSystemExecutor_output_1590445671,1590446276,1590445992,284
251-nods-found-batch-output,JON_188_idf_sha_nods_p2_r100_t518400_5M_25d_17h_27m_48s_apache.hadoop-cc2babc=org.apache.hadoop.lib.servlet.TestServerWebApp.getHomeDirNotDef_output_1590445671,1590446268,1590445992,276
251-nods-found-batch-output,JON_188_idf_sha_nods_p2_r100_t518400_5M_25d_17h_27m_48s_apache.hadoop-cc2babc=org.apache.hadoop.registry.client.impl.TestCuratorService.testRM_output_1590445671,1590446264,1590445989,275
251-nods-found-batch-output,JON_188_idf_sha_nods_p2_r100_t518400_5M_25d_17h_27m_48s_apache.hadoop-cc2babc=org.apache.hadoop.registry.secure.TestSecureLogins.testDefaultRealmValid_output_1590445671,1590446286,1590446007,279
251-nods-found-batch-output,JON_188_idf_sha_nods_p2_r100_t518400_5M_25d_17h_27m_48s_apache.hadoop-cc2babc=org.apache.hadoop.registry.secure.TestSecureLogins.testUGILogin_output_1590445671,1590446256,1590445989,267
251-nods-found-batch-output,JON_188_idf_sha_nods_p2_r100_t518400_5M_25d_17h_27m_48s_apache.hadoop-cc2babc=org.apache.hadoop.yarn.server.timelineservice.reader.TestTimelineReaderWebServices.testGetEntityDefaultView_output_1590445671,1590446269,1590445994,275
251-nods-found-batch-output,JON_188_idf_sha_nods_p2_r100_t518400_5M_25d_17h_27m_48s_apache.hadoop-cc2babc=org.apache.hadoop.yarn.server.timeline.TestEntityGroupFSTimelineStore.testGetEntityPluginRead_output_1590445671,1590446266,1590445992,274
251-nods-found-batch-output,JON_188_idf_sha_nods_p2_r100_t518400_5M_25d_17h_27m_48s_apache.hadoop-cc2babc=org.apache.hadoop.yarn.server.timeline.TestEntityGroupFSTimelineStore.testMoveToDone_output_1590445671,1590446269,1590445994,275
251-nods-found-batch-output,JON_188_idf_sha_nods_p2_r100_t518400_5M_25d_17h_27m_48s_apache.hadoop-cc2babc=org.apache.hadoop.yarn.server.timeline.TestEntityGroupFSTimelineStore.testParseSummaryLogs_output_1590445671,1590446282,1590446001,281
251-nods-found-batch-output,JON_188_idf_sha_nods_p2_r100_t518400_5M_25d_17h_27m_48s_apache.hadoop-cc2babc=org.apache.hadoop.yarn.server.timeline.TestLogInfo.testParseBrokenEntity_output_1590445671,1590446273,1590445992,281
251-nods-found-batch-output,JON_188_idf_sha_nods_p2_r100_t518400_5M_25d_17h_27m_48s_apache.hadoop-cc2babc=org.apache.hadoop.yarn.server.timeline.TestLogInfo.testParseEntity_output_1590445671,1590446287,1590446003,284
251-nods-found-batch-output,JON_188_idf_sha_nods_p2_r100_t518400_5M_25d_17h_27m_48s_apache.hbase-801fc05=org.apache.hadoop.hbase.procedure2.TestProcedureSkipPersistence.test_output_1590445671,1590447318,1590446000,1318
251-nods-found-batch-output,JON_188_idf_sha_nods_p2_r100_t518400_5M_25d_17h_27m_48s_apache.incubator-dubbo-737f7a7=org.apache.dubbo.remoting.exchange.support.header.HeartbeatHandlerTest.testHeartbeat_output_1590445671,1590447788,1590446001,1787
251-nods-found-batch-output,JON_188_idf_sha_nods_p2_r100_t518400_5M_25d_17h_27m_48s_apache.incubator-dubbo-737f7a7=org.apache.dubbo.rpc.protocol.dubbo.DubboLazyConnectTest.testSticky1_output_1590445671,1590446907,1590445997,910
251-nods-found-batch-output,JON_188_idf_sha_nods_p2_r100_t518400_5M_25d_17h_27m_48s_apache.incubator-dubbo-737f7a7=org.apache.dubbo.rpc.protocol.dubbo.DubboProtocolTest.testDemoProtocol_output_1590445671,1590446932,1590446000,932
251-nods-found-batch-output,JON_188_idf_sha_nods_p2_r100_t518400_5M_25d_17h_27m_48s_apache.incubator-dubbo-737f7a7=org.apache.dubbo.rpc.protocol.dubbo.DubboProtocolTest.testNonSerializedParameter_output_1590445671,1590446918,1590445994,924
251-nods-found-batch-output,JON_188_idf_sha_nods_p2_r100_t518400_5M_25d_17h_27m_48s_apache.incubator-dubbo-737f7a7=org.apache.dubbo.rpc.protocol.dubbo.DubboProtocolTest.testPerm_output_1590445671,1590447079,1590446004,1075
251-nods-found-batch-output,JON_188_idf_sha_nods_p2_r100_t518400_5M_25d_17h_27m_48s_apache.incubator-dubbo-737f7a7=org.apache.dubbo.rpc.protocol.dubbo.DubboProtocolTest.testReturnNonSerialized_output_1590445671,1590446942,1590445997,945
251-nods-found-batch-output,JON_188_idf_sha_nods_p2_r100_t518400_5M_25d_17h_27m_48s_apache.incubator-dubbo-737f7a7=org.apache.dubbo.rpc.protocol.dubbo.MultiThreadTest.testDubboMultiThreadInvoke_output_1590445671,1590447217,1590446006,1211
251-nods-found-batch-output,JON_188_idf_sha_nods_p2_r100_t518400_5M_25d_17h_27m_48s_apache.incubator-dubbo-737f7a7=org.apache.dubbo.rpc.protocol.dubbo.telnet.ChangeTelnetHandlerTest.testChangePath_output_1590445671,1590446914,1590446000,914
251-nods-found-batch-output,JON_188_idf_sha_nods_p2_r100_t518400_5M_25d_17h_27m_48s_apache.incubator-dubbo-737f7a7=org.apache.dubbo.rpc.protocol.dubbo.telnet.ListTelnetHandlerTest.testList_output_1590445671,1590446938,1590446001,937
251-nods-found-batch-output,JON_188_idf_sha_nods_p2_r100_t518400_5M_25d_17h_27m_48s_apache.incubator-dubbo-737f7a7=org.apache.dubbo.rpc.protocol.dubbo.telnet.ListTelnetHandlerTest.testListService_output_1590445671,1590447017,1590445994,1023
251-nods-found-batch-output,JON_188_idf_sha_nods_p2_r100_t518400_5M_25d_17h_27m_48s_apache.incubator-dubbo-737f7a7=org.apache.dubbo.rpc.protocol.http.HttpProtocolTest.testGenericInvokeWithNativeJava_output_1590445671,1590446921,1590446007,914
251-nods-found-batch-output,JON_188_idf_sha_nods_p2_r100_t518400_5M_25d_17h_27m_48s_apache.incubator-dubbo-737f7a7=org.apache.dubbo.rpc.protocol.http.HttpProtocolTest.testTimeOut_output_1590445671,1590446870,1590445998,872
251-nods-found-batch-output,JON_188_idf_sha_nods_p2_r100_t518400_5M_25d_17h_27m_48s_apereo.java-cas-client-574b74f=org.jasig.cas.client.validation.AssertionImplTests.testAssertionValidity_output_1590445671,1590446029,1590446000,29
251-nods-found-batch-output,JON_188_idf_sha_nods_p2_r100_t518400_5M_25d_17h_27m_48s_c2mon.c2mon-d80687b=cern.c2mon.daq.filter.dynamic.DiffTimeDeadbandActivatorTest.testNoActivationOnFirstRecord_output_1590445671,1590446372,1590446000,372
251-nods-found-batch-output,JON_188_idf_sha_nods_p2_r100_t518400_5M_25d_17h_27m_48s_c2mon.c2mon-d80687b=cern.c2mon.server.common.republisher.RepublisherImplTest.testMultipleExceptions_output_1590445671,1590446479,1590446007,472
251-nods-found-batch-output,JON_188_idf_sha_nods_p2_r100_t518400_5M_25d_17h_27m_48s_cescoffier.vertx-completable-future-011d3cd=me.escoffier.vertx.completablefuture.VertxCompletableFutureTest.testAcceptEitherAsyncWithExecutor_output_1590445671,1590446478,1590446010,468
251-nods-found-batch-output,JON_188_idf_sha_nods_p2_r100_t518400_5M_25d_17h_27m_48s_crawlscript.webcollector-016b61a=cn.edu.hfut.dmic.webcollector.util.OkHttpRequesterTest.testHttpCode_output_1590445671,1590446044,1590446007,37
251-nods-found-batch-output,JON_188_idf_sha_nods_p2_r100_t518400_5M_25d_17h_27m_48s_davidmoten.rxjava2-extras-d0315b6=com.github.davidmoten.rx2.internal.flowable.FlowableServerSocketTest.testLoad_output_1590445671,1590447602,1590446007,1595
251-nods-found-batch-output,JON_188_idf_sha_nods_p2_r100_t518400_5M_25d_17h_27m_48s_doanduyhai.achilles-e3099bd=info.archinnov.achilles.embedded.PortFinderTest.try_to_find_first_port_output_1590445671,1590446019,1590446010,9
251-nods-found-batch-output,JON_188_idf_sha_nods_p2_r100_t518400_5M_25d_17h_27m_48s_dropwizard.dropwizard-07dfaed=io.dropwizard.logging.DefaultLoggingFactoryTest.testConfigure_output_1590445671,1590446071,1590446010,61
251-nods-found-batch-output,JON_188_idf_sha_nods_p2_r100_t518400_5M_25d_17h_27m_48s_eclipse-ee4j.tyrus-d86e0cb=org.glassfish.tyrus.test.e2e.non_deployable.ServerExecutorsManagementTest.testExecutorServicesGetClosed_output_1590445671,1590446631,1590446010,621
251-nods-found-batch-output,JON_188_idf_sha_nods_p2_r100_t518400_5M_25d_17h_27m_48s_elasticjob.elastic-job-lite-b022898=io.elasticjob.lite.event.rdb.JobEventRdbSearchTest.assertFindJobExecutionEventsWithTime_output_1590445671,1590446500,1590446007,493
251-nods-found-batch-output,JON_188_idf_sha_nods_p2_r100_t518400_5M_25d_17h_27m_48s_elasticjob.elastic-job-lite-b022898=io.elasticjob.lite.lifecycle.api.JobAPIFactoryTest.assertCreateJobStatisticsAPI_output_1590445671,1590446615,1590446007,608
251-nods-found-batch-output,JON_188_idf_sha_nods_p2_r100_t518400_5M_25d_17h_27m_48s_elasticjob.elastic-job-lite-b022898=io.elasticjob.lite.lifecycle.api.JobAPIFactoryTest.assertCreateServerStatisticsAPI_output_1590445671,1590446626,1590446010,616
251-nods-found-batch-output,JON_188_idf_sha_nods_p2_r100_t518400_5M_25d_17h_27m_48s_elasticjob.elastic-job-lite-b022898=io.elasticjob.lite.spring.job.JobSpringNamespaceWithEventTraceRdbTest.assertSpringJobBean_output_1590445671,1590450242,1590446013,4229
251-nods-found-batch-output,JON_188_idf_sha_nods_p2_r100_t518400_5M_25d_17h_27m_48s_elasticjob.elastic-job-lite-b022898=io.elasticjob.lite.spring.job.JobSpringNamespaceWithListenerAndJdkDynamicProxyTest.assertSpringJobBean_output_1590445671,1590450247,1590446013,4234
251-nods-found-batch-output,JON_188_idf_sha_nods_p2_r100_t518400_5M_25d_17h_27m_48s_elasticjob.elastic-job-lite-b022898=io.elasticjob.lite.spring.job.JobSpringNamespaceWithoutListenerTest.assertSpringJobBean_output_1590445671,1590450318,1590446090,4228
251-nods-found-batch-output,JON_188_idf_sha_nods_p2_r100_t518400_5M_25d_17h_27m_48s_espertechinc.esper-590fa9c=com.espertech.esper.example.rfidassetzone.TestLRMovingSimMain.testSim_output_1590445671,1590447144,1590446022,1122
251-nods-found-batch-output,JON_188_idf_sha_nods_p2_r100_t518400_5M_25d_17h_27m_48s_feroult.yawp-b3bcf9c=io.yawp.testing.appengine.pipes.flow.FlowDropsTest.testFlowDropsToSameSink_output_1590445671,1590446720,1590446010,710
251-nods-found-batch-output,JON_188_idf_sha_nods_p2_r100_t518400_5M_25d_17h_27m_48s_flaxsearch.luwak-c27ec08=uk.co.flax.luwak.matchers.TestParallelMatcher.testParallelSlowLog_output_1590445671,1590446463,1590446013,450
251-nods-found-batch-output,JON_188_idf_sha_nods_p2_r100_t518400_5M_25d_17h_27m_48s_flaxsearch.luwak-c27ec08=uk.co.flax.luwak.matchers.TestPartitionMatcher.testParallelSlowLog_output_1590445671,1590446420,1590446013,407
251-nods-found-batch-output,JON_188_idf_sha_nods_p2_r100_t518400_5M_25d_17h_27m_48s_fluent.fluent-logger-java-da14ec3=org.fluentd.logger.TestFluentLogger.testReconnection_output_1590445671,1590447160,1590446010,1150
251-nods-found-batch-output,JON_188_idf_sha_nods_p2_r100_t518400_5M_25d_17h_27m_48s_fromage.redpipe-0aff891=net.redpipe.discovery.DiscoveryTest.checkWebClient_output_1590445671,1590446535,1590446013,522
251-nods-found-batch-output,JON_188_idf_sha_nods_p2_r100_t518400_5M_25d_17h_27m_48s_fromage.redpipe-0aff891=net.redpipe.engine.swagger.SwaggerApiTest.checkSwagger_output_1590445671,1590446583,1590446022,561
251-nods-found-batch-output,JON_188_idf_sha_nods_p2_r100_t518400_5M_25d_17h_27m_48s_javadelight.delight-nashorn-sandbox-da35edc=delight.nashornsandbox.TestGetFunction.test_output_1590445671,1590446602,1590446030,572
251-nods-found-batch-output,JON_188_idf_sha_nods_p2_r100_t518400_5M_25d_17h_27m_48s_javadelight.delight-nashorn-sandbox-da35edc=delight.nashornsandbox.TestMemoryLimit.test_no_abuse_output_1590445671,1590446645,1590446022,623
251-nods-found-batch-output,JON_188_idf_sha_nods_p2_r100_t518400_5M_25d_17h_27m_48s_kagkarlsson.db-scheduler-4a8a28e=com.github.kagkarlsson.scheduler.compatibility.HsqlCompatibilityTest.test_compatibility_output_1590445671,1590447434,1590446027,1407
251-nods-found-batch-output,JON_188_idf_sha_nods_p2_r100_t518400_5M_25d_17h_27m_48s_kagkarlsson.db-scheduler-4a8a28e=com.github.kagkarlsson.scheduler.SchedulerTest.scheduler_should_execute_rescheduled_task_when_exactly_due_output_1590445671,1590446388,1590446030,358
251-nods-found-batch-output,JON_188_idf_sha_nods_p2_r100_t518400_5M_25d_17h_27m_48s_knightliao.disconf-2ac5c82=com.baidu.disconf.client.test.DisconfMgrTestCase.demo_output_1590445671,1590446077,1590446036,41
251-nods-found-batch-output,JON_188_idf_sha_nods_p2_r100_t518400_5M_25d_17h_27m_48s_lcw2004.one-7b9b249=com.lcw.one.main.EmailServiceTest.sendEmailList_output_1590445671,1590446743,1590446039,704
251-nods-found-batch-output,JON_188_idf_sha_nods_p2_r100_t518400_5M_25d_17h_27m_48s_logzio.sawmill-e493c2e=io.logz.sawmill.PipelineExecutorTest.testOnSuccessPipelineExecution_output_1590445671,1590446063,1590446033,30
251-nods-found-batch-output,JON_188_idf_sha_nods_p2_r100_t518400_5M_25d_17h_27m_48s_logzio.sawmill-e493c2e=io.logz.sawmill.PipelineExecutorTest.testWarnLongProcessingExecution_output_1590445671,1590446061,1590446033,28
251-nods-found-batch-output,JON_188_idf_sha_nods_p2_r100_t518400_5M_25d_17h_27m_48s_logzio.sawmill-e493c2e=io.logz.sawmill.processors.ConvertFieldProcessorTest.testConvertToBoolean_output_1590445671,1590445987,1590445963,24
251-nods-found-batch-output,JON_188_idf_sha_nods_p2_r100_t518400_5M_25d_17h_27m_48s_marcosbarbero.spring-cloud-zuul-ratelimit-ae9603f=com.marcosbarbero.tests.it.Bucket4jInfinispanApplicationTestIT.testExceedingQuotaCapacityRequest_output_1590445671,1590448100,1590446060,2040
251-nods-found-batch-output,JON_188_idf_sha_nods_p2_r100_t518400_5M_25d_17h_27m_48s_nationalsecurityagency.timely-3a8cbd3=timely.store.iterators.TimeSeriesGroupingIteratorTest.testMultipleTimeSeriesMovingAverage_output_1590445671,1590447192,1590446033,1159
251-nods-found-batch-output,JON_188_idf_sha_nods_p2_r100_t518400_5M_25d_17h_27m_48s_odrotbohm.sos-d4ed68a=example.sos.modulith.orders.EmailNotificationTest.completingAnOrderUpdatesInventory_output_1590445671,1590446961,1590446048,913
251-nods-found-batch-output,JON_188_idf_sha_nods_p2_r100_t518400_5M_25d_17h_27m_48s_openpojo.openpojo-9badbcc=com.openpojo.reflection.impl.PojoClassImplTest.shouldCreateInstanceOnAbstract_output_1590445671,1590447220,1590446036,1184
251-nods-found-batch-output,JON_188_idf_sha_nods_p2_r100_t518400_5M_25d_17h_27m_48s_oracle.oci-java-sdk-2e9982f=com.oracle.bmc.objectstorage.transfer.ProgressTrackerTest.multipartUploadProgressTrackerFactory_simulateRealLifeScenario_output_1590445671,1590446915,1590446033,882
251-nods-found-batch-output,JON_188_idf_sha_nods_p2_r100_t518400_5M_25d_17h_27m_48s_orbit.orbit-c4904af=cloud.orbit.actors.extensions.test.LengthFieldHandlerTest.randomMessages_output_1590445671,1590446510,1590446060,450
251-nods-found-batch-output,JON_188_idf_sha_nods_p2_r100_t518400_5M_25d_17h_27m_48s_oryxproject.oryx-72ae4bb=com.cloudera.oryx.common.io.IOUtilsTest.testDistinctFreePorts_output_1590445671,1590446637,1590446045,592
251-nods-found-batch-output,JON_188_idf_sha_nods_p2_r100_t518400_5M_25d_17h_27m_48s_outbrain.aletheia-024a4b7=com.outbrain.aletheia.SampleDomainClassDatumTest.test_avro_route_output_1590445671,1590446582,1590446066,516
251-nods-found-batch-output,JON_188_idf_sha_nods_p2_r100_t518400_5M_25d_17h_27m_48s_outbrain.aletheia-024a4b7=com.outbrain.aletheia.SampleDomainClassDatumTest.testDatumRoutes_output_1590445671,1590446616,1590446042,574
251-nods-found-batch-output,JON_188_idf_sha_nods_p2_r100_t518400_5M_25d_17h_27m_48s_outbrain.aletheia-024a4b7=com.outbrain.aletheia.SampleDomainClassDatumTest.test_json_route_output_1590445671,1590446557,1590446039,518
251-nods-found-batch-output,JON_188_idf_sha_nods_p2_r100_t518400_5M_25d_17h_27m_48s_outbrain.aletheia-024a4b7=com.outbrain.aletheia.SampleDomainClassDatumTest.test_multiple_routes_output_1590445671,1590446591,1590446033,558
251-nods-found-batch-output,JON_188_idf_sha_nods_p2_r100_t518400_5M_25d_17h_27m_48s_pippo-java.pippo-ae898b6=ro.pippo.session.jedis.JedisSessionDataStorageTest.testDelete_output_1590445671,1590446451,1590446107,344
251-nods-found-batch-output,JON_188_idf_sha_nods_p2_r100_t518400_5M_25d_17h_27m_48s_pippo-java.pippo-ae898b6=ro.pippo.session.mongodb.MongoDBSessionDataStorageTest.testCreate_output_1590445671,1590446471,1590446033,438
251-nods-found-batch-output,JON_188_idf_sha_nods_p2_r100_t518400_5M_25d_17h_27m_48s_pippo-java.pippo-ae898b6=ro.pippo.session.mongodb.MongoDBSessionDataStorageTest.testDelete_output_1590445671,1590446485,1590446057,428
251-nods-found-batch-output,JON_188_idf_sha_nods_p2_r100_t518400_5M_25d_17h_27m_48s_pippo-java.pippo-ae898b6=ro.pippo.session.mongodb.MongoDBSessionDataStorageTest.testGet_output_1590445671,1590446447,1590446048,399
251-nods-found-batch-output,JON_188_idf_sha_nods_p2_r100_t518400_5M_25d_17h_27m_48s_pippo-java.pippo-ae898b6=ro.pippo.session.mongodb.MongoDBSessionDataStorageTest.testSave_output_1590445671,1590446493,1590446066,427
251-nods-found-batch-output,JON_188_idf_sha_nods_p2_r100_t518400_5M_25d_17h_27m_48s_ppiastucki.recast4j-01d478e=org.recast4j.detour.tilecache.TileCacheTest.testPerformance_output_1590445671,1590448099,1590446047,2052
251-nods-found-batch-output,JON_188_idf_sha_nods_p2_r100_t518400_5M_25d_17h_27m_48s_querydsl.querydsl-2bf234c=com.querydsl.hibernate.search.SearchQueryTest.count_output_1590445671,1590447276,1590446060,1216
251-nods-found-batch-output,JON_188_idf_sha_nods_p2_r100_t518400_5M_25d_17h_27m_48s_querydsl.querydsl-2bf234c=com.querydsl.hibernate.search.SearchQueryTest.listResults_output_1590445671,1590447279,1590446066,1213
251-nods-found-batch-output,JON_188_idf_sha_nods_p2_r100_t518400_5M_25d_17h_27m_48s_querydsl.querydsl-2bf234c=com.querydsl.hibernate.search.SearchQueryTest.paging_output_1590445671,1590447180,1590446074,1106
251-nods-found-batch-output,JON_188_idf_sha_nods_p2_r100_t518400_5M_25d_17h_27m_48s_spinn3r.noxy-d53a494=com.spinn3r.noxy.discovery.zookeeper.ZKTest.testBulkClusterJoining_output_1590445671,1590458077,1590446080,11997
251-nods-found-batch-output,JON_188_idf_sha_nods_p2_r100_t518400_5M_25d_17h_27m_48s_spinn3r.noxy-d53a494=com.spinn3r.noxy.discovery.zookeeper.ZKTest.testDiscoveryListener_output_1590445671,1590446774,1590446107,667
251-nods-found-batch-output,JON_188_idf_sha_nods_p2_r100_t518400_5M_25d_17h_27m_48s_spotify.helios-aebf68d=com.spotify.helios.testing.HeliosSoloDeploymentTest.testUndeployLeftoverJobs_output_1590445671,1590449681,1590445983,3698
251-nods-found-batch-output,JON_188_idf_sha_nods_p2_r100_t518400_5M_25d_17h_30m_48s_alibaba.fastjson-e05e9c5=com.alibaba.json.bvt.parser.deser.AbstractSerializeTest.test_mapping_1_output_1590445852,1590446606,1590446119,487
251-nods-found-batch-output,JON_188_idf_sha_nods_p2_r100_t518400_5M_25d_17h_30m_48s_alibaba.fastjson-e05e9c5=com.alibaba.json.bvt.parser.deser.AbstractSerializeTest.test_mapping_2_output_1590445852,1590448000,1590446122,1878
251-nods-found-batch-output,JON_188_idf_sha_nods_p2_r100_t518400_5M_25d_17h_30m_48s_apache.hadoop-cc2babc=org.apache.hadoop.fs.http.server.TestHttpFSServer.testAllowSnapshot_output_1590445852,1590446404,1590446122,282
251-nods-found-batch-output,JON_188_idf_sha_nods_p2_r100_t518400_5M_25d_17h_30m_48s_apache.hadoop-cc2babc=org.apache.hadoop.fs.http.server.TestHttpFSServer.testCreateSnapshot_output_1590445852,1590446408,1590446125,283
251-nods-found-batch-output,JON_188_idf_sha_nods_p2_r100_t518400_5M_25d_17h_30m_48s_apache.hadoop-cc2babc=org.apache.hadoop.fs.http.server.TestHttpFSServer.testDelegationTokenOperationsSsl_output_1590445852,1590446401,1590446125,276
251-nods-found-batch-output,JON_188_idf_sha_nods_p2_r100_t518400_5M_25d_17h_30m_48s_apache.hadoop-cc2babc=org.apache.hadoop.fs.http.server.TestHttpFSServer.testDirAcls_output_1590445852,1590446404,1590446125,279
251-nods-found-batch-output,JON_188_idf_sha_nods_p2_r100_t518400_5M_25d_17h_30m_48s_apache.hadoop-cc2babc=org.apache.hadoop.fs.http.server.TestHttpFSServer.testDisallowSnapshotException_output_1590445852,1590446416,1590446130,286
251-nods-found-batch-output,JON_188_idf_sha_nods_p2_r100_t518400_5M_25d_17h_30m_48s_apache.hadoop-cc2babc=org.apache.hadoop.fs.http.server.TestHttpFSServer.testDisallowSnapshot_output_1590445852,1590446405,1590446125,280
251-nods-found-batch-output,JON_188_idf_sha_nods_p2_r100_t518400_5M_25d_17h_30m_48s_apache.hadoop-cc2babc=org.apache.hadoop.fs.http.server.TestHttpFSServer.testGetSnapshotDiffIllegalParam_output_1590445852,1590446422,1590446128,294
251-nods-found-batch-output,JON_188_idf_sha_nods_p2_r100_t518400_5M_25d_17h_30m_48s_apache.hadoop-cc2babc=org.apache.hadoop.lib.service.hadoop.TestFileSystemAccessService.fileSystemCache_output_1590445852,1590446616,1590446125,491
251-nods-found-batch-output,JON_188_idf_sha_nods_p2_r100_t518400_5M_25d_17h_30m_48s_apache.hadoop-cc2babc=org.apache.hadoop.lib.service.hadoop.TestFileSystemAccessService.fileSystemExecutor_output_1590445852,1590446408,1590446125,283
251-nods-found-batch-output,JON_188_idf_sha_nods_p2_r100_t518400_5M_25d_17h_30m_48s_apache.hadoop-cc2babc=org.apache.hadoop.lib.servlet.TestServerWebApp.getHomeDirNotDef_output_1590445852,1590446420,1590446125,295
251-nods-found-batch-output,JON_188_idf_sha_nods_p2_r100_t518400_5M_25d_17h_30m_48s_apache.hadoop-cc2babc=org.apache.hadoop.registry.client.impl.TestCuratorService.testRM_output_1590445852,1590446412,1590446128,284
251-nods-found-batch-output,JON_188_idf_sha_nods_p2_r100_t518400_5M_25d_17h_30m_48s_apache.hadoop-cc2babc=org.apache.hadoop.registry.secure.TestSecureLogins.testDefaultRealmValid_output_1590445852,1590446418,1590446131,287
251-nods-found-batch-output,JON_188_idf_sha_nods_p2_r100_t518400_5M_25d_17h_30m_48s_apache.hadoop-cc2babc=org.apache.hadoop.registry.secure.TestSecureLogins.testUGILogin_output_1590445852,1590446417,1590446128,289
251-nods-found-batch-output,JON_188_idf_sha_nods_p2_r100_t518400_5M_25d_17h_30m_48s_apache.hadoop-cc2babc=org.apache.hadoop.yarn.server.timelineservice.reader.TestTimelineReaderWebServices.testGetEntityDefaultView_output_1590445852,1590446394,1590446122,272
251-nods-found-batch-output,JON_188_idf_sha_nods_p2_r100_t518400_5M_25d_17h_30m_48s_apache.hadoop-cc2babc=org.apache.hadoop.yarn.server.timeline.TestEntityGroupFSTimelineStore.testGetEntityPluginRead_output_1590445852,1590446423,1590446131,292
251-nods-found-batch-output,JON_188_idf_sha_nods_p2_r100_t518400_5M_25d_17h_30m_48s_apache.hadoop-cc2babc=org.apache.hadoop.yarn.server.timeline.TestEntityGroupFSTimelineStore.testMoveToDone_output_1590445852,1590446406,1590446131,275
251-nods-found-batch-output,JON_188_idf_sha_nods_p2_r100_t518400_5M_25d_17h_30m_48s_apache.hadoop-cc2babc=org.apache.hadoop.yarn.server.timeline.TestEntityGroupFSTimelineStore.testParseSummaryLogs_output_1590445852,1590446417,1590446130,287
251-nods-found-batch-output,JON_188_idf_sha_nods_p2_r100_t518400_5M_25d_17h_30m_48s_apache.hadoop-cc2babc=org.apache.hadoop.yarn.server.timeline.TestLogInfo.testParseBrokenEntity_output_1590445852,1590446421,1590446132,289
251-nods-found-batch-output,JON_188_idf_sha_nods_p2_r100_t518400_5M_25d_17h_30m_48s_apache.hadoop-cc2babc=org.apache.hadoop.yarn.server.timeline.TestLogInfo.testParseEntity_output_1590445852,1590446410,1590446134,276
251-nods-found-batch-output,JON_188_idf_sha_nods_p2_r100_t518400_5M_25d_17h_30m_48s_codingchili.excelastic-6bb7884=com.codingchili.TestWriter.shouldWriteToElasticPort_output_1590445852,1590446708,1590446140,568
251-nods-found-batch-output,JON_188_idf_sha_nods_p2_r100_t518400_5M_25d_17h_30m_48s_apache.hbase-801fc05=org.apache.hadoop.hbase.procedure2.TestProcedureSkipPersistence.test_output_1590445852,1590447430,1590446136,1294
251-nods-found-batch-output,JON_188_idf_sha_nods_p2_r100_t518400_5M_25d_17h_30m_48s_apache.incubator-dubbo-737f7a7=org.apache.dubbo.remoting.exchange.support.header.HeartbeatHandlerTest.testHeartbeat_output_1590445852,1590448080,1590446137,1943
251-nods-found-batch-output,JON_188_idf_sha_nods_p2_r100_t518400_5M_25d_17h_30m_48s_apache.incubator-dubbo-737f7a7=org.apache.dubbo.rpc.protocol.dubbo.DubboLazyConnectTest.testSticky1_output_1590445852,1590447022,1590446137,885
251-nods-found-batch-output,JON_188_idf_sha_nods_p2_r100_t518400_5M_25d_17h_30m_48s_apache.incubator-dubbo-737f7a7=org.apache.dubbo.rpc.protocol.dubbo.DubboProtocolTest.testDemoProtocol_output_1590445852,1590447158,1590446140,1018
251-nods-found-batch-output,JON_188_idf_sha_nods_p2_r100_t518400_5M_25d_17h_30m_48s_apache.incubator-dubbo-737f7a7=org.apache.dubbo.rpc.protocol.dubbo.DubboProtocolTest.testNonSerializedParameter_output_1590445852,1590447021,1590446134,887
251-nods-found-batch-output,JON_188_idf_sha_nods_p2_r100_t518400_5M_25d_17h_30m_48s_apache.incubator-dubbo-737f7a7=org.apache.dubbo.rpc.protocol.dubbo.DubboProtocolTest.testPerm_output_1590445852,1590447252,1590446134,1118
251-nods-found-batch-output,JON_188_idf_sha_nods_p2_r100_t518400_5M_25d_17h_30m_48s_apache.incubator-dubbo-737f7a7=org.apache.dubbo.rpc.protocol.dubbo.DubboProtocolTest.testReturnNonSerialized_output_1590445852,1590447168,1590446140,1028
251-nods-found-batch-output,JON_188_idf_sha_nods_p2_r100_t518400_5M_25d_17h_30m_48s_apache.incubator-dubbo-737f7a7=org.apache.dubbo.rpc.protocol.dubbo.MultiThreadTest.testDubboMultiThreadInvoke_output_1590445852,1590447474,1590446137,1337
251-nods-found-batch-output,JON_188_idf_sha_nods_p2_r100_t518400_5M_25d_17h_30m_48s_apache.incubator-dubbo-737f7a7=org.apache.dubbo.rpc.protocol.dubbo.telnet.ChangeTelnetHandlerTest.testChangePath_output_1590445852,1590447143,1590446137,1006
251-nods-found-batch-output,JON_188_idf_sha_nods_p2_r100_t518400_5M_25d_17h_30m_48s_apache.incubator-dubbo-737f7a7=org.apache.dubbo.rpc.protocol.dubbo.telnet.ListTelnetHandlerTest.testList_output_1590445852,1590447154,1590446137,1017
251-nods-found-batch-output,JON_188_idf_sha_nods_p2_r100_t518400_5M_25d_17h_30m_48s_apache.incubator-dubbo-737f7a7=org.apache.dubbo.rpc.protocol.dubbo.telnet.ListTelnetHandlerTest.testListService_output_1590445852,1590447157,1590446140,1017
251-nods-found-batch-output,JON_188_idf_sha_nods_p2_r100_t518400_5M_25d_17h_30m_48s_apache.incubator-dubbo-737f7a7=org.apache.dubbo.rpc.protocol.http.HttpProtocolTest.testGenericInvokeWithNativeJava_output_1590445852,1590447111,1590446145,966
251-nods-found-batch-output,JON_188_idf_sha_nods_p2_r100_t518400_5M_25d_17h_30m_48s_apache.incubator-dubbo-737f7a7=org.apache.dubbo.rpc.protocol.http.HttpProtocolTest.testTimeOut_output_1590445852,1590447075,1590446140,935
251-nods-found-batch-output,JON_188_idf_sha_nods_p2_r100_t518400_5M_25d_17h_30m_48s_apereo.java-cas-client-574b74f=org.jasig.cas.client.validation.AssertionImplTests.testAssertionValidity_output_1590445852,1590446174,1590446145,29
251-nods-found-batch-output,JON_188_idf_sha_nods_p2_r100_t518400_5M_25d_17h_30m_48s_c2mon.c2mon-d80687b=cern.c2mon.daq.filter.dynamic.DiffTimeDeadbandActivatorTest.testNoActivationOnFirstRecord_output_1590445852,1590446513,1590446142,371
251-nods-found-batch-output,JON_188_idf_sha_nods_p2_r100_t518400_5M_25d_17h_30m_48s_c2mon.c2mon-d80687b=cern.c2mon.server.common.republisher.RepublisherImplTest.testMultipleExceptions_output_1590445852,1590446611,1590446145,466
251-nods-found-batch-output,JON_188_idf_sha_nods_p2_r100_t518400_5M_25d_17h_30m_48s_cescoffier.vertx-completable-future-011d3cd=me.escoffier.vertx.completablefuture.VertxCompletableFutureTest.testAcceptEitherAsyncWithExecutor_output_1590445852,1590446581,1590446172,409
251-nods-found-batch-output,JON_188_idf_sha_nods_p2_r100_t518400_5M_25d_17h_30m_48s_crawlscript.webcollector-016b61a=cn.edu.hfut.dmic.webcollector.util.OkHttpRequesterTest.testHttpCode_output_1590445852,1590446186,1590446142,44
251-nods-found-batch-output,JON_188_idf_sha_nods_p2_r100_t518400_5M_25d_17h_30m_48s_davidmoten.rxjava2-extras-d0315b6=com.github.davidmoten.rx2.internal.flowable.FlowableServerSocketTest.testLoad_output_1590445852,1590447737,1590446149,1588
251-nods-found-batch-output,JON_188_idf_sha_nods_p2_r100_t518400_5M_25d_17h_30m_48s_doanduyhai.achilles-e3099bd=info.archinnov.achilles.embedded.PortFinderTest.try_to_find_first_port_output_1590445852,1590446158,1590446148,10
251-nods-found-batch-output,JON_188_idf_sha_nods_p2_r100_t518400_5M_25d_17h_30m_48s_dropwizard.dropwizard-07dfaed=io.dropwizard.logging.DefaultLoggingFactoryTest.testConfigure_output_1590445852,1590446202,1590446148,54
251-nods-found-batch-output,JON_188_idf_sha_nods_p2_r100_t518400_5M_25d_17h_30m_48s_eclipse-ee4j.tyrus-d86e0cb=org.glassfish.tyrus.test.e2e.non_deployable.ServerExecutorsManagementTest.testExecutorServicesGetClosed_output_1590445852,1590446741,1590446151,590
251-nods-found-batch-output,JON_188_idf_sha_nods_p2_r100_t518400_5M_25d_17h_30m_48s_elasticjob.elastic-job-lite-b022898=io.elasticjob.lite.event.rdb.JobEventRdbSearchTest.assertFindJobExecutionEventsWithTime_output_1590445852,1590446643,1590446148,495
251-nods-found-batch-output,JON_188_idf_sha_nods_p2_r100_t518400_5M_25d_17h_30m_48s_elasticjob.elastic-job-lite-b022898=io.elasticjob.lite.lifecycle.api.JobAPIFactoryTest.assertCreateJobStatisticsAPI_output_1590445852,1590446758,1590446145,613
251-nods-found-batch-output,JON_188_idf_sha_nods_p2_r100_t518400_5M_25d_17h_30m_48s_elasticjob.elastic-job-lite-b022898=io.elasticjob.lite.lifecycle.api.JobAPIFactoryTest.assertCreateServerStatisticsAPI_output_1590445852,1590446731,1590446148,583
251-nods-found-batch-output,JON_188_idf_sha_nods_p2_r100_t518400_5M_25d_17h_30m_48s_elasticjob.elastic-job-lite-b022898=io.elasticjob.lite.spring.job.JobSpringNamespaceWithEventTraceRdbTest.assertSpringJobBean_output_1590445852,1590450395,1590446151,4244
251-nods-found-batch-output,JON_188_idf_sha_nods_p2_r100_t518400_5M_25d_17h_30m_48s_elasticjob.elastic-job-lite-b022898=io.elasticjob.lite.spring.job.JobSpringNamespaceWithListenerAndJdkDynamicProxyTest.assertSpringJobBean_output_1590445852,1590450392,1590446158,4234
251-nods-found-batch-output,JON_188_idf_sha_nods_p2_r100_t518400_5M_25d_17h_30m_48s_elasticjob.elastic-job-lite-b022898=io.elasticjob.lite.spring.job.JobSpringNamespaceWithoutListenerTest.assertSpringJobBean_output_1590445852,1590450403,1590446153,4250
251-nods-found-batch-output,JON_188_idf_sha_nods_p2_r100_t518400_5M_25d_17h_30m_48s_espertechinc.esper-590fa9c=com.espertech.esper.example.rfidassetzone.TestLRMovingSimMain.testSim_output_1590445852,1590447264,1590446154,1110
251-nods-found-batch-output,JON_188_idf_sha_nods_p2_r100_t518400_5M_25d_17h_30m_48s_feroult.yawp-b3bcf9c=io.yawp.testing.appengine.pipes.flow.FlowDropsTest.testFlowDropsToSameSink_output_1590445852,1590446941,1590446155,786
251-nods-found-batch-output,JON_188_idf_sha_nods_p2_r100_t518400_5M_25d_17h_30m_48s_flaxsearch.luwak-c27ec08=uk.co.flax.luwak.matchers.TestParallelMatcher.testParallelSlowLog_output_1590445852,1590446562,1590446155,407
251-nods-found-batch-output,JON_188_idf_sha_nods_p2_r100_t518400_5M_25d_17h_30m_48s_flaxsearch.luwak-c27ec08=uk.co.flax.luwak.matchers.TestPartitionMatcher.testParallelSlowLog_output_1590445852,1590446568,1590446155,413
251-nods-found-batch-output,JON_188_idf_sha_nods_p2_r100_t518400_5M_25d_17h_30m_48s_fluent.fluent-logger-java-da14ec3=org.fluentd.logger.TestFluentLogger.testReconnection_output_1590445852,1590447314,1590446152,1162
251-nods-found-batch-output,JON_188_idf_sha_nods_p2_r100_t518400_5M_25d_17h_30m_48s_fromage.redpipe-0aff891=net.redpipe.discovery.DiscoveryTest.checkWebClient_output_1590445852,1590446728,1590446160,568
251-nods-found-batch-output,JON_188_idf_sha_nods_p2_r100_t518400_5M_25d_17h_30m_48s_fromage.redpipe-0aff891=net.redpipe.engine.swagger.SwaggerApiTest.checkSwagger_output_1590445852,1590446681,1590446172,509
251-nods-found-batch-output,JON_188_idf_sha_nods_p2_r100_t518400_5M_25d_17h_30m_48s_javadelight.delight-nashorn-sandbox-da35edc=delight.nashornsandbox.TestGetFunction.test_output_1590445852,1590446762,1590446161,601
251-nods-found-batch-output,JON_188_idf_sha_nods_p2_r100_t518400_5M_25d_17h_30m_48s_javadelight.delight-nashorn-sandbox-da35edc=delight.nashornsandbox.TestMemoryLimit.test_no_abuse_output_1590445852,1590446678,1590446170,508
251-nods-found-batch-output,JON_188_idf_sha_nods_p2_r100_t518400_5M_25d_17h_30m_48s_kagkarlsson.db-scheduler-4a8a28e=com.github.kagkarlsson.scheduler.compatibility.HsqlCompatibilityTest.test_compatibility_output_1590445852,1590447592,1590446172,1420
251-nods-found-batch-output,JON_188_idf_sha_nods_p2_r100_t518400_5M_25d_17h_30m_48s_kagkarlsson.db-scheduler-4a8a28e=com.github.kagkarlsson.scheduler.SchedulerTest.scheduler_should_execute_rescheduled_task_when_exactly_due_output_1590445852,1590446477,1590446122,355
251-nods-found-batch-output,JON_188_idf_sha_nods_p2_r100_t518400_5M_25d_17h_30m_48s_knightliao.disconf-2ac5c82=com.baidu.disconf.client.test.DisconfMgrTestCase.demo_output_1590445852,1590446218,1590446178,40
251-nods-found-batch-output,JON_188_idf_sha_nods_p2_r100_t518400_5M_25d_17h_30m_48s_lcw2004.one-7b9b249=com.lcw.one.main.EmailServiceTest.sendEmailList_output_1590445852,1590446818,1590446181,637
251-nods-found-batch-output,JON_188_idf_sha_nods_p2_r100_t518400_5M_25d_17h_30m_48s_logzio.sawmill-e493c2e=io.logz.sawmill.PipelineExecutorTest.testOnSuccessPipelineExecution_output_1590445852,1590446203,1590446175,28
251-nods-found-batch-output,JON_188_idf_sha_nods_p2_r100_t518400_5M_25d_17h_30m_48s_logzio.sawmill-e493c2e=io.logz.sawmill.PipelineExecutorTest.testWarnLongProcessingExecution_output_1590445852,1590446208,1590446181,27
251-nods-found-batch-output,JON_188_idf_sha_nods_p2_r100_t518400_5M_25d_17h_30m_48s_logzio.sawmill-e493c2e=io.logz.sawmill.processors.ConvertFieldProcessorTest.testConvertToBoolean_output_1590445852,1590446145,1590446119,26
251-nods-found-batch-output,JON_188_idf_sha_nods_p2_r100_t518400_5M_25d_17h_30m_48s_marcosbarbero.spring-cloud-zuul-ratelimit-ae9603f=com.marcosbarbero.tests.it.Bucket4jInfinispanApplicationTestIT.testExceedingQuotaCapacityRequest_output_1590445852,1590448219,1590446185,2034
251-nods-found-batch-output,JON_188_idf_sha_nods_p2_r100_t518400_5M_25d_17h_30m_48s_nationalsecurityagency.timely-3a8cbd3=timely.store.iterators.TimeSeriesGroupingIteratorTest.testMultipleTimeSeriesMovingAverage_output_1590445852,1590447309,1590446178,1131
251-nods-found-batch-output,JON_188_idf_sha_nods_p2_r100_t518400_5M_25d_17h_30m_48s_odrotbohm.sos-d4ed68a=example.sos.modulith.orders.EmailNotificationTest.completingAnOrderUpdatesInventory_output_1590445852,1590447043,1590446175,868
251-nods-found-batch-output,JON_188_idf_sha_nods_p2_r100_t518400_5M_25d_17h_30m_48s_openpojo.openpojo-9badbcc=com.openpojo.reflection.impl.PojoClassImplTest.shouldCreateInstanceOnAbstract_output_1590445852,1590447387,1590446183,1204
251-nods-found-batch-output,JON_188_idf_sha_nods_p2_r100_t518400_5M_25d_17h_30m_48s_oracle.oci-java-sdk-2e9982f=com.oracle.bmc.objectstorage.transfer.ProgressTrackerTest.multipartUploadProgressTrackerFactory_simulateRealLifeScenario_output_1590445852,1590447008,1590446181,827
251-nods-found-batch-output,JON_188_idf_sha_nods_p2_r100_t518400_5M_25d_17h_30m_48s_orbit.orbit-c4904af=cloud.orbit.actors.extensions.test.LengthFieldHandlerTest.randomMessages_output_1590445852,1590446661,1590446184,477
251-nods-found-batch-output,JON_188_idf_sha_nods_p2_r100_t518400_5M_25d_17h_30m_48s_oryxproject.oryx-72ae4bb=com.cloudera.oryx.common.io.IOUtilsTest.testDistinctFreePorts_output_1590445852,1590446733,1590446183,550
251-nods-found-batch-output,JON_188_idf_sha_nods_p2_r100_t518400_5M_25d_17h_30m_48s_outbrain.aletheia-024a4b7=com.outbrain.aletheia.SampleDomainClassDatumTest.test_avro_route_output_1590445852,1590446700,1590446183,517
251-nods-found-batch-output,JON_188_idf_sha_nods_p2_r100_t518400_5M_25d_17h_30m_48s_outbrain.aletheia-024a4b7=com.outbrain.aletheia.SampleDomainClassDatumTest.testDatumRoutes_output_1590445852,1590446714,1590446185,529
251-nods-found-batch-output,JON_188_idf_sha_nods_p2_r100_t518400_5M_25d_17h_30m_48s_outbrain.aletheia-024a4b7=com.outbrain.aletheia.SampleDomainClassDatumTest.test_json_route_output_1590445852,1590446707,1590446184,523
251-nods-found-batch-output,JON_188_idf_sha_nods_p2_r100_t518400_5M_25d_17h_30m_48s_outbrain.aletheia-024a4b7=com.outbrain.aletheia.SampleDomainClassDatumTest.test_multiple_routes_output_1590445852,1590446850,1590446187,663
251-nods-found-batch-output,JON_188_idf_sha_nods_p2_r100_t518400_5M_25d_17h_30m_48s_pippo-java.pippo-ae898b6=ro.pippo.session.jedis.JedisSessionDataStorageTest.testDelete_output_1590445852,1590446560,1590446185,375
251-nods-found-batch-output,JON_188_idf_sha_nods_p2_r100_t518400_5M_25d_17h_30m_48s_pippo-java.pippo-ae898b6=ro.pippo.session.mongodb.MongoDBSessionDataStorageTest.testCreate_output_1590445852,1590446628,1590446187,441
251-nods-found-batch-output,JON_188_idf_sha_nods_p2_r100_t518400_5M_25d_17h_30m_48s_pippo-java.pippo-ae898b6=ro.pippo.session.mongodb.MongoDBSessionDataStorageTest.testDelete_output_1590445852,1590446616,1590446183,433
251-nods-found-batch-output,JON_188_idf_sha_nods_p2_r100_t518400_5M_25d_17h_30m_48s_pippo-java.pippo-ae898b6=ro.pippo.session.mongodb.MongoDBSessionDataStorageTest.testGet_output_1590445852,1590446613,1590446184,429
251-nods-found-batch-output,JON_188_idf_sha_nods_p2_r100_t518400_5M_25d_17h_30m_48s_pippo-java.pippo-ae898b6=ro.pippo.session.mongodb.MongoDBSessionDataStorageTest.testSave_output_1590445852,1590446641,1590446192,449
251-nods-found-batch-output,JON_188_idf_sha_nods_p2_r100_t518400_5M_25d_17h_30m_48s_ppiastucki.recast4j-01d478e=org.recast4j.detour.tilecache.TileCacheTest.testPerformance_output_1590445852,1590448083,1590446187,1896
251-nods-found-batch-output,JON_188_idf_sha_nods_p2_r100_t518400_5M_25d_17h_30m_48s_querydsl.querydsl-2bf234c=com.querydsl.hibernate.search.SearchQueryTest.count_output_1590445852,1590447521,1590446187,1334
251-nods-found-batch-output,JON_188_idf_sha_nods_p2_r100_t518400_5M_25d_17h_30m_48s_querydsl.querydsl-2bf234c=com.querydsl.hibernate.search.SearchQueryTest.listResults_output_1590445852,1590447340,1590446189,1151
251-nods-found-batch-output,JON_188_idf_sha_nods_p2_r100_t518400_5M_25d_17h_30m_48s_querydsl.querydsl-2bf234c=com.querydsl.hibernate.search.SearchQueryTest.paging_output_1590445852,1590447385,1590446189,1196
251-nods-found-batch-output,JON_188_idf_sha_nods_p2_r100_t518400_5M_25d_17h_30m_48s_spinn3r.noxy-d53a494=com.spinn3r.noxy.discovery.zookeeper.ZKTest.testBulkClusterJoining_output_1590445852,1590456876,1590446189,10687
251-nods-found-batch-output,JON_188_idf_sha_nods_p2_r100_t518400_5M_25d_17h_30m_48s_spinn3r.noxy-d53a494=com.spinn3r.noxy.discovery.zookeeper.ZKTest.testDiscoveryListener_output_1590445852,1590446802,1590446189,613
251-nods-found-batch-output,JON_188_idf_sha_nods_p2_r100_t518400_5M_25d_17h_30m_48s_spotify.helios-aebf68d=com.spotify.helios.testing.HeliosSoloDeploymentTest.testUndeployLeftoverJobs_output_1590445852,1590449883,1590446119,3764
251-nods-found-batch-output,JON_188_idf_sha_nods_p2_r100_t518400_5M_25d_17h_33m_48s_alibaba.fastjson-e05e9c5=com.alibaba.json.bvt.parser.deser.AbstractSerializeTest.test_mapping_1_output_1590446032,1590446778,1590446321,457
251-nods-found-batch-output,JON_188_idf_sha_nods_p2_r100_t518400_5M_25d_17h_33m_48s_alibaba.fastjson-e05e9c5=com.alibaba.json.bvt.parser.deser.AbstractSerializeTest.test_mapping_2_output_1590446032,1590446832,1590446355,477
251-nods-found-batch-output,JON_188_idf_sha_nods_p2_r100_t518400_5M_25d_17h_33m_48s_apache.hadoop-cc2babc=org.apache.hadoop.fs.http.server.TestHttpFSServer.testAllowSnapshot_output_1590446032,1590446638,1590446353,285
251-nods-found-batch-output,JON_188_idf_sha_nods_p2_r100_t518400_5M_25d_17h_33m_48s_apache.hadoop-cc2babc=org.apache.hadoop.fs.http.server.TestHttpFSServer.testCreateSnapshot_output_1590446032,1590446633,1590446357,276
251-nods-found-batch-output,JON_188_idf_sha_nods_p2_r100_t518400_5M_25d_17h_33m_48s_apache.hadoop-cc2babc=org.apache.hadoop.fs.http.server.TestHttpFSServer.testDelegationTokenOperationsSsl_output_1590446032,1590446637,1590446355,282
251-nods-found-batch-output,JON_188_idf_sha_nods_p2_r100_t518400_5M_25d_17h_33m_48s_apache.hadoop-cc2babc=org.apache.hadoop.fs.http.server.TestHttpFSServer.testDirAcls_output_1590446032,1590446644,1590446360,284
251-nods-found-batch-output,JON_188_idf_sha_nods_p2_r100_t518400_5M_25d_17h_33m_48s_apache.hadoop-cc2babc=org.apache.hadoop.fs.http.server.TestHttpFSServer.testDisallowSnapshotException_output_1590446032,1590446629,1590446364,265
251-nods-found-batch-output,JON_188_idf_sha_nods_p2_r100_t518400_5M_25d_17h_33m_48s_apache.hadoop-cc2babc=org.apache.hadoop.fs.http.server.TestHttpFSServer.testDisallowSnapshot_output_1590446032,1590446669,1590446370,299
251-nods-found-batch-output,JON_188_idf_sha_nods_p2_r100_t518400_5M_25d_17h_33m_48s_apache.hadoop-cc2babc=org.apache.hadoop.fs.http.server.TestHttpFSServer.testGetSnapshotDiffIllegalParam_output_1590446032,1590446640,1590446368,272
251-nods-found-batch-output,JON_188_idf_sha_nods_p2_r100_t518400_5M_25d_17h_33m_48s_apache.hadoop-cc2babc=org.apache.hadoop.lib.service.hadoop.TestFileSystemAccessService.fileSystemCache_output_1590446032,1590446659,1590446370,289
251-nods-found-batch-output,JON_188_idf_sha_nods_p2_r100_t518400_5M_25d_17h_33m_48s_apache.hadoop-cc2babc=org.apache.hadoop.lib.service.hadoop.TestFileSystemAccessService.fileSystemExecutor_output_1590446032,1590446645,1590446370,275
251-nods-found-batch-output,JON_188_idf_sha_nods_p2_r100_t518400_5M_25d_17h_33m_48s_apache.hadoop-cc2babc=org.apache.hadoop.lib.servlet.TestServerWebApp.getHomeDirNotDef_output_1590446032,1590446645,1590446370,275
251-nods-found-batch-output,JON_188_idf_sha_nods_p2_r100_t518400_5M_25d_17h_33m_48s_apache.hadoop-cc2babc=org.apache.hadoop.registry.client.impl.TestCuratorService.testRM_output_1590446032,1590446604,1590446322,282
251-nods-found-batch-output,JON_188_idf_sha_nods_p2_r100_t518400_5M_25d_17h_33m_48s_apache.hadoop-cc2babc=org.apache.hadoop.registry.secure.TestSecureLogins.testDefaultRealmValid_output_1590446032,1590446644,1590446370,274
251-nods-found-batch-output,JON_188_idf_sha_nods_p2_r100_t518400_5M_25d_17h_33m_48s_apache.hadoop-cc2babc=org.apache.hadoop.registry.secure.TestSecureLogins.testUGILogin_output_1590446032,1590446653,1590446372,281
251-nods-found-batch-output,JON_188_idf_sha_nods_p2_r100_t518400_5M_25d_17h_33m_48s_apache.hadoop-cc2babc=org.apache.hadoop.yarn.server.timelineservice.reader.TestTimelineReaderWebServices.testGetEntityDefaultView_output_1590446032,1590446653,1590446374,279
251-nods-found-batch-output,JON_188_idf_sha_nods_p2_r100_t518400_5M_25d_17h_33m_48s_apache.hadoop-cc2babc=org.apache.hadoop.yarn.server.timeline.TestEntityGroupFSTimelineStore.testGetEntityPluginRead_output_1590446032,1590446642,1590446372,270
251-nods-found-batch-output,JON_188_idf_sha_nods_p2_r100_t518400_5M_25d_17h_33m_48s_apache.hadoop-cc2babc=org.apache.hadoop.yarn.server.timeline.TestEntityGroupFSTimelineStore.testMoveToDone_output_1590446032,1590446665,1590446377,288
251-nods-found-batch-output,JON_188_idf_sha_nods_p2_r100_t518400_5M_25d_17h_33m_48s_apache.hadoop-cc2babc=org.apache.hadoop.yarn.server.timeline.TestEntityGroupFSTimelineStore.testParseSummaryLogs_output_1590446032,1590446645,1590446374,271
251-nods-found-batch-output,JON_188_idf_sha_nods_p2_r100_t518400_5M_25d_17h_33m_48s_apache.hadoop-cc2babc=org.apache.hadoop.yarn.server.timeline.TestLogInfo.testParseBrokenEntity_output_1590446032,1590446651,1590446379,272
251-nods-found-batch-output,JON_188_idf_sha_nods_p2_r100_t518400_5M_25d_17h_33m_48s_apache.hadoop-cc2babc=org.apache.hadoop.yarn.server.timeline.TestLogInfo.testParseEntity_output_1590446032,1590446659,1590446377,282
251-nods-found-batch-output,JON_188_idf_sha_nods_p2_r100_t518400_5M_25d_17h_33m_48s_apache.hbase-801fc05=org.apache.hadoop.hbase.procedure2.TestProcedureSkipPersistence.test_output_1590446032,1590447697,1590446377,1320
251-nods-found-batch-output,JON_188_idf_sha_nods_p2_r100_t518400_5M_25d_17h_33m_48s_apache.incubator-dubbo-737f7a7=org.apache.dubbo.remoting.exchange.support.header.HeartbeatHandlerTest.testHeartbeat_output_1590446032,1590448278,1590446377,1901
251-nods-found-batch-output,JON_188_idf_sha_nods_p2_r100_t518400_5M_25d_17h_33m_48s_apache.incubator-dubbo-737f7a7=org.apache.dubbo.rpc.protocol.dubbo.DubboLazyConnectTest.testSticky1_output_1590446032,1590447282,1590446377,905
251-nods-found-batch-output,JON_188_idf_sha_nods_p2_r100_t518400_5M_25d_17h_33m_48s_apache.incubator-dubbo-737f7a7=org.apache.dubbo.rpc.protocol.dubbo.DubboProtocolTest.testDemoProtocol_output_1590446032,1590447356,1590446379,977
251-nods-found-batch-output,JON_188_idf_sha_nods_p2_r100_t518400_5M_25d_17h_33m_48s_apache.incubator-dubbo-737f7a7=org.apache.dubbo.rpc.protocol.dubbo.DubboProtocolTest.testNonSerializedParameter_output_1590446032,1590447405,1590446379,1026
251-nods-found-batch-output,JON_188_idf_sha_nods_p2_r100_t518400_5M_25d_17h_33m_48s_apache.incubator-dubbo-737f7a7=org.apache.dubbo.rpc.protocol.dubbo.DubboProtocolTest.testPerm_output_1590446032,1590447430,1590446381,1049
251-nods-found-batch-output,JON_188_idf_sha_nods_p2_r100_t518400_5M_25d_17h_33m_48s_apache.incubator-dubbo-737f7a7=org.apache.dubbo.rpc.protocol.dubbo.DubboProtocolTest.testReturnNonSerialized_output_1590446032,1590447313,1590446381,932
251-nods-found-batch-output,JON_188_idf_sha_nods_p2_r100_t518400_5M_25d_17h_33m_48s_apache.incubator-dubbo-737f7a7=org.apache.dubbo.rpc.protocol.dubbo.MultiThreadTest.testDubboMultiThreadInvoke_output_1590446032,1590447632,1590446383,1249
251-nods-found-batch-output,JON_188_idf_sha_nods_p2_r100_t518400_5M_25d_17h_33m_48s_apache.incubator-dubbo-737f7a7=org.apache.dubbo.rpc.protocol.dubbo.telnet.ChangeTelnetHandlerTest.testChangePath_output_1590446032,1590447335,1590446381,954
251-nods-found-batch-output,JON_188_idf_sha_nods_p2_r100_t518400_5M_25d_17h_33m_48s_apache.incubator-dubbo-737f7a7=org.apache.dubbo.rpc.protocol.dubbo.telnet.ListTelnetHandlerTest.testList_output_1590446032,1590447561,1590446381,1180
251-nods-found-batch-output,JON_188_idf_sha_nods_p2_r100_t518400_5M_25d_17h_33m_48s_apache.incubator-dubbo-737f7a7=org.apache.dubbo.rpc.protocol.dubbo.telnet.ListTelnetHandlerTest.testListService_output_1590446032,1590447401,1590446384,1017
251-nods-found-batch-output,JON_188_idf_sha_nods_p2_r100_t518400_5M_25d_17h_33m_48s_apache.incubator-dubbo-737f7a7=org.apache.dubbo.rpc.protocol.http.HttpProtocolTest.testGenericInvokeWithNativeJava_output_1590446032,1590447394,1590446386,1008
251-nods-found-batch-output,JON_188_idf_sha_nods_p2_r100_t518400_5M_25d_17h_33m_48s_apache.incubator-dubbo-737f7a7=org.apache.dubbo.rpc.protocol.http.HttpProtocolTest.testTimeOut_output_1590446032,1590447370,1590446446,924
251-nods-found-batch-output,JON_188_idf_sha_nods_p2_r100_t518400_5M_25d_17h_33m_48s_apereo.java-cas-client-574b74f=org.jasig.cas.client.validation.AssertionImplTests.testAssertionValidity_output_1590446032,1590446414,1590446388,26
251-nods-found-batch-output,JON_188_idf_sha_nods_p2_r100_t518400_5M_25d_17h_33m_48s_c2mon.c2mon-d80687b=cern.c2mon.daq.filter.dynamic.DiffTimeDeadbandActivatorTest.testNoActivationOnFirstRecord_output_1590446032,1590446721,1590446385,336
251-nods-found-batch-output,JON_188_idf_sha_nods_p2_r100_t518400_5M_25d_17h_33m_48s_c2mon.c2mon-d80687b=cern.c2mon.server.common.republisher.RepublisherImplTest.testMultipleExceptions_output_1590446032,1590446865,1590446388,477
251-nods-found-batch-output,JON_188_idf_sha_nods_p2_r100_t518400_5M_25d_17h_33m_48s_cescoffier.vertx-completable-future-011d3cd=me.escoffier.vertx.completablefuture.VertxCompletableFutureTest.testAcceptEitherAsyncWithExecutor_output_1590446032,1590446854,1590446392,462
251-nods-found-batch-output,JON_188_idf_sha_nods_p2_r100_t518400_5M_25d_17h_33m_48s_codingchili.excelastic-6bb7884=com.codingchili.TestWriter.shouldWriteToElasticPort_output_1590446032,1590446978,1590446388,590
251-nods-found-batch-output,JON_188_idf_sha_nods_p2_r100_t518400_5M_25d_17h_33m_48s_crawlscript.webcollector-016b61a=cn.edu.hfut.dmic.webcollector.util.OkHttpRequesterTest.testHttpCode_output_1590446032,1590446433,1590446395,38
251-nods-found-batch-output,JON_188_idf_sha_nods_p2_r100_t518400_5M_25d_17h_33m_48s_davidmoten.rxjava2-extras-d0315b6=com.github.davidmoten.rx2.internal.flowable.FlowableServerSocketTest.testLoad_output_1590446032,1590448030,1590446398,1632
251-nods-found-batch-output,JON_188_idf_sha_nods_p2_r100_t518400_5M_25d_17h_33m_48s_doanduyhai.achilles-e3099bd=info.archinnov.achilles.embedded.PortFinderTest.try_to_find_first_port_output_1590446032,1590446406,1590446398,8
251-nods-found-batch-output,JON_188_idf_sha_nods_p2_r100_t518400_5M_25d_17h_33m_48s_dropwizard.dropwizard-07dfaed=io.dropwizard.logging.DefaultLoggingFactoryTest.testConfigure_output_1590446032,1590446452,1590446396,56
251-nods-found-batch-output,JON_188_idf_sha_nods_p2_r100_t518400_5M_25d_17h_33m_48s_eclipse-ee4j.tyrus-d86e0cb=org.glassfish.tyrus.test.e2e.non_deployable.ServerExecutorsManagementTest.testExecutorServicesGetClosed_output_1590446032,1590446995,1590446396,599
251-nods-found-batch-output,JON_188_idf_sha_nods_p2_r100_t518400_5M_25d_17h_33m_48s_elasticjob.elastic-job-lite-b022898=io.elasticjob.lite.event.rdb.JobEventRdbSearchTest.assertFindJobExecutionEventsWithTime_output_1590446032,1590446863,1590446400,463
251-nods-found-batch-output,JON_188_idf_sha_nods_p2_r100_t518400_5M_25d_17h_33m_48s_elasticjob.elastic-job-lite-b022898=io.elasticjob.lite.lifecycle.api.JobAPIFactoryTest.assertCreateJobStatisticsAPI_output_1590446032,1590447010,1590446398,612
251-nods-found-batch-output,JON_188_idf_sha_nods_p2_r100_t518400_5M_25d_17h_33m_48s_elasticjob.elastic-job-lite-b022898=io.elasticjob.lite.lifecycle.api.JobAPIFactoryTest.assertCreateServerStatisticsAPI_output_1590446032,1590446929,1590446398,531
251-nods-found-batch-output,JON_188_idf_sha_nods_p2_r100_t518400_5M_25d_17h_33m_48s_elasticjob.elastic-job-lite-b022898=io.elasticjob.lite.spring.job.JobSpringNamespaceWithEventTraceRdbTest.assertSpringJobBean_output_1590446032,1590450623,1590446398,4225
251-nods-found-batch-output,JON_188_idf_sha_nods_p2_r100_t518400_5M_25d_17h_33m_48s_elasticjob.elastic-job-lite-b022898=io.elasticjob.lite.spring.job.JobSpringNamespaceWithListenerAndJdkDynamicProxyTest.assertSpringJobBean_output_1590446032,1590450630,1590446398,4232
251-nods-found-batch-output,JON_188_idf_sha_nods_p2_r100_t518400_5M_25d_17h_33m_48s_elasticjob.elastic-job-lite-b022898=io.elasticjob.lite.spring.job.JobSpringNamespaceWithoutListenerTest.assertSpringJobBean_output_1590446032,1590450632,1590446400,4232
251-nods-found-batch-output,JON_188_idf_sha_nods_p2_r100_t518400_5M_25d_17h_33m_48s_espertechinc.esper-590fa9c=com.espertech.esper.example.rfidassetzone.TestLRMovingSimMain.testSim_output_1590446032,1590447505,1590446402,1103
251-nods-found-batch-output,JON_188_idf_sha_nods_p2_r100_t518400_5M_25d_17h_33m_48s_feroult.yawp-b3bcf9c=io.yawp.testing.appengine.pipes.flow.FlowDropsTest.testFlowDropsToSameSink_output_1590446032,1590447158,1590446405,753
251-nods-found-batch-output,JON_188_idf_sha_nods_p2_r100_t518400_5M_25d_17h_33m_48s_flaxsearch.luwak-c27ec08=uk.co.flax.luwak.matchers.TestParallelMatcher.testParallelSlowLog_output_1590446032,1590446828,1590446416,412
251-nods-found-batch-output,JON_188_idf_sha_nods_p2_r100_t518400_5M_25d_17h_33m_48s_flaxsearch.luwak-c27ec08=uk.co.flax.luwak.matchers.TestPartitionMatcher.testParallelSlowLog_output_1590446032,1590446779,1590446414,365
251-nods-found-batch-output,JON_188_idf_sha_nods_p2_r100_t518400_5M_25d_17h_33m_48s_fluent.fluent-logger-java-da14ec3=org.fluentd.logger.TestFluentLogger.testReconnection_output_1590446032,1590447514,1590446409,1105
251-nods-found-batch-output,JON_188_idf_sha_nods_p2_r100_t518400_5M_25d_17h_33m_48s_fromage.redpipe-0aff891=net.redpipe.discovery.DiscoveryTest.checkWebClient_output_1590446032,1590446910,1590446416,494
251-nods-found-batch-output,JON_188_idf_sha_nods_p2_r100_t518400_5M_25d_17h_33m_48s_fromage.redpipe-0aff891=net.redpipe.engine.swagger.SwaggerApiTest.checkSwagger_output_1590446032,1590446975,1590446433,542
251-nods-found-batch-output,JON_188_idf_sha_nods_p2_r100_t518400_5M_25d_17h_33m_48s_javadelight.delight-nashorn-sandbox-da35edc=delight.nashornsandbox.TestGetFunction.test_output_1590446032,1590446994,1590446435,559
251-nods-found-batch-output,JON_188_idf_sha_nods_p2_r100_t518400_5M_25d_17h_33m_48s_javadelight.delight-nashorn-sandbox-da35edc=delight.nashornsandbox.TestMemoryLimit.test_no_abuse_output_1590446032,1590446984,1590446444,540
251-nods-found-batch-output,JON_188_idf_sha_nods_p2_r100_t518400_5M_25d_17h_33m_48s_kagkarlsson.db-scheduler-4a8a28e=com.github.kagkarlsson.scheduler.compatibility.HsqlCompatibilityTest.test_compatibility_output_1590446032,1590447803,1590446435,1368
251-nods-found-batch-output,JON_188_idf_sha_nods_p2_r100_t518400_5M_25d_17h_33m_48s_kagkarlsson.db-scheduler-4a8a28e=com.github.kagkarlsson.scheduler.SchedulerTest.scheduler_should_execute_rescheduled_task_when_exactly_due_output_1590446032,1590446746,1590446439,307
251-nods-found-batch-output,JON_188_idf_sha_nods_p2_r100_t518400_5M_25d_17h_33m_48s_knightliao.disconf-2ac5c82=com.baidu.disconf.client.test.DisconfMgrTestCase.demo_output_1590446032,1590446486,1590446444,42
251-nods-found-batch-output,JON_188_idf_sha_nods_p2_r100_t518400_5M_25d_17h_33m_48s_lcw2004.one-7b9b249=com.lcw.one.main.EmailServiceTest.sendEmailList_output_1590446032,1590447115,1590446441,674
251-nods-found-batch-output,JON_188_idf_sha_nods_p2_r100_t518400_5M_25d_17h_33m_48s_logzio.sawmill-e493c2e=io.logz.sawmill.PipelineExecutorTest.testOnSuccessPipelineExecution_output_1590446032,1590446466,1590446439,27
251-nods-found-batch-output,JON_188_idf_sha_nods_p2_r100_t518400_5M_25d_17h_33m_48s_logzio.sawmill-e493c2e=io.logz.sawmill.PipelineExecutorTest.testWarnLongProcessingExecution_output_1590446032,1590446465,1590446439,26
251-nods-found-batch-output,JON_188_idf_sha_nods_p2_r100_t518400_5M_25d_17h_33m_48s_logzio.sawmill-e493c2e=io.logz.sawmill.processors.ConvertFieldProcessorTest.testConvertToBoolean_output_1590446032,1590446338,1590446314,24
251-nods-found-batch-output,JON_188_idf_sha_nods_p2_r100_t518400_5M_25d_17h_33m_48s_marcosbarbero.spring-cloud-zuul-ratelimit-ae9603f=com.marcosbarbero.tests.it.Bucket4jInfinispanApplicationTestIT.testExceedingQuotaCapacityRequest_output_1590446032,1590448434,1590446441,1993
251-nods-found-batch-output,JON_188_idf_sha_nods_p2_r100_t518400_5M_25d_17h_33m_48s_nationalsecurityagency.timely-3a8cbd3=timely.store.iterators.TimeSeriesGroupingIteratorTest.testMultipleTimeSeriesMovingAverage_output_1590446032,1590447726,1590446493,1233
251-nods-found-batch-output,JON_188_idf_sha_nods_p2_r100_t518400_5M_25d_17h_33m_48s_odrotbohm.sos-d4ed68a=example.sos.modulith.orders.EmailNotificationTest.completingAnOrderUpdatesInventory_output_1590446032,1590447399,1590446493,906
251-nods-found-batch-output,JON_188_idf_sha_nods_p2_r100_t518400_5M_25d_17h_33m_48s_openpojo.openpojo-9badbcc=com.openpojo.reflection.impl.PojoClassImplTest.shouldCreateInstanceOnAbstract_output_1590446032,1590447405,1590446381,1024
251-nods-found-batch-output,JON_188_idf_sha_nods_p2_r100_t518400_5M_25d_17h_33m_48s_oracle.oci-java-sdk-2e9982f=com.oracle.bmc.objectstorage.transfer.ProgressTrackerTest.multipartUploadProgressTrackerFactory_simulateRealLifeScenario_output_1590446032,1590447181,1590446449,732
251-nods-found-batch-output,JON_188_idf_sha_nods_p2_r100_t518400_5M_25d_17h_33m_48s_orbit.orbit-c4904af=cloud.orbit.actors.extensions.test.LengthFieldHandlerTest.randomMessages_output_1590446032,1590446947,1590446444,503
251-nods-found-batch-output,JON_188_idf_sha_nods_p2_r100_t518400_5M_25d_17h_33m_48s_oryxproject.oryx-72ae4bb=com.cloudera.oryx.common.io.IOUtilsTest.testDistinctFreePorts_output_1590446032,1590447054,1590446493,561
251-nods-found-batch-output,JON_188_idf_sha_nods_p2_r100_t518400_5M_25d_17h_33m_48s_outbrain.aletheia-024a4b7=com.outbrain.aletheia.SampleDomainClassDatumTest.test_avro_route_output_1590446032,1590446950,1590446433,517
251-nods-found-batch-output,JON_188_idf_sha_nods_p2_r100_t518400_5M_25d_17h_33m_48s_outbrain.aletheia-024a4b7=com.outbrain.aletheia.SampleDomainClassDatumTest.testDatumRoutes_output_1590446032,1590446931,1590446493,438
251-nods-found-batch-output,JON_188_idf_sha_nods_p2_r100_t518400_5M_25d_17h_33m_48s_outbrain.aletheia-024a4b7=com.outbrain.aletheia.SampleDomainClassDatumTest.test_json_route_output_1590446032,1590446984,1590446446,538
251-nods-found-batch-output,JON_188_idf_sha_nods_p2_r100_t518400_5M_25d_17h_33m_48s_outbrain.aletheia-024a4b7=com.outbrain.aletheia.SampleDomainClassDatumTest.test_multiple_routes_output_1590446032,1590446949,1590446451,498
251-nods-found-batch-output,JON_188_idf_sha_nods_p2_r100_t518400_5M_25d_17h_33m_48s_pippo-java.pippo-ae898b6=ro.pippo.session.jedis.JedisSessionDataStorageTest.testDelete_output_1590446032,1590446773,1590446433,340
251-nods-found-batch-output,JON_188_idf_sha_nods_p2_r100_t518400_5M_25d_17h_33m_48s_pippo-java.pippo-ae898b6=ro.pippo.session.mongodb.MongoDBSessionDataStorageTest.testCreate_output_1590446032,1590446901,1590446458,443
251-nods-found-batch-output,JON_188_idf_sha_nods_p2_r100_t518400_5M_25d_17h_33m_48s_pippo-java.pippo-ae898b6=ro.pippo.session.mongodb.MongoDBSessionDataStorageTest.testDelete_output_1590446032,1590446891,1590446451,440
251-nods-found-batch-output,JON_188_idf_sha_nods_p2_r100_t518400_5M_25d_17h_33m_48s_pippo-java.pippo-ae898b6=ro.pippo.session.mongodb.MongoDBSessionDataStorageTest.testGet_output_1590446032,1590446892,1590446449,443
251-nods-found-batch-output,JON_188_idf_sha_nods_p2_r100_t518400_5M_25d_17h_33m_48s_pippo-java.pippo-ae898b6=ro.pippo.session.mongodb.MongoDBSessionDataStorageTest.testSave_output_1590446032,1590446913,1590446469,444
251-nods-found-batch-output,JON_188_idf_sha_nods_p2_r100_t518400_5M_25d_17h_33m_48s_ppiastucki.recast4j-01d478e=org.recast4j.detour.tilecache.TileCacheTest.testPerformance_output_1590446032,1590448559,1590446467,2092
251-nods-found-batch-output,JON_188_idf_sha_nods_p2_r100_t518400_5M_25d_17h_33m_48s_querydsl.querydsl-2bf234c=com.querydsl.hibernate.search.SearchQueryTest.count_output_1590446032,1590447762,1590446493,1269
251-nods-found-batch-output,JON_188_idf_sha_nods_p2_r100_t518400_5M_25d_17h_33m_48s_querydsl.querydsl-2bf234c=com.querydsl.hibernate.search.SearchQueryTest.listResults_output_1590446032,1590447758,1590446479,1279
251-nods-found-batch-output,JON_188_idf_sha_nods_p2_r100_t518400_5M_25d_17h_33m_48s_querydsl.querydsl-2bf234c=com.querydsl.hibernate.search.SearchQueryTest.paging_output_1590446032,1590447698,1590446484,1214
251-nods-found-batch-output,JON_188_idf_sha_nods_p2_r100_t518400_5M_25d_17h_33m_48s_spinn3r.noxy-d53a494=com.spinn3r.noxy.discovery.zookeeper.ZKTest.testBulkClusterJoining_output_1590446032,1590458335,1590446456,11879
251-nods-found-batch-output,JON_188_idf_sha_nods_p2_r100_t518400_5M_25d_17h_33m_48s_spinn3r.noxy-d53a494=com.spinn3r.noxy.discovery.zookeeper.ZKTest.testDiscoveryListener_output_1590446032,1590447122,1590446488,634
251-nods-found-batch-output,JON_188_idf_sha_nods_p2_r100_t518400_5M_25d_17h_33m_48s_spotify.helios-aebf68d=com.spotify.helios.testing.HeliosSoloDeploymentTest.testUndeployLeftoverJobs_output_1590446032,1590450028,1590446342,3686
251-nods-found-batch-output,JON_188_idf_sha_nods_p2_r100_t518400_5M_25d_17h_36m_48s_alibaba.fastjson-e05e9c5=com.alibaba.json.bvt.parser.deser.AbstractSerializeTest.test_mapping_1_output_1590446211,1590446998,1590446503,495
251-nods-found-batch-output,JON_188_idf_sha_nods_p2_r100_t518400_5M_25d_17h_36m_48s_alibaba.fastjson-e05e9c5=com.alibaba.json.bvt.parser.deser.AbstractSerializeTest.test_mapping_2_output_1590446211,1590446967,1590446503,464
251-nods-found-batch-output,JON_188_idf_sha_nods_p2_r100_t518400_5M_25d_17h_36m_48s_apache.hadoop-cc2babc=org.apache.hadoop.fs.http.server.TestHttpFSServer.testAllowSnapshot_output_1590446211,1590446795,1590446503,292
251-nods-found-batch-output,JON_188_idf_sha_nods_p2_r100_t518400_5M_25d_17h_36m_48s_apache.hadoop-cc2babc=org.apache.hadoop.fs.http.server.TestHttpFSServer.testCreateSnapshot_output_1590446211,1590446786,1590446503,283
251-nods-found-batch-output,JON_188_idf_sha_nods_p2_r100_t518400_5M_25d_17h_36m_48s_apache.hadoop-cc2babc=org.apache.hadoop.fs.http.server.TestHttpFSServer.testDelegationTokenOperationsSsl_output_1590446211,1590446793,1590446503,290
251-nods-found-batch-output,JON_188_idf_sha_nods_p2_r100_t518400_5M_25d_17h_36m_48s_apache.hadoop-cc2babc=org.apache.hadoop.fs.http.server.TestHttpFSServer.testDirAcls_output_1590446211,1590446791,1590446511,280
251-nods-found-batch-output,JON_188_idf_sha_nods_p2_r100_t518400_5M_25d_17h_36m_48s_apache.hadoop-cc2babc=org.apache.hadoop.fs.http.server.TestHttpFSServer.testDisallowSnapshotException_output_1590446211,1590446786,1590446505,281
251-nods-found-batch-output,JON_188_idf_sha_nods_p2_r100_t518400_5M_25d_17h_36m_48s_apache.hadoop-cc2babc=org.apache.hadoop.fs.http.server.TestHttpFSServer.testDisallowSnapshot_output_1590446211,1590446793,1590446511,282
251-nods-found-batch-output,JON_188_idf_sha_nods_p2_r100_t518400_5M_25d_17h_36m_48s_apache.hadoop-cc2babc=org.apache.hadoop.fs.http.server.TestHttpFSServer.testGetSnapshotDiffIllegalParam_output_1590446211,1590446781,1590446505,276
251-nods-found-batch-output,JON_188_idf_sha_nods_p2_r100_t518400_5M_25d_17h_36m_48s_apache.hadoop-cc2babc=org.apache.hadoop.lib.service.hadoop.TestFileSystemAccessService.fileSystemCache_output_1590446211,1590446805,1590446511,294
251-nods-found-batch-output,JON_188_idf_sha_nods_p2_r100_t518400_5M_25d_17h_36m_48s_apache.hadoop-cc2babc=org.apache.hadoop.lib.service.hadoop.TestFileSystemAccessService.fileSystemExecutor_output_1590446211,1590446802,1590446511,291
251-nods-found-batch-output,JON_188_idf_sha_nods_p2_r100_t518400_5M_25d_17h_36m_48s_apache.hadoop-cc2babc=org.apache.hadoop.lib.servlet.TestServerWebApp.getHomeDirNotDef_output_1590446211,1590446799,1590446511,288
251-nods-found-batch-output,JON_188_idf_sha_nods_p2_r100_t518400_5M_25d_17h_36m_48s_apache.hadoop-cc2babc=org.apache.hadoop.registry.client.impl.TestCuratorService.testRM_output_1590446211,1590446804,1590446514,290
251-nods-found-batch-output,JON_188_idf_sha_nods_p2_r100_t518400_5M_25d_17h_36m_48s_apache.hadoop-cc2babc=org.apache.hadoop.registry.secure.TestSecureLogins.testDefaultRealmValid_output_1590446211,1590446789,1590446500,289
251-nods-found-batch-output,JON_188_idf_sha_nods_p2_r100_t518400_5M_25d_17h_36m_48s_apache.hadoop-cc2babc=org.apache.hadoop.registry.secure.TestSecureLogins.testUGILogin_output_1590446211,1590446778,1590446500,278
251-nods-found-batch-output,JON_188_idf_sha_nods_p2_r100_t518400_5M_25d_17h_36m_48s_apache.hadoop-cc2babc=org.apache.hadoop.yarn.server.timelineservice.reader.TestTimelineReaderWebServices.testGetEntityDefaultView_output_1590446211,1590446805,1590446514,291
251-nods-found-batch-output,JON_188_idf_sha_nods_p2_r100_t518400_5M_25d_17h_36m_48s_apache.hadoop-cc2babc=org.apache.hadoop.yarn.server.timeline.TestEntityGroupFSTimelineStore.testGetEntityPluginRead_output_1590446211,1590446795,1590446514,281
251-nods-found-batch-output,JON_188_idf_sha_nods_p2_r100_t518400_5M_25d_17h_36m_48s_apache.hadoop-cc2babc=org.apache.hadoop.yarn.server.timeline.TestEntityGroupFSTimelineStore.testMoveToDone_output_1590446211,1590446804,1590446516,288
251-nods-found-batch-output,JON_188_idf_sha_nods_p2_r100_t518400_5M_25d_17h_36m_48s_apache.hadoop-cc2babc=org.apache.hadoop.yarn.server.timeline.TestEntityGroupFSTimelineStore.testParseSummaryLogs_output_1590446211,1590446808,1590446514,294
251-nods-found-batch-output,JON_188_idf_sha_nods_p2_r100_t518400_5M_25d_17h_36m_48s_apache.hadoop-cc2babc=org.apache.hadoop.yarn.server.timeline.TestLogInfo.testParseBrokenEntity_output_1590446211,1590446806,1590446516,290
251-nods-found-batch-output,JON_188_idf_sha_nods_p2_r100_t518400_5M_25d_17h_36m_48s_apache.hadoop-cc2babc=org.apache.hadoop.yarn.server.timeline.TestLogInfo.testParseEntity_output_1590446211,1590446805,1590446516,289
251-nods-found-batch-output,JON_188_idf_sha_nods_p2_r100_t518400_5M_25d_17h_36m_48s_apache.hbase-801fc05=org.apache.hadoop.hbase.procedure2.TestProcedureSkipPersistence.test_output_1590446211,1590447874,1590446518,1356
251-nods-found-batch-output,JON_188_idf_sha_nods_p2_r100_t518400_5M_25d_17h_36m_48s_apache.incubator-dubbo-737f7a7=org.apache.dubbo.remoting.exchange.support.header.HeartbeatHandlerTest.testHeartbeat_output_1590446211,1590448442,1590446516,1926
251-nods-found-batch-output,JON_188_idf_sha_nods_p2_r100_t518400_5M_25d_17h_36m_48s_apache.incubator-dubbo-737f7a7=org.apache.dubbo.rpc.protocol.dubbo.DubboLazyConnectTest.testSticky1_output_1590446211,1590447457,1590446520,937
251-nods-found-batch-output,JON_188_idf_sha_nods_p2_r100_t518400_5M_25d_17h_36m_48s_apache.incubator-dubbo-737f7a7=org.apache.dubbo.rpc.protocol.dubbo.DubboProtocolTest.testDemoProtocol_output_1590446211,1590447494,1590446518,976
251-nods-found-batch-output,JON_188_idf_sha_nods_p2_r100_t518400_5M_25d_17h_36m_48s_apache.incubator-dubbo-737f7a7=org.apache.dubbo.rpc.protocol.dubbo.DubboProtocolTest.testNonSerializedParameter_output_1590446211,1590447534,1590446524,1010
251-nods-found-batch-output,JON_188_idf_sha_nods_p2_r100_t518400_5M_25d_17h_36m_48s_apache.incubator-dubbo-737f7a7=org.apache.dubbo.rpc.protocol.dubbo.DubboProtocolTest.testPerm_output_1590446211,1590447717,1590446523,1194
251-nods-found-batch-output,JON_188_idf_sha_nods_p2_r100_t518400_5M_25d_17h_36m_48s_apache.incubator-dubbo-737f7a7=org.apache.dubbo.rpc.protocol.dubbo.DubboProtocolTest.testReturnNonSerialized_output_1590446211,1590447580,1590446523,1057
251-nods-found-batch-output,JON_188_idf_sha_nods_p2_r100_t518400_5M_25d_17h_36m_48s_apache.incubator-dubbo-737f7a7=org.apache.dubbo.rpc.protocol.dubbo.MultiThreadTest.testDubboMultiThreadInvoke_output_1590446211,1590447825,1590446520,1305
251-nods-found-batch-output,JON_188_idf_sha_nods_p2_r100_t518400_5M_25d_17h_36m_48s_apache.incubator-dubbo-737f7a7=org.apache.dubbo.rpc.protocol.dubbo.telnet.ChangeTelnetHandlerTest.testChangePath_output_1590446211,1590447517,1590446520,997
251-nods-found-batch-output,JON_188_idf_sha_nods_p2_r100_t518400_5M_25d_17h_36m_48s_apache.incubator-dubbo-737f7a7=org.apache.dubbo.rpc.protocol.dubbo.telnet.ListTelnetHandlerTest.testList_output_1590446211,1590447608,1590446523,1085
251-nods-found-batch-output,JON_188_idf_sha_nods_p2_r100_t518400_5M_25d_17h_36m_48s_apache.incubator-dubbo-737f7a7=org.apache.dubbo.rpc.protocol.dubbo.telnet.ListTelnetHandlerTest.testListService_output_1590446211,1590447543,1590446520,1023
251-nods-found-batch-output,JON_188_idf_sha_nods_p2_r100_t518400_5M_25d_17h_36m_48s_apache.incubator-dubbo-737f7a7=org.apache.dubbo.rpc.protocol.http.HttpProtocolTest.testGenericInvokeWithNativeJava_output_1590446211,1590447533,1590446525,1008
251-nods-found-batch-output,JON_188_idf_sha_nods_p2_r100_t518400_5M_25d_17h_36m_48s_apache.incubator-dubbo-737f7a7=org.apache.dubbo.rpc.protocol.http.HttpProtocolTest.testTimeOut_output_1590446211,1590447503,1590446524,979
251-nods-found-batch-output,JON_188_idf_sha_nods_p2_r100_t518400_5M_25d_17h_36m_48s_apereo.java-cas-client-574b74f=org.jasig.cas.client.validation.AssertionImplTests.testAssertionValidity_output_1590446211,1590446555,1590446528,27
251-nods-found-batch-output,JON_188_idf_sha_nods_p2_r100_t518400_5M_25d_17h_36m_48s_c2mon.c2mon-d80687b=cern.c2mon.daq.filter.dynamic.DiffTimeDeadbandActivatorTest.testNoActivationOnFirstRecord_output_1590446211,1590446914,1590446526,388
251-nods-found-batch-output,JON_188_idf_sha_nods_p2_r100_t518400_5M_25d_17h_36m_48s_c2mon.c2mon-d80687b=cern.c2mon.server.common.republisher.RepublisherImplTest.testMultipleExceptions_output_1590446211,1590447068,1590446525,543
251-nods-found-batch-output,JON_188_idf_sha_nods_p2_r100_t518400_5M_25d_17h_36m_48s_cescoffier.vertx-completable-future-011d3cd=me.escoffier.vertx.completablefuture.VertxCompletableFutureTest.testAcceptEitherAsyncWithExecutor_output_1590446211,1590446950,1590446526,424
251-nods-found-batch-output,JON_188_idf_sha_nods_p2_r100_t518400_5M_25d_17h_36m_48s_codingchili.excelastic-6bb7884=com.codingchili.TestWriter.shouldWriteToElasticPort_output_1590446211,1590447136,1590446528,608
251-nods-found-batch-output,JON_188_idf_sha_nods_p2_r100_t518400_5M_25d_17h_36m_48s_crawlscript.webcollector-016b61a=cn.edu.hfut.dmic.webcollector.util.OkHttpRequesterTest.testHttpCode_output_1590446211,1590446567,1590446525,42
251-nods-found-batch-output,JON_188_idf_sha_nods_p2_r100_t518400_5M_25d_17h_36m_48s_davidmoten.rxjava2-extras-d0315b6=com.github.davidmoten.rx2.internal.flowable.FlowableServerSocketTest.testLoad_output_1590446211,1590448190,1590446527,1663
251-nods-found-batch-output,JON_188_idf_sha_nods_p2_r100_t518400_5M_25d_17h_36m_48s_doanduyhai.achilles-e3099bd=info.archinnov.achilles.embedded.PortFinderTest.try_to_find_first_port_output_1590446211,1590446562,1590446552,10
251-nods-found-batch-output,JON_188_idf_sha_nods_p2_r100_t518400_5M_25d_17h_36m_48s_dropwizard.dropwizard-07dfaed=io.dropwizard.logging.DefaultLoggingFactoryTest.testConfigure_output_1590446211,1590446588,1590446531,57
251-nods-found-batch-output,JON_188_idf_sha_nods_p2_r100_t518400_5M_25d_17h_36m_48s_eclipse-ee4j.tyrus-d86e0cb=org.glassfish.tyrus.test.e2e.non_deployable.ServerExecutorsManagementTest.testExecutorServicesGetClosed_output_1590446211,1590447132,1590446547,585
251-nods-found-batch-output,JON_188_idf_sha_nods_p2_r100_t518400_5M_25d_17h_36m_48s_elasticjob.elastic-job-lite-b022898=io.elasticjob.lite.event.rdb.JobEventRdbSearchTest.assertFindJobExecutionEventsWithTime_output_1590446211,1590447063,1590446550,513
251-nods-found-batch-output,JON_188_idf_sha_nods_p2_r100_t518400_5M_25d_17h_36m_48s_elasticjob.elastic-job-lite-b022898=io.elasticjob.lite.lifecycle.api.JobAPIFactoryTest.assertCreateJobStatisticsAPI_output_1590446211,1590447208,1590446533,675
251-nods-found-batch-output,JON_188_idf_sha_nods_p2_r100_t518400_5M_25d_17h_36m_48s_elasticjob.elastic-job-lite-b022898=io.elasticjob.lite.lifecycle.api.JobAPIFactoryTest.assertCreateServerStatisticsAPI_output_1590446211,1590447157,1590446535,622
251-nods-found-batch-output,JON_188_idf_sha_nods_p2_r100_t518400_5M_25d_17h_36m_48s_elasticjob.elastic-job-lite-b022898=io.elasticjob.lite.spring.job.JobSpringNamespaceWithEventTraceRdbTest.assertSpringJobBean_output_1590446211,1590450764,1590446533,4231
251-nods-found-batch-output,JON_188_idf_sha_nods_p2_r100_t518400_5M_25d_17h_36m_48s_elasticjob.elastic-job-lite-b022898=io.elasticjob.lite.spring.job.JobSpringNamespaceWithListenerAndJdkDynamicProxyTest.assertSpringJobBean_output_1590446211,1590450776,1590446542,4234
251-nods-found-batch-output,JON_188_idf_sha_nods_p2_r100_t518400_5M_25d_17h_36m_48s_elasticjob.elastic-job-lite-b022898=io.elasticjob.lite.spring.job.JobSpringNamespaceWithoutListenerTest.assertSpringJobBean_output_1590446211,1590450767,1590446535,4232
251-nods-found-batch-output,JON_188_idf_sha_nods_p2_r100_t518400_5M_25d_17h_36m_48s_espertechinc.esper-590fa9c=com.espertech.esper.example.rfidassetzone.TestLRMovingSimMain.testSim_output_1590446211,1590447743,1590446542,1201
251-nods-found-batch-output,JON_188_idf_sha_nods_p2_r100_t518400_5M_25d_17h_36m_48s_feroult.yawp-b3bcf9c=io.yawp.testing.appengine.pipes.flow.FlowDropsTest.testFlowDropsToSameSink_output_1590446211,1590447347,1590446539,808
251-nods-found-batch-output,JON_188_idf_sha_nods_p2_r100_t518400_5M_25d_17h_36m_48s_flaxsearch.luwak-c27ec08=uk.co.flax.luwak.matchers.TestParallelMatcher.testParallelSlowLog_output_1590446211,1590446962,1590446535,427
251-nods-found-batch-output,JON_188_idf_sha_nods_p2_r100_t518400_5M_25d_17h_36m_48s_flaxsearch.luwak-c27ec08=uk.co.flax.luwak.matchers.TestPartitionMatcher.testParallelSlowLog_output_1590446211,1590446953,1590446547,406
251-nods-found-batch-output,JON_188_idf_sha_nods_p2_r100_t518400_5M_25d_17h_36m_48s_fluent.fluent-logger-java-da14ec3=org.fluentd.logger.TestFluentLogger.testReconnection_output_1590446211,1590447719,1590446550,1169
251-nods-found-batch-output,JON_188_idf_sha_nods_p2_r100_t518400_5M_25d_17h_36m_48s_fromage.redpipe-0aff891=net.redpipe.discovery.DiscoveryTest.checkWebClient_output_1590446211,1590447179,1590446542,637
251-nods-found-batch-output,JON_188_idf_sha_nods_p2_r100_t518400_5M_25d_17h_36m_48s_fromage.redpipe-0aff891=net.redpipe.engine.swagger.SwaggerApiTest.checkSwagger_output_1590446211,1590447091,1590446546,545
251-nods-found-batch-output,JON_188_idf_sha_nods_p2_r100_t518400_5M_25d_17h_36m_48s_javadelight.delight-nashorn-sandbox-da35edc=delight.nashornsandbox.TestGetFunction.test_output_1590446211,1590447221,1590446552,669
251-nods-found-batch-output,JON_188_idf_sha_nods_p2_r100_t518400_5M_25d_17h_36m_48s_javadelight.delight-nashorn-sandbox-da35edc=delight.nashornsandbox.TestMemoryLimit.test_no_abuse_output_1590446211,1590447145,1590446552,593
251-nods-found-batch-output,JON_188_idf_sha_nods_p2_r100_t518400_5M_25d_17h_36m_48s_kagkarlsson.db-scheduler-4a8a28e=com.github.kagkarlsson.scheduler.compatibility.HsqlCompatibilityTest.test_compatibility_output_1590446211,1590447957,1590446552,1405
251-nods-found-batch-output,JON_188_idf_sha_nods_p2_r100_t518400_5M_25d_17h_36m_48s_kagkarlsson.db-scheduler-4a8a28e=com.github.kagkarlsson.scheduler.SchedulerTest.scheduler_should_execute_rescheduled_task_when_exactly_due_output_1590446211,1590446918,1590446552,366
251-nods-found-batch-output,JON_188_idf_sha_nods_p2_r100_t518400_5M_25d_17h_36m_48s_knightliao.disconf-2ac5c82=com.baidu.disconf.client.test.DisconfMgrTestCase.demo_output_1590446211,1590446595,1590446554,41
251-nods-found-batch-output,JON_188_idf_sha_nods_p2_r100_t518400_5M_25d_17h_36m_48s_lcw2004.one-7b9b249=com.lcw.one.main.EmailServiceTest.sendEmailList_output_1590446211,1590447238,1590446554,684
251-nods-found-batch-output,JON_188_idf_sha_nods_p2_r100_t518400_5M_25d_17h_36m_48s_logzio.sawmill-e493c2e=io.logz.sawmill.PipelineExecutorTest.testOnSuccessPipelineExecution_output_1590446211,1590446582,1590446556,26
251-nods-found-batch-output,JON_188_idf_sha_nods_p2_r100_t518400_5M_25d_17h_36m_48s_logzio.sawmill-e493c2e=io.logz.sawmill.PipelineExecutorTest.testWarnLongProcessingExecution_output_1590446211,1590446582,1590446554,28
251-nods-found-batch-output,JON_188_idf_sha_nods_p2_r100_t518400_5M_25d_17h_36m_48s_logzio.sawmill-e493c2e=io.logz.sawmill.processors.ConvertFieldProcessorTest.testConvertToBoolean_output_1590446211,1590446525,1590446500,25
251-nods-found-batch-output,JON_188_idf_sha_nods_p2_r100_t518400_5M_25d_17h_36m_48s_marcosbarbero.spring-cloud-zuul-ratelimit-ae9603f=com.marcosbarbero.tests.it.Bucket4jInfinispanApplicationTestIT.testExceedingQuotaCapacityRequest_output_1590446211,1590448723,1590446556,2167
251-nods-found-batch-output,JON_188_idf_sha_nods_p2_r100_t518400_5M_25d_17h_36m_48s_nationalsecurityagency.timely-3a8cbd3=timely.store.iterators.TimeSeriesGroupingIteratorTest.testMultipleTimeSeriesMovingAverage_output_1590446211,1590447876,1590446556,1320
251-nods-found-batch-output,JON_188_idf_sha_nods_p2_r100_t518400_5M_25d_17h_36m_48s_odrotbohm.sos-d4ed68a=example.sos.modulith.orders.EmailNotificationTest.completingAnOrderUpdatesInventory_output_1590446211,1590447513,1590446556,957
251-nods-found-batch-output,JON_188_idf_sha_nods_p2_r100_t518400_5M_25d_17h_36m_48s_openpojo.openpojo-9badbcc=com.openpojo.reflection.impl.PojoClassImplTest.shouldCreateInstanceOnAbstract_output_1590446211,1590447823,1590446559,1264
251-nods-found-batch-output,JON_188_idf_sha_nods_p2_r100_t518400_5M_25d_17h_36m_48s_oracle.oci-java-sdk-2e9982f=com.oracle.bmc.objectstorage.transfer.ProgressTrackerTest.multipartUploadProgressTrackerFactory_simulateRealLifeScenario_output_1590446211,1590447388,1590446556,832
251-nods-found-batch-output,JON_188_idf_sha_nods_p2_r100_t518400_5M_25d_17h_36m_48s_orbit.orbit-c4904af=cloud.orbit.actors.extensions.test.LengthFieldHandlerTest.randomMessages_output_1590446211,1590447076,1590446561,515
251-nods-found-batch-output,JON_188_idf_sha_nods_p2_r100_t518400_5M_25d_17h_36m_48s_oryxproject.oryx-72ae4bb=com.cloudera.oryx.common.io.IOUtilsTest.testDistinctFreePorts_output_1590446211,1590447154,1590446561,593
251-nods-found-batch-output,JON_188_idf_sha_nods_p2_r100_t518400_5M_25d_17h_36m_48s_outbrain.aletheia-024a4b7=com.outbrain.aletheia.SampleDomainClassDatumTest.test_avro_route_output_1590446211,1590447110,1590446561,549
251-nods-found-batch-output,JON_188_idf_sha_nods_p2_r100_t518400_5M_25d_17h_36m_48s_outbrain.aletheia-024a4b7=com.outbrain.aletheia.SampleDomainClassDatumTest.testDatumRoutes_output_1590446211,1590447121,1590446561,560
251-nods-found-batch-output,JON_188_idf_sha_nods_p2_r100_t518400_5M_25d_17h_36m_48s_outbrain.aletheia-024a4b7=com.outbrain.aletheia.SampleDomainClassDatumTest.test_json_route_output_1590446211,1590447102,1590446563,539
251-nods-found-batch-output,JON_188_idf_sha_nods_p2_r100_t518400_5M_25d_17h_36m_48s_outbrain.aletheia-024a4b7=com.outbrain.aletheia.SampleDomainClassDatumTest.test_multiple_routes_output_1590446211,1590447063,1590446502,561
251-nods-found-batch-output,JON_188_idf_sha_nods_p2_r100_t518400_5M_25d_17h_36m_48s_pippo-java.pippo-ae898b6=ro.pippo.session.jedis.JedisSessionDataStorageTest.testDelete_output_1590446211,1590446882,1590446502,380
251-nods-found-batch-output,JON_188_idf_sha_nods_p2_r100_t518400_5M_25d_17h_36m_48s_pippo-java.pippo-ae898b6=ro.pippo.session.mongodb.MongoDBSessionDataStorageTest.testCreate_output_1590446211,1590447025,1590446561,464
251-nods-found-batch-output,JON_188_idf_sha_nods_p2_r100_t518400_5M_25d_17h_36m_48s_pippo-java.pippo-ae898b6=ro.pippo.session.mongodb.MongoDBSessionDataStorageTest.testDelete_output_1590446211,1590447020,1590446563,457
251-nods-found-batch-output,JON_188_idf_sha_nods_p2_r100_t518400_5M_25d_17h_36m_48s_pippo-java.pippo-ae898b6=ro.pippo.session.mongodb.MongoDBSessionDataStorageTest.testGet_output_1590446211,1590447009,1590446563,446
251-nods-found-batch-output,JON_188_idf_sha_nods_p2_r100_t518400_5M_25d_17h_36m_48s_pippo-java.pippo-ae898b6=ro.pippo.session.mongodb.MongoDBSessionDataStorageTest.testSave_output_1590446211,1590447037,1590446563,474
251-nods-found-batch-output,JON_188_idf_sha_nods_p2_r100_t518400_5M_25d_17h_36m_48s_ppiastucki.recast4j-01d478e=org.recast4j.detour.tilecache.TileCacheTest.testPerformance_output_1590446211,1590448855,1590446565,2290
251-nods-found-batch-output,JON_188_idf_sha_nods_p2_r100_t518400_5M_25d_17h_36m_48s_querydsl.querydsl-2bf234c=com.querydsl.hibernate.search.SearchQueryTest.count_output_1590446211,1590447901,1590446567,1334
251-nods-found-batch-output,JON_188_idf_sha_nods_p2_r100_t518400_5M_25d_17h_36m_48s_querydsl.querydsl-2bf234c=com.querydsl.hibernate.search.SearchQueryTest.listResults_output_1590446211,1590447933,1590446565,1368
251-nods-found-batch-output,JON_188_idf_sha_nods_p2_r100_t518400_5M_25d_17h_36m_48s_querydsl.querydsl-2bf234c=com.querydsl.hibernate.search.SearchQueryTest.paging_output_1590446211,1590447901,1590446565,1336
251-nods-found-batch-output,JON_188_idf_sha_nods_p2_r100_t518400_5M_25d_17h_36m_48s_spinn3r.noxy-d53a494=com.spinn3r.noxy.discovery.zookeeper.ZKTest.testBulkClusterJoining_output_1590446211,1590457239,1590446565,10674
251-nods-found-batch-output,JON_188_idf_sha_nods_p2_r100_t518400_5M_25d_17h_36m_48s_spinn3r.noxy-d53a494=com.spinn3r.noxy.discovery.zookeeper.ZKTest.testDiscoveryListener_output_1590446211,1590447283,1590446565,718
251-nods-found-batch-output,JON_188_idf_sha_nods_p2_r100_t518400_5M_25d_17h_36m_48s_spotify.helios-aebf68d=com.spotify.helios.testing.HeliosSoloDeploymentTest.testUndeployLeftoverJobs_output_1590446211,1590450307,1590446500,3807
251-nods-found-batch-output,JON_188_idf_sha_nods_p2_r100_t518400_5M_25d_17h_39m_48s_alibaba.fastjson-e05e9c5=com.alibaba.json.bvt.parser.deser.AbstractSerializeTest.test_mapping_1_output_1590446391,1590447139,1590446646,493
251-nods-found-batch-output,JON_188_idf_sha_nods_p2_r100_t518400_5M_25d_17h_39m_48s_alibaba.fastjson-e05e9c5=com.alibaba.json.bvt.parser.deser.AbstractSerializeTest.test_mapping_2_output_1590446391,1590447133,1590446651,482
251-nods-found-batch-output,JON_188_idf_sha_nods_p2_r100_t518400_5M_25d_17h_39m_48s_apache.hadoop-cc2babc=org.apache.hadoop.fs.http.server.TestHttpFSServer.testAllowSnapshot_output_1590446391,1590446923,1590446649,274
251-nods-found-batch-output,JON_188_idf_sha_nods_p2_r100_t518400_5M_25d_17h_39m_48s_apache.hadoop-cc2babc=org.apache.hadoop.fs.http.server.TestHttpFSServer.testCreateSnapshot_output_1590446391,1590446940,1590446649,291
251-nods-found-batch-output,JON_188_idf_sha_nods_p2_r100_t518400_5M_25d_17h_39m_48s_apache.hadoop-cc2babc=org.apache.hadoop.fs.http.server.TestHttpFSServer.testDelegationTokenOperationsSsl_output_1590446391,1590446940,1590446650,290
251-nods-found-batch-output,JON_188_idf_sha_nods_p2_r100_t518400_5M_25d_17h_39m_48s_apache.hadoop-cc2babc=org.apache.hadoop.fs.http.server.TestHttpFSServer.testDirAcls_output_1590446391,1590446938,1590446651,287
251-nods-found-batch-output,JON_188_idf_sha_nods_p2_r100_t518400_5M_25d_17h_39m_48s_apache.hadoop-cc2babc=org.apache.hadoop.fs.http.server.TestHttpFSServer.testDisallowSnapshotException_output_1590446391,1590446929,1590446653,276
251-nods-found-batch-output,JON_188_idf_sha_nods_p2_r100_t518400_5M_25d_17h_39m_48s_apache.hadoop-cc2babc=org.apache.hadoop.fs.http.server.TestHttpFSServer.testDisallowSnapshot_output_1590446391,1590446932,1590446649,283
251-nods-found-batch-output,JON_188_idf_sha_nods_p2_r100_t518400_5M_25d_17h_39m_48s_apache.hadoop-cc2babc=org.apache.hadoop.fs.http.server.TestHttpFSServer.testGetSnapshotDiffIllegalParam_output_1590446391,1590446932,1590446646,286
251-nods-found-batch-output,JON_188_idf_sha_nods_p2_r100_t518400_5M_25d_17h_39m_48s_apache.hadoop-cc2babc=org.apache.hadoop.lib.service.hadoop.TestFileSystemAccessService.fileSystemCache_output_1590446391,1590446935,1590446653,282
251-nods-found-batch-output,JON_188_idf_sha_nods_p2_r100_t518400_5M_25d_17h_39m_48s_apache.hadoop-cc2babc=org.apache.hadoop.lib.service.hadoop.TestFileSystemAccessService.fileSystemExecutor_output_1590446391,1590446943,1590446658,285
251-nods-found-batch-output,JON_188_idf_sha_nods_p2_r100_t518400_5M_25d_17h_39m_48s_apache.hadoop-cc2babc=org.apache.hadoop.lib.servlet.TestServerWebApp.getHomeDirNotDef_output_1590446391,1590446944,1590446653,291
251-nods-found-batch-output,JON_188_idf_sha_nods_p2_r100_t518400_5M_25d_17h_39m_48s_apache.hadoop-cc2babc=org.apache.hadoop.registry.client.impl.TestCuratorService.testRM_output_1590446391,1590446949,1590446660,289
251-nods-found-batch-output,JON_188_idf_sha_nods_p2_r100_t518400_5M_25d_17h_39m_48s_apache.hadoop-cc2babc=org.apache.hadoop.registry.secure.TestSecureLogins.testDefaultRealmValid_output_1590446391,1590446955,1590446662,293
251-nods-found-batch-output,JON_188_idf_sha_nods_p2_r100_t518400_5M_25d_17h_39m_48s_apache.hadoop-cc2babc=org.apache.hadoop.registry.secure.TestSecureLogins.testUGILogin_output_1590446391,1590446945,1590446660,285
251-nods-found-batch-output,JON_188_idf_sha_nods_p2_r100_t518400_5M_25d_17h_39m_48s_apache.hadoop-cc2babc=org.apache.hadoop.yarn.server.timelineservice.reader.TestTimelineReaderWebServices.testGetEntityDefaultView_output_1590446391,1590446950,1590446662,288
251-nods-found-batch-output,JON_188_idf_sha_nods_p2_r100_t518400_5M_25d_17h_39m_48s_apache.hadoop-cc2babc=org.apache.hadoop.yarn.server.timeline.TestEntityGroupFSTimelineStore.testGetEntityPluginRead_output_1590446391,1590446959,1590446669,290
251-nods-found-batch-output,JON_188_idf_sha_nods_p2_r100_t518400_5M_25d_17h_39m_48s_apache.hadoop-cc2babc=org.apache.hadoop.yarn.server.timeline.TestEntityGroupFSTimelineStore.testMoveToDone_output_1590446391,1590446948,1590446658,290
251-nods-found-batch-output,JON_188_idf_sha_nods_p2_r100_t518400_5M_25d_17h_39m_48s_apache.hadoop-cc2babc=org.apache.hadoop.yarn.server.timeline.TestLogInfo.testParseBrokenEntity_output_1590446391,1590446943,1590446655,288
251-nods-found-batch-output,JON_188_idf_sha_nods_p2_r100_t518400_5M_25d_17h_39m_48s_apache.hadoop-cc2babc=org.apache.hadoop.yarn.server.timeline.TestEntityGroupFSTimelineStore.testParseSummaryLogs_output_1590446391,1590446953,1590446662,291
251-nods-found-batch-output,JON_188_idf_sha_nods_p2_r100_t518400_5M_25d_17h_39m_48s_apache.hadoop-cc2babc=org.apache.hadoop.yarn.server.timeline.TestLogInfo.testParseEntity_output_1590446391,1590446947,1590446662,285
251-nods-found-batch-output,JON_188_idf_sha_nods_p2_r100_t518400_5M_25d_17h_39m_48s_apache.hbase-801fc05=org.apache.hadoop.hbase.procedure2.TestProcedureSkipPersistence.test_output_1590446391,1590448033,1590446662,1371
251-nods-found-batch-output,JON_188_idf_sha_nods_p2_r100_t518400_5M_25d_17h_39m_48s_apache.incubator-dubbo-737f7a7=org.apache.dubbo.remoting.exchange.support.header.HeartbeatHandlerTest.testHeartbeat_output_1590446391,1590448584,1590446667,1917
251-nods-found-batch-output,JON_188_idf_sha_nods_p2_r100_t518400_5M_25d_17h_39m_48s_apache.incubator-dubbo-737f7a7=org.apache.dubbo.rpc.protocol.dubbo.DubboLazyConnectTest.testSticky1_output_1590446391,1590447584,1590446655,929
251-nods-found-batch-output,JON_188_idf_sha_nods_p2_r100_t518400_5M_25d_17h_39m_48s_apache.incubator-dubbo-737f7a7=org.apache.dubbo.rpc.protocol.dubbo.DubboProtocolTest.testDemoProtocol_output_1590446391,1590447708,1590446669,1039
251-nods-found-batch-output,JON_188_idf_sha_nods_p2_r100_t518400_5M_25d_17h_39m_48s_apache.incubator-dubbo-737f7a7=org.apache.dubbo.rpc.protocol.dubbo.DubboProtocolTest.testNonSerializedParameter_output_1590446391,1590447663,1590446669,994
251-nods-found-batch-output,JON_188_idf_sha_nods_p2_r100_t518400_5M_25d_17h_39m_48s_apache.incubator-dubbo-737f7a7=org.apache.dubbo.rpc.protocol.dubbo.DubboProtocolTest.testPerm_output_1590446391,1590447806,1590446669,1137
251-nods-found-batch-output,JON_188_idf_sha_nods_p2_r100_t518400_5M_25d_17h_39m_48s_apache.incubator-dubbo-737f7a7=org.apache.dubbo.rpc.protocol.dubbo.DubboProtocolTest.testReturnNonSerialized_output_1590446391,1590447649,1590446672,977
251-nods-found-batch-output,JON_188_idf_sha_nods_p2_r100_t518400_5M_25d_17h_39m_48s_apache.incubator-dubbo-737f7a7=org.apache.dubbo.rpc.protocol.dubbo.MultiThreadTest.testDubboMultiThreadInvoke_output_1590446391,1590448007,1590446675,1332
251-nods-found-batch-output,JON_188_idf_sha_nods_p2_r100_t518400_5M_25d_17h_39m_48s_apache.incubator-dubbo-737f7a7=org.apache.dubbo.rpc.protocol.dubbo.telnet.ChangeTelnetHandlerTest.testChangePath_output_1590446391,1590447712,1590446670,1042
251-nods-found-batch-output,JON_188_idf_sha_nods_p2_r100_t518400_5M_25d_17h_39m_48s_apache.incubator-dubbo-737f7a7=org.apache.dubbo.rpc.protocol.dubbo.telnet.ListTelnetHandlerTest.testList_output_1590446391,1590447687,1590446674,1013
251-nods-found-batch-output,JON_188_idf_sha_nods_p2_r100_t518400_5M_25d_17h_39m_48s_apache.incubator-dubbo-737f7a7=org.apache.dubbo.rpc.protocol.dubbo.telnet.ListTelnetHandlerTest.testListService_output_1590446391,1590447756,1590446673,1083
251-nods-found-batch-output,JON_188_idf_sha_nods_p2_r100_t518400_5M_25d_17h_39m_48s_apache.incubator-dubbo-737f7a7=org.apache.dubbo.rpc.protocol.http.HttpProtocolTest.testGenericInvokeWithNativeJava_output_1590446391,1590447672,1590446672,1000
251-nods-found-batch-output,JON_188_idf_sha_nods_p2_r100_t518400_5M_25d_17h_39m_48s_apache.incubator-dubbo-737f7a7=org.apache.dubbo.rpc.protocol.http.HttpProtocolTest.testTimeOut_output_1590446391,1590447668,1590446677,991
251-nods-found-batch-output,JON_188_idf_sha_nods_p2_r100_t518400_5M_25d_17h_39m_48s_apereo.java-cas-client-574b74f=org.jasig.cas.client.validation.AssertionImplTests.testAssertionValidity_output_1590446391,1590446701,1590446672,29
251-nods-found-batch-output,JON_188_idf_sha_nods_p2_r100_t518400_5M_25d_17h_39m_48s_c2mon.c2mon-d80687b=cern.c2mon.daq.filter.dynamic.DiffTimeDeadbandActivatorTest.testNoActivationOnFirstRecord_output_1590446391,1590447039,1590446673,366
251-nods-found-batch-output,JON_188_idf_sha_nods_p2_r100_t518400_5M_25d_17h_39m_48s_c2mon.c2mon-d80687b=cern.c2mon.server.common.republisher.RepublisherImplTest.testMultipleExceptions_output_1590446391,1590447175,1590446677,498
251-nods-found-batch-output,JON_188_idf_sha_nods_p2_r100_t518400_5M_25d_17h_39m_48s_cescoffier.vertx-completable-future-011d3cd=me.escoffier.vertx.completablefuture.VertxCompletableFutureTest.testAcceptEitherAsyncWithExecutor_output_1590446391,1590447115,1590446677,438
251-nods-found-batch-output,JON_188_idf_sha_nods_p2_r100_t518400_5M_25d_17h_39m_48s_codingchili.excelastic-6bb7884=com.codingchili.TestWriter.shouldWriteToElasticPort_output_1590446391,1590447259,1590446677,582
251-nods-found-batch-output,JON_188_idf_sha_nods_p2_r100_t518400_5M_25d_17h_39m_48s_crawlscript.webcollector-016b61a=cn.edu.hfut.dmic.webcollector.util.OkHttpRequesterTest.testHttpCode_output_1590446391,1590446720,1590446677,43
251-nods-found-batch-output,JON_188_idf_sha_nods_p2_r100_t518400_5M_25d_17h_39m_48s_davidmoten.rxjava2-extras-d0315b6=com.github.davidmoten.rx2.internal.flowable.FlowableServerSocketTest.testLoad_output_1590446391,1590448297,1590446674,1623
251-nods-found-batch-output,JON_188_idf_sha_nods_p2_r100_t518400_5M_25d_17h_39m_48s_doanduyhai.achilles-e3099bd=info.archinnov.achilles.embedded.PortFinderTest.try_to_find_first_port_output_1590446391,1590446726,1590446716,10
251-nods-found-batch-output,JON_188_idf_sha_nods_p2_r100_t518400_5M_25d_17h_39m_48s_dropwizard.dropwizard-07dfaed=io.dropwizard.logging.DefaultLoggingFactoryTest.testConfigure_output_1590446391,1590446762,1590446703,59
251-nods-found-batch-output,JON_188_idf_sha_nods_p2_r100_t518400_5M_25d_17h_39m_48s_eclipse-ee4j.tyrus-d86e0cb=org.glassfish.tyrus.test.e2e.non_deployable.ServerExecutorsManagementTest.testExecutorServicesGetClosed_output_1590446391,1590447298,1590446679,619
251-nods-found-batch-output,JON_188_idf_sha_nods_p2_r100_t518400_5M_25d_17h_39m_48s_elasticjob.elastic-job-lite-b022898=io.elasticjob.lite.event.rdb.JobEventRdbSearchTest.assertFindJobExecutionEventsWithTime_output_1590446391,1590447194,1590446679,515
251-nods-found-batch-output,JON_188_idf_sha_nods_p2_r100_t518400_5M_25d_17h_39m_48s_elasticjob.elastic-job-lite-b022898=io.elasticjob.lite.lifecycle.api.JobAPIFactoryTest.assertCreateJobStatisticsAPI_output_1590446391,1590447263,1590446679,584
251-nods-found-batch-output,JON_188_idf_sha_nods_p2_r100_t518400_5M_25d_17h_39m_48s_elasticjob.elastic-job-lite-b022898=io.elasticjob.lite.lifecycle.api.JobAPIFactoryTest.assertCreateServerStatisticsAPI_output_1590446391,1590447357,1590446688,669
251-nods-found-batch-output,JON_188_idf_sha_nods_p2_r100_t518400_5M_25d_17h_39m_48s_elasticjob.elastic-job-lite-b022898=io.elasticjob.lite.spring.job.JobSpringNamespaceWithEventTraceRdbTest.assertSpringJobBean_output_1590446391,1590450935,1590446705,4230
251-nods-found-batch-output,JON_188_idf_sha_nods_p2_r100_t518400_5M_25d_17h_39m_48s_elasticjob.elastic-job-lite-b022898=io.elasticjob.lite.spring.job.JobSpringNamespaceWithListenerAndJdkDynamicProxyTest.assertSpringJobBean_output_1590446391,1590450911,1590446681,4230
251-nods-found-batch-output,JON_188_idf_sha_nods_p2_r100_t518400_5M_25d_17h_39m_48s_elasticjob.elastic-job-lite-b022898=io.elasticjob.lite.spring.job.JobSpringNamespaceWithoutListenerTest.assertSpringJobBean_output_1590446391,1590450919,1590446681,4238
251-nods-found-batch-output,JON_188_idf_sha_nods_p2_r100_t518400_5M_25d_17h_39m_48s_espertechinc.esper-590fa9c=com.espertech.esper.example.rfidassetzone.TestLRMovingSimMain.testSim_output_1590446391,1590447827,1590446681,1146
251-nods-found-batch-output,JON_188_idf_sha_nods_p2_r100_t518400_5M_25d_17h_39m_48s_feroult.yawp-b3bcf9c=io.yawp.testing.appengine.pipes.flow.FlowDropsTest.testFlowDropsToSameSink_output_1590446391,1590447471,1590446703,768
251-nods-found-batch-output,JON_188_idf_sha_nods_p2_r100_t518400_5M_25d_17h_39m_48s_flaxsearch.luwak-c27ec08=uk.co.flax.luwak.matchers.TestParallelMatcher.testParallelSlowLog_output_1590446391,1590447128,1590446684,444
251-nods-found-batch-output,JON_188_idf_sha_nods_p2_r100_t518400_5M_25d_17h_39m_48s_flaxsearch.luwak-c27ec08=uk.co.flax.luwak.matchers.TestPartitionMatcher.testParallelSlowLog_output_1590446391,1590447143,1590446703,440
251-nods-found-batch-output,JON_188_idf_sha_nods_p2_r100_t518400_5M_25d_17h_39m_48s_fluent.fluent-logger-java-da14ec3=org.fluentd.logger.TestFluentLogger.testReconnection_output_1590446391,1590447844,1590446681,1163
251-nods-found-batch-output,JON_188_idf_sha_nods_p2_r100_t518400_5M_25d_17h_39m_48s_fromage.redpipe-0aff891=net.redpipe.discovery.DiscoveryTest.checkWebClient_output_1590446391,1590447282,1590446707,575
251-nods-found-batch-output,JON_188_idf_sha_nods_p2_r100_t518400_5M_25d_17h_39m_48s_fromage.redpipe-0aff891=net.redpipe.engine.swagger.SwaggerApiTest.checkSwagger_output_1590446391,1590447292,1590446717,575
251-nods-found-batch-output,JON_188_idf_sha_nods_p2_r100_t518400_5M_25d_17h_39m_48s_javadelight.delight-nashorn-sandbox-da35edc=delight.nashornsandbox.TestGetFunction.test_output_1590446391,1590447307,1590446718,589
251-nods-found-batch-output,JON_188_idf_sha_nods_p2_r100_t518400_5M_25d_17h_39m_48s_javadelight.delight-nashorn-sandbox-da35edc=delight.nashornsandbox.TestMemoryLimit.test_no_abuse_output_1590446391,1590447308,1590446712,596
251-nods-found-batch-output,JON_188_idf_sha_nods_p2_r100_t518400_5M_25d_17h_39m_48s_kagkarlsson.db-scheduler-4a8a28e=com.github.kagkarlsson.scheduler.compatibility.HsqlCompatibilityTest.test_compatibility_output_1590446391,1590448186,1590446709,1477
251-nods-found-batch-output,JON_188_idf_sha_nods_p2_r100_t518400_5M_25d_17h_39m_48s_kagkarlsson.db-scheduler-4a8a28e=com.github.kagkarlsson.scheduler.SchedulerTest.scheduler_should_execute_rescheduled_task_when_exactly_due_output_1590446391,1590447051,1590446688,363
251-nods-found-batch-output,JON_188_idf_sha_nods_p2_r100_t518400_5M_25d_17h_39m_48s_knightliao.disconf-2ac5c82=com.baidu.disconf.client.test.DisconfMgrTestCase.demo_output_1590446391,1590446757,1590446712,45
251-nods-found-batch-output,JON_188_idf_sha_nods_p2_r100_t518400_5M_25d_17h_39m_48s_lcw2004.one-7b9b249=com.lcw.one.main.EmailServiceTest.sendEmailList_output_1590446391,1590447433,1590446709,724
251-nods-found-batch-output,JON_188_idf_sha_nods_p2_r100_t518400_5M_25d_17h_39m_48s_logzio.sawmill-e493c2e=io.logz.sawmill.PipelineExecutorTest.testOnSuccessPipelineExecution_output_1590446391,1590446783,1590446764,19
251-nods-found-batch-output,JON_188_idf_sha_nods_p2_r100_t518400_5M_25d_17h_39m_48s_logzio.sawmill-e493c2e=io.logz.sawmill.PipelineExecutorTest.testWarnLongProcessingExecution_output_1590446391,1590446753,1590446724,29
251-nods-found-batch-output,JON_188_idf_sha_nods_p2_r100_t518400_5M_25d_17h_39m_48s_logzio.sawmill-e493c2e=io.logz.sawmill.processors.ConvertFieldProcessorTest.testConvertToBoolean_output_1590446391,1590446672,1590446645,27
251-nods-found-batch-output,JON_188_idf_sha_nods_p2_r100_t518400_5M_25d_17h_39m_48s_marcosbarbero.spring-cloud-zuul-ratelimit-ae9603f=com.marcosbarbero.tests.it.Bucket4jInfinispanApplicationTestIT.testExceedingQuotaCapacityRequest_output_1590446391,1590448969,1590446714,2255
251-nods-found-batch-output,JON_188_idf_sha_nods_p2_r100_t518400_5M_25d_17h_39m_48s_nationalsecurityagency.timely-3a8cbd3=timely.store.iterators.TimeSeriesGroupingIteratorTest.testMultipleTimeSeriesMovingAverage_output_1590446391,1590447955,1590446729,1226
251-nods-found-batch-output,JON_188_idf_sha_nods_p2_r100_t518400_5M_25d_17h_39m_48s_odrotbohm.sos-d4ed68a=example.sos.modulith.orders.EmailNotificationTest.completingAnOrderUpdatesInventory_output_1590446391,1590447756,1590446726,1030
251-nods-found-batch-output,JON_188_idf_sha_nods_p2_r100_t518400_5M_25d_17h_39m_48s_openpojo.openpojo-9badbcc=com.openpojo.reflection.impl.PojoClassImplTest.shouldCreateInstanceOnAbstract_output_1590446391,1590448007,1590446723,1284
251-nods-found-batch-output,JON_188_idf_sha_nods_p2_r100_t518400_5M_25d_17h_39m_48s_oracle.oci-java-sdk-2e9982f=com.oracle.bmc.objectstorage.transfer.ProgressTrackerTest.multipartUploadProgressTrackerFactory_simulateRealLifeScenario_output_1590446391,1590447574,1590446716,858
251-nods-found-batch-output,JON_188_idf_sha_nods_p2_r100_t518400_5M_25d_17h_39m_48s_orbit.orbit-c4904af=cloud.orbit.actors.extensions.test.LengthFieldHandlerTest.randomMessages_output_1590446391,1590447262,1590446718,544
251-nods-found-batch-output,JON_188_idf_sha_nods_p2_r100_t518400_5M_25d_17h_39m_48s_oryxproject.oryx-72ae4bb=com.cloudera.oryx.common.io.IOUtilsTest.testDistinctFreePorts_output_1590446391,1590447353,1590446759,594
251-nods-found-batch-output,JON_188_idf_sha_nods_p2_r100_t518400_5M_25d_17h_39m_48s_outbrain.aletheia-024a4b7=com.outbrain.aletheia.SampleDomainClassDatumTest.test_avro_route_output_1590446391,1590447332,1590446750,582
251-nods-found-batch-output,JON_188_idf_sha_nods_p2_r100_t518400_5M_25d_17h_39m_48s_outbrain.aletheia-024a4b7=com.outbrain.aletheia.SampleDomainClassDatumTest.testDatumRoutes_output_1590446391,1590447332,1590446750,582
251-nods-found-batch-output,JON_188_idf_sha_nods_p2_r100_t518400_5M_25d_17h_39m_48s_outbrain.aletheia-024a4b7=com.outbrain.aletheia.SampleDomainClassDatumTest.test_json_route_output_1590446391,1590447303,1590446769,534
251-nods-found-batch-output,JON_188_idf_sha_nods_p2_r100_t518400_5M_25d_17h_39m_48s_outbrain.aletheia-024a4b7=com.outbrain.aletheia.SampleDomainClassDatumTest.test_multiple_routes_output_1590446391,1590447396,1590446755,641
251-nods-found-batch-output,JON_188_idf_sha_nods_p2_r100_t518400_5M_25d_17h_39m_48s_pippo-java.pippo-ae898b6=ro.pippo.session.jedis.JedisSessionDataStorageTest.testDelete_output_1590446391,1590447135,1590446774,361
251-nods-found-batch-output,JON_188_idf_sha_nods_p2_r100_t518400_5M_25d_17h_39m_48s_pippo-java.pippo-ae898b6=ro.pippo.session.mongodb.MongoDBSessionDataStorageTest.testCreate_output_1590446391,1590447265,1590446798,467
251-nods-found-batch-output,JON_188_idf_sha_nods_p2_r100_t518400_5M_25d_17h_39m_48s_pippo-java.pippo-ae898b6=ro.pippo.session.mongodb.MongoDBSessionDataStorageTest.testDelete_output_1590446391,1590447195,1590446757,438
251-nods-found-batch-output,JON_188_idf_sha_nods_p2_r100_t518400_5M_25d_17h_39m_48s_pippo-java.pippo-ae898b6=ro.pippo.session.mongodb.MongoDBSessionDataStorageTest.testGet_output_1590446391,1590447251,1590446788,463
251-nods-found-batch-output,JON_188_idf_sha_nods_p2_r100_t518400_5M_25d_17h_39m_48s_pippo-java.pippo-ae898b6=ro.pippo.session.mongodb.MongoDBSessionDataStorageTest.testSave_output_1590446391,1590447252,1590446778,474
251-nods-found-batch-output,JON_188_idf_sha_nods_p2_r100_t518400_5M_25d_17h_39m_48s_ppiastucki.recast4j-01d478e=org.recast4j.detour.tilecache.TileCacheTest.testPerformance_output_1590446391,1590448906,1590446791,2115
251-nods-found-batch-output,JON_188_idf_sha_nods_p2_r100_t518400_5M_25d_17h_39m_48s_querydsl.querydsl-2bf234c=com.querydsl.hibernate.search.SearchQueryTest.count_output_1590446391,1590448134,1590446778,1356
251-nods-found-batch-output,JON_188_idf_sha_nods_p2_r100_t518400_5M_25d_17h_39m_48s_querydsl.querydsl-2bf234c=com.querydsl.hibernate.search.SearchQueryTest.listResults_output_1590446391,1590448078,1590446782,1296
251-nods-found-batch-output,JON_188_idf_sha_nods_p2_r100_t518400_5M_25d_17h_39m_48s_querydsl.querydsl-2bf234c=com.querydsl.hibernate.search.SearchQueryTest.paging_output_1590446391,1590448001,1590446785,1216
251-nods-found-batch-output,JON_188_idf_sha_nods_p2_r100_t518400_5M_25d_17h_39m_48s_spinn3r.noxy-d53a494=com.spinn3r.noxy.discovery.zookeeper.ZKTest.testBulkClusterJoining_output_1590446391,1590459552,1590446793,12759
251-nods-found-batch-output,JON_188_idf_sha_nods_p2_r100_t518400_5M_25d_17h_39m_48s_spinn3r.noxy-d53a494=com.spinn3r.noxy.discovery.zookeeper.ZKTest.testDiscoveryListener_output_1590446391,1590447534,1590446795,739
251-nods-found-batch-output,JON_188_idf_sha_nods_p2_r100_t518400_5M_25d_17h_39m_48s_spotify.helios-aebf68d=com.spotify.helios.testing.HeliosSoloDeploymentTest.testUndeployLeftoverJobs_output_1590446391,1590450406,1590446649,3757
251-nods-found-batch-output,JON_188_idf_sha_nods_p2_r100_t518400_5M_25d_17h_3m_48s_alibaba.fastjson-e05e9c5=com.alibaba.json.bvt.parser.deser.AbstractSerializeTest.test_mapping_1_output_1590444232,1590445015,1590444516,499
251-nods-found-batch-output,JON_188_idf_sha_nods_p2_r100_t518400_5M_25d_17h_3m_48s_alibaba.fastjson-e05e9c5=com.alibaba.json.bvt.parser.deser.AbstractSerializeTest.test_mapping_2_output_1590444232,1590445005,1590444519,486
251-nods-found-batch-output,JON_188_idf_sha_nods_p2_r100_t518400_5M_25d_17h_3m_48s_apache.hadoop-cc2babc=org.apache.hadoop.fs.http.server.TestHttpFSServer.testAllowSnapshot_output_1590444232,1590444814,1590444522,292
251-nods-found-batch-output,JON_188_idf_sha_nods_p2_r100_t518400_5M_25d_17h_3m_48s_apache.hadoop-cc2babc=org.apache.hadoop.fs.http.server.TestHttpFSServer.testCreateSnapshot_output_1590444232,1590444816,1590444519,297
251-nods-found-batch-output,JON_188_idf_sha_nods_p2_r100_t518400_5M_25d_17h_3m_48s_apache.hadoop-cc2babc=org.apache.hadoop.fs.http.server.TestHttpFSServer.testDelegationTokenOperationsSsl_output_1590444232,1590444812,1590444519,293
251-nods-found-batch-output,JON_188_idf_sha_nods_p2_r100_t518400_5M_25d_17h_3m_48s_apache.hadoop-cc2babc=org.apache.hadoop.fs.http.server.TestHttpFSServer.testDirAcls_output_1590444232,1590444818,1590444527,291
251-nods-found-batch-output,JON_188_idf_sha_nods_p2_r100_t518400_5M_25d_17h_3m_48s_apache.hadoop-cc2babc=org.apache.hadoop.fs.http.server.TestHttpFSServer.testDisallowSnapshotException_output_1590444232,1590444810,1590444522,288
251-nods-found-batch-output,JON_188_idf_sha_nods_p2_r100_t518400_5M_25d_17h_3m_48s_apache.hadoop-cc2babc=org.apache.hadoop.fs.http.server.TestHttpFSServer.testDisallowSnapshot_output_1590444232,1590444823,1590444524,299
251-nods-found-batch-output,JON_188_idf_sha_nods_p2_r100_t518400_5M_25d_17h_3m_48s_apache.hadoop-cc2babc=org.apache.hadoop.fs.http.server.TestHttpFSServer.testGetSnapshotDiffIllegalParam_output_1590444232,1590444809,1590444522,287
251-nods-found-batch-output,JON_188_idf_sha_nods_p2_r100_t518400_5M_25d_17h_3m_48s_apache.hadoop-cc2babc=org.apache.hadoop.lib.service.hadoop.TestFileSystemAccessService.fileSystemCache_output_1590444232,1590444872,1590444530,342
251-nods-found-batch-output,JON_188_idf_sha_nods_p2_r100_t518400_5M_25d_17h_3m_48s_lcw2004.one-7b9b249=com.lcw.one.main.EmailServiceTest.sendEmailList_output_1590444232,1590445269,1590444576,693
251-nods-found-batch-output,JON_188_idf_sha_nods_p2_r100_t518400_5M_25d_17h_3m_48s_apache.hadoop-cc2babc=org.apache.hadoop.lib.service.hadoop.TestFileSystemAccessService.fileSystemExecutor_output_1590444232,1590444876,1590444536,340
251-nods-found-batch-output,JON_188_idf_sha_nods_p2_r100_t518400_5M_25d_17h_3m_48s_apache.hadoop-cc2babc=org.apache.hadoop.lib.servlet.TestServerWebApp.getHomeDirNotDef_output_1590444232,1590444831,1590444536,295
251-nods-found-batch-output,JON_188_idf_sha_nods_p2_r100_t518400_5M_25d_17h_3m_48s_apache.hadoop-cc2babc=org.apache.hadoop.registry.client.impl.TestCuratorService.testRM_output_1590444232,1590444827,1590444539,288
251-nods-found-batch-output,JON_188_idf_sha_nods_p2_r100_t518400_5M_25d_17h_3m_48s_apache.hadoop-cc2babc=org.apache.hadoop.registry.secure.TestSecureLogins.testDefaultRealmValid_output_1590444232,1590444813,1590444536,277
251-nods-found-batch-output,JON_188_idf_sha_nods_p2_r100_t518400_5M_25d_17h_3m_48s_apache.hadoop-cc2babc=org.apache.hadoop.registry.secure.TestSecureLogins.testUGILogin_output_1590444232,1590444819,1590444536,283
251-nods-found-batch-output,JON_188_idf_sha_nods_p2_r100_t518400_5M_25d_17h_3m_48s_apache.hadoop-cc2babc=org.apache.hadoop.yarn.server.timelineservice.reader.TestTimelineReaderWebServices.testGetEntityDefaultView_output_1590444232,1590444806,1590444541,265
251-nods-found-batch-output,JON_188_idf_sha_nods_p2_r100_t518400_5M_25d_17h_3m_48s_apache.hadoop-cc2babc=org.apache.hadoop.yarn.server.timeline.TestEntityGroupFSTimelineStore.testGetEntityPluginRead_output_1590444232,1590444830,1590444542,288
251-nods-found-batch-output,JON_188_idf_sha_nods_p2_r100_t518400_5M_25d_17h_3m_48s_apache.hadoop-cc2babc=org.apache.hadoop.yarn.server.timeline.TestEntityGroupFSTimelineStore.testMoveToDone_output_1590444232,1590444824,1590444547,277
251-nods-found-batch-output,JON_188_idf_sha_nods_p2_r100_t518400_5M_25d_17h_3m_48s_apache.hadoop-cc2babc=org.apache.hadoop.yarn.server.timeline.TestEntityGroupFSTimelineStore.testParseSummaryLogs_output_1590444232,1590444828,1590444547,281
251-nods-found-batch-output,JON_188_idf_sha_nods_p2_r100_t518400_5M_25d_17h_3m_48s_apache.hadoop-cc2babc=org.apache.hadoop.yarn.server.timeline.TestLogInfo.testParseBrokenEntity_output_1590444232,1590444813,1590444544,269
251-nods-found-batch-output,JON_188_idf_sha_nods_p2_r100_t518400_5M_25d_17h_3m_48s_apache.hadoop-cc2babc=org.apache.hadoop.yarn.server.timeline.TestLogInfo.testParseEntity_output_1590444232,1590444817,1590444544,273
251-nods-found-batch-output,JON_188_idf_sha_nods_p2_r100_t518400_5M_25d_17h_3m_48s_apache.hbase-801fc05=org.apache.hadoop.hbase.procedure2.TestProcedureSkipPersistence.test_output_1590444232,1590445829,1590444547,1282
251-nods-found-batch-output,JON_188_idf_sha_nods_p2_r100_t518400_5M_25d_17h_3m_48s_apache.incubator-dubbo-737f7a7=org.apache.dubbo.remoting.exchange.support.header.HeartbeatHandlerTest.testHeartbeat_output_1590444232,1590446395,1590444547,1848
251-nods-found-batch-output,JON_188_idf_sha_nods_p2_r100_t518400_5M_25d_17h_3m_48s_apache.incubator-dubbo-737f7a7=org.apache.dubbo.rpc.protocol.dubbo.DubboLazyConnectTest.testSticky1_output_1590444232,1590445531,1590444542,989
251-nods-found-batch-output,JON_188_idf_sha_nods_p2_r100_t518400_5M_25d_17h_3m_48s_apache.incubator-dubbo-737f7a7=org.apache.dubbo.rpc.protocol.dubbo.DubboProtocolTest.testDemoProtocol_output_1590444232,1590445516,1590444547,969
251-nods-found-batch-output,JON_188_idf_sha_nods_p2_r100_t518400_5M_25d_17h_3m_48s_apache.incubator-dubbo-737f7a7=org.apache.dubbo.rpc.protocol.dubbo.DubboProtocolTest.testNonSerializedParameter_output_1590444232,1590445473,1590444516,957
251-nods-found-batch-output,JON_188_idf_sha_nods_p2_r100_t518400_5M_25d_17h_3m_48s_apache.incubator-dubbo-737f7a7=org.apache.dubbo.rpc.protocol.dubbo.DubboProtocolTest.testPerm_output_1590444232,1590445664,1590444516,1148
251-nods-found-batch-output,JON_188_idf_sha_nods_p2_r100_t518400_5M_25d_17h_3m_48s_apache.incubator-dubbo-737f7a7=org.apache.dubbo.rpc.protocol.dubbo.DubboProtocolTest.testReturnNonSerialized_output_1590444232,1590445528,1590444553,975
251-nods-found-batch-output,JON_188_idf_sha_nods_p2_r100_t518400_5M_25d_17h_3m_48s_apache.incubator-dubbo-737f7a7=org.apache.dubbo.rpc.protocol.dubbo.MultiThreadTest.testDubboMultiThreadInvoke_output_1590444232,1590445900,1590444553,1347
251-nods-found-batch-output,JON_188_idf_sha_nods_p2_r100_t518400_5M_25d_17h_3m_48s_apache.incubator-dubbo-737f7a7=org.apache.dubbo.rpc.protocol.dubbo.telnet.ChangeTelnetHandlerTest.testChangePath_output_1590444232,1590445732,1590444550,1182
251-nods-found-batch-output,JON_188_idf_sha_nods_p2_r100_t518400_5M_25d_17h_3m_48s_apache.incubator-dubbo-737f7a7=org.apache.dubbo.rpc.protocol.dubbo.telnet.ListTelnetHandlerTest.testList_output_1590444232,1590445561,1590444553,1008
251-nods-found-batch-output,JON_188_idf_sha_nods_p2_r100_t518400_5M_25d_17h_3m_48s_apache.incubator-dubbo-737f7a7=org.apache.dubbo.rpc.protocol.dubbo.telnet.ListTelnetHandlerTest.testListService_output_1590444232,1590445742,1590444553,1189
251-nods-found-batch-output,JON_188_idf_sha_nods_p2_r100_t518400_5M_25d_17h_3m_48s_apache.incubator-dubbo-737f7a7=org.apache.dubbo.rpc.protocol.http.HttpProtocolTest.testGenericInvokeWithNativeJava_output_1590444232,1590445554,1590444553,1001
251-nods-found-batch-output,JON_188_idf_sha_nods_p2_r100_t518400_5M_25d_17h_3m_48s_apache.incubator-dubbo-737f7a7=org.apache.dubbo.rpc.protocol.http.HttpProtocolTest.testTimeOut_output_1590444232,1590445576,1590444558,1018
251-nods-found-batch-output,JON_188_idf_sha_nods_p2_r100_t518400_5M_25d_17h_3m_48s_apereo.java-cas-client-574b74f=org.jasig.cas.client.validation.AssertionImplTests.testAssertionValidity_output_1590444232,1590444581,1590444553,28
251-nods-found-batch-output,JON_188_idf_sha_nods_p2_r100_t518400_5M_25d_17h_3m_48s_c2mon.c2mon-d80687b=cern.c2mon.daq.filter.dynamic.DiffTimeDeadbandActivatorTest.testNoActivationOnFirstRecord_output_1590444232,1590444952,1590444553,399
251-nods-found-batch-output,JON_188_idf_sha_nods_p2_r100_t518400_5M_25d_17h_3m_48s_c2mon.c2mon-d80687b=cern.c2mon.server.common.republisher.RepublisherImplTest.testMultipleExceptions_output_1590444232,1590445071,1590444555,516
251-nods-found-batch-output,JON_188_idf_sha_nods_p2_r100_t518400_5M_25d_17h_3m_48s_cescoffier.vertx-completable-future-011d3cd=me.escoffier.vertx.completablefuture.VertxCompletableFutureTest.testAcceptEitherAsyncWithExecutor_output_1590444232,1590445014,1590444561,453
251-nods-found-batch-output,JON_188_idf_sha_nods_p2_r100_t518400_5M_25d_17h_3m_48s_codingchili.excelastic-6bb7884=com.codingchili.TestWriter.shouldWriteToElasticPort_output_1590444232,1590445129,1590444561,568
251-nods-found-batch-output,JON_188_idf_sha_nods_p2_r100_t518400_5M_25d_17h_3m_48s_crawlscript.webcollector-016b61a=cn.edu.hfut.dmic.webcollector.util.OkHttpRequesterTest.testHttpCode_output_1590444232,1590444608,1590444564,44
251-nods-found-batch-output,JON_188_idf_sha_nods_p2_r100_t518400_5M_25d_17h_3m_48s_davidmoten.rxjava2-extras-d0315b6=com.github.davidmoten.rx2.internal.flowable.FlowableServerSocketTest.testLoad_output_1590444232,1590446257,1590444564,1693
251-nods-found-batch-output,JON_188_idf_sha_nods_p2_r100_t518400_5M_25d_17h_3m_48s_doanduyhai.achilles-e3099bd=info.archinnov.achilles.embedded.PortFinderTest.try_to_find_first_port_output_1590444232,1590444577,1590444566,11
251-nods-found-batch-output,JON_188_idf_sha_nods_p2_r100_t518400_5M_25d_17h_3m_48s_dropwizard.dropwizard-07dfaed=io.dropwizard.logging.DefaultLoggingFactoryTest.testConfigure_output_1590444232,1590444624,1590444564,60
251-nods-found-batch-output,JON_188_idf_sha_nods_p2_r100_t518400_5M_25d_17h_3m_48s_eclipse-ee4j.tyrus-d86e0cb=org.glassfish.tyrus.test.e2e.non_deployable.ServerExecutorsManagementTest.testExecutorServicesGetClosed_output_1590444232,1590445193,1590444566,627
251-nods-found-batch-output,JON_188_idf_sha_nods_p2_r100_t518400_5M_25d_17h_3m_48s_elasticjob.elastic-job-lite-b022898=io.elasticjob.lite.event.rdb.JobEventRdbSearchTest.assertFindJobExecutionEventsWithTime_output_1590444232,1590445103,1590444569,534
251-nods-found-batch-output,JON_188_idf_sha_nods_p2_r100_t518400_5M_25d_17h_3m_48s_elasticjob.elastic-job-lite-b022898=io.elasticjob.lite.lifecycle.api.JobAPIFactoryTest.assertCreateJobStatisticsAPI_output_1590444232,1590445222,1590444569,653
251-nods-found-batch-output,JON_188_idf_sha_nods_p2_r100_t518400_5M_25d_17h_3m_48s_elasticjob.elastic-job-lite-b022898=io.elasticjob.lite.lifecycle.api.JobAPIFactoryTest.assertCreateServerStatisticsAPI_output_1590444232,1590445192,1590444569,623
251-nods-found-batch-output,JON_188_idf_sha_nods_p2_r100_t518400_5M_25d_17h_3m_48s_elasticjob.elastic-job-lite-b022898=io.elasticjob.lite.spring.job.JobSpringNamespaceWithEventTraceRdbTest.assertSpringJobBean_output_1590444232,1590448859,1590444566,4293
251-nods-found-batch-output,JON_188_idf_sha_nods_p2_r100_t518400_5M_25d_17h_3m_48s_elasticjob.elastic-job-lite-b022898=io.elasticjob.lite.spring.job.JobSpringNamespaceWithListenerAndJdkDynamicProxyTest.assertSpringJobBean_output_1590444232,1590448852,1590444566,4286
251-nods-found-batch-output,JON_188_idf_sha_nods_p2_r100_t518400_5M_25d_17h_3m_48s_elasticjob.elastic-job-lite-b022898=io.elasticjob.lite.spring.job.JobSpringNamespaceWithoutListenerTest.assertSpringJobBean_output_1590444232,1590448853,1590444569,4284
251-nods-found-batch-output,JON_188_idf_sha_nods_p2_r100_t518400_5M_25d_17h_3m_48s_espertechinc.esper-590fa9c=com.espertech.esper.example.rfidassetzone.TestLRMovingSimMain.testSim_output_1590444232,1590445761,1590444569,1192
251-nods-found-batch-output,JON_188_idf_sha_nods_p2_r100_t518400_5M_25d_17h_3m_48s_feroult.yawp-b3bcf9c=io.yawp.testing.appengine.pipes.flow.FlowDropsTest.testFlowDropsToSameSink_output_1590444232,1590445310,1590444569,741
251-nods-found-batch-output,JON_188_idf_sha_nods_p2_r100_t518400_5M_25d_17h_3m_48s_flaxsearch.luwak-c27ec08=uk.co.flax.luwak.matchers.TestParallelMatcher.testParallelSlowLog_output_1590444232,1590444991,1590444569,422
251-nods-found-batch-output,JON_188_idf_sha_nods_p2_r100_t518400_5M_25d_17h_3m_48s_flaxsearch.luwak-c27ec08=uk.co.flax.luwak.matchers.TestPartitionMatcher.testParallelSlowLog_output_1590444232,1590444991,1590444572,419
251-nods-found-batch-output,JON_188_idf_sha_nods_p2_r100_t518400_5M_25d_17h_3m_48s_fluent.fluent-logger-java-da14ec3=org.fluentd.logger.TestFluentLogger.testReconnection_output_1590444232,1590445723,1590444569,1154
251-nods-found-batch-output,JON_188_idf_sha_nods_p2_r100_t518400_5M_25d_17h_3m_48s_fromage.redpipe-0aff891=net.redpipe.discovery.DiscoveryTest.checkWebClient_output_1590444232,1590445143,1590444572,571
251-nods-found-batch-output,JON_188_idf_sha_nods_p2_r100_t518400_5M_25d_17h_3m_48s_fromage.redpipe-0aff891=net.redpipe.engine.swagger.SwaggerApiTest.checkSwagger_output_1590444232,1590445136,1590444572,564
251-nods-found-batch-output,JON_188_idf_sha_nods_p2_r100_t518400_5M_25d_17h_3m_48s_javadelight.delight-nashorn-sandbox-da35edc=delight.nashornsandbox.TestGetFunction.test_output_1590444232,1590445175,1590444576,599
251-nods-found-batch-output,JON_188_idf_sha_nods_p2_r100_t518400_5M_25d_17h_3m_48s_javadelight.delight-nashorn-sandbox-da35edc=delight.nashornsandbox.TestMemoryLimit.test_no_abuse_output_1590444232,1590445109,1590444576,533
251-nods-found-batch-output,JON_188_idf_sha_nods_p2_r100_t518400_5M_25d_17h_3m_48s_kagkarlsson.db-scheduler-4a8a28e=com.github.kagkarlsson.scheduler.compatibility.HsqlCompatibilityTest.test_compatibility_output_1590444232,1590446038,1590444587,1451
251-nods-found-batch-output,JON_188_idf_sha_nods_p2_r100_t518400_5M_25d_17h_3m_48s_kagkarlsson.db-scheduler-4a8a28e=com.github.kagkarlsson.scheduler.SchedulerTest.scheduler_should_execute_rescheduled_task_when_exactly_due_output_1590444232,1590444934,1590444584,350
251-nods-found-batch-output,JON_188_idf_sha_nods_p2_r100_t518400_5M_25d_17h_3m_48s_knightliao.disconf-2ac5c82=com.baidu.disconf.client.test.DisconfMgrTestCase.demo_output_1590444232,1590444618,1590444576,42
251-nods-found-batch-output,JON_188_idf_sha_nods_p2_r100_t518400_5M_25d_17h_3m_48s_logzio.sawmill-e493c2e=io.logz.sawmill.PipelineExecutorTest.testOnSuccessPipelineExecution_output_1590444232,1590444608,1590444581,27
251-nods-found-batch-output,JON_188_idf_sha_nods_p2_r100_t518400_5M_25d_17h_3m_48s_logzio.sawmill-e493c2e=io.logz.sawmill.PipelineExecutorTest.testWarnLongProcessingExecution_output_1590444232,1590444639,1590444609,30
251-nods-found-batch-output,JON_188_idf_sha_nods_p2_r100_t518400_5M_25d_17h_3m_48s_logzio.sawmill-e493c2e=io.logz.sawmill.processors.ConvertFieldProcessorTest.testConvertToBoolean_output_1590444232,1590444537,1590444508,29
251-nods-found-batch-output,JON_188_idf_sha_nods_p2_r100_t518400_5M_25d_17h_3m_48s_marcosbarbero.spring-cloud-zuul-ratelimit-ae9603f=com.marcosbarbero.tests.it.Bucket4jInfinispanApplicationTestIT.testExceedingQuotaCapacityRequest_output_1590444232,1590446545,1590444590,1955
251-nods-found-batch-output,JON_188_idf_sha_nods_p2_r100_t518400_5M_25d_17h_3m_48s_nationalsecurityagency.timely-3a8cbd3=timely.store.iterators.TimeSeriesGroupingIteratorTest.testMultipleTimeSeriesMovingAverage_output_1590444232,1590445711,1590444592,1119
251-nods-found-batch-output,JON_188_idf_sha_nods_p2_r100_t518400_5M_25d_17h_3m_48s_odrotbohm.sos-d4ed68a=example.sos.modulith.orders.EmailNotificationTest.completingAnOrderUpdatesInventory_output_1590444232,1590445539,1590444584,955
251-nods-found-batch-output,JON_188_idf_sha_nods_p2_r100_t518400_5M_25d_17h_3m_48s_openpojo.openpojo-9badbcc=com.openpojo.reflection.impl.PojoClassImplTest.shouldCreateInstanceOnAbstract_output_1590444232,1590445816,1590444584,1232
251-nods-found-batch-output,JON_188_idf_sha_nods_p2_r100_t518400_5M_25d_17h_3m_48s_oracle.oci-java-sdk-2e9982f=com.oracle.bmc.objectstorage.transfer.ProgressTrackerTest.multipartUploadProgressTrackerFactory_simulateRealLifeScenario_output_1590444232,1590445365,1590444595,770
251-nods-found-batch-output,JON_188_idf_sha_nods_p2_r100_t518400_5M_25d_17h_3m_48s_orbit.orbit-c4904af=cloud.orbit.actors.extensions.test.LengthFieldHandlerTest.randomMessages_output_1590444232,1590445136,1590444590,546
251-nods-found-batch-output,JON_188_idf_sha_nods_p2_r100_t518400_5M_25d_17h_3m_48s_oryxproject.oryx-72ae4bb=com.cloudera.oryx.common.io.IOUtilsTest.testDistinctFreePorts_output_1590444232,1590445191,1590444587,604
251-nods-found-batch-output,JON_188_idf_sha_nods_p2_r100_t518400_5M_25d_17h_3m_48s_outbrain.aletheia-024a4b7=com.outbrain.aletheia.SampleDomainClassDatumTest.test_avro_route_output_1590444232,1590445161,1590444601,560
251-nods-found-batch-output,JON_188_idf_sha_nods_p2_r100_t518400_5M_25d_17h_3m_48s_outbrain.aletheia-024a4b7=com.outbrain.aletheia.SampleDomainClassDatumTest.testDatumRoutes_output_1590444232,1590445194,1590444614,580
251-nods-found-batch-output,JON_188_idf_sha_nods_p2_r100_t518400_5M_25d_17h_3m_48s_outbrain.aletheia-024a4b7=com.outbrain.aletheia.SampleDomainClassDatumTest.test_json_route_output_1590444232,1590445110,1590444603,507
251-nods-found-batch-output,JON_188_idf_sha_nods_p2_r100_t518400_5M_25d_17h_3m_48s_outbrain.aletheia-024a4b7=com.outbrain.aletheia.SampleDomainClassDatumTest.test_multiple_routes_output_1590444232,1590445189,1590444595,594
251-nods-found-batch-output,JON_188_idf_sha_nods_p2_r100_t518400_5M_25d_17h_3m_48s_pippo-java.pippo-ae898b6=ro.pippo.session.jedis.JedisSessionDataStorageTest.testDelete_output_1590444232,1590445025,1590444595,430
251-nods-found-batch-output,JON_188_idf_sha_nods_p2_r100_t518400_5M_25d_17h_3m_48s_pippo-java.pippo-ae898b6=ro.pippo.session.mongodb.MongoDBSessionDataStorageTest.testCreate_output_1590444232,1590445132,1590444609,523
251-nods-found-batch-output,JON_188_idf_sha_nods_p2_r100_t518400_5M_25d_17h_3m_48s_pippo-java.pippo-ae898b6=ro.pippo.session.mongodb.MongoDBSessionDataStorageTest.testDelete_output_1590444232,1590445071,1590444612,459
251-nods-found-batch-output,JON_188_idf_sha_nods_p2_r100_t518400_5M_25d_17h_3m_48s_pippo-java.pippo-ae898b6=ro.pippo.session.mongodb.MongoDBSessionDataStorageTest.testGet_output_1590444232,1590445055,1590444612,443
251-nods-found-batch-output,JON_188_idf_sha_nods_p2_r100_t518400_5M_25d_17h_3m_48s_pippo-java.pippo-ae898b6=ro.pippo.session.mongodb.MongoDBSessionDataStorageTest.testSave_output_1590444232,1590444927,1590444516,411
251-nods-found-batch-output,JON_188_idf_sha_nods_p2_r100_t518400_5M_25d_17h_3m_48s_ppiastucki.recast4j-01d478e=org.recast4j.detour.tilecache.TileCacheTest.testPerformance_output_1590444232,1590446547,1590444516,2031
251-nods-found-batch-output,JON_188_idf_sha_nods_p2_r100_t518400_5M_25d_17h_3m_48s_querydsl.querydsl-2bf234c=com.querydsl.hibernate.search.SearchQueryTest.count_output_1590444232,1590445848,1590444621,1227
251-nods-found-batch-output,JON_188_idf_sha_nods_p2_r100_t518400_5M_25d_17h_3m_48s_querydsl.querydsl-2bf234c=com.querydsl.hibernate.search.SearchQueryTest.listResults_output_1590444232,1590445908,1590444620,1288
251-nods-found-batch-output,JON_188_idf_sha_nods_p2_r100_t518400_5M_25d_17h_3m_48s_querydsl.querydsl-2bf234c=com.querydsl.hibernate.search.SearchQueryTest.paging_output_1590444232,1590445882,1590444612,1270
251-nods-found-batch-output,JON_188_idf_sha_nods_p2_r100_t518400_5M_25d_17h_3m_48s_spinn3r.noxy-d53a494=com.spinn3r.noxy.discovery.zookeeper.ZKTest.testBulkClusterJoining_output_1590444232,1590460784,1590444626,16158
251-nods-found-batch-output,JON_188_idf_sha_nods_p2_r100_t518400_5M_25d_17h_3m_48s_spinn3r.noxy-d53a494=com.spinn3r.noxy.discovery.zookeeper.ZKTest.testDiscoveryListener_output_1590444232,1590445262,1590444621,641
251-nods-found-batch-output,JON_188_idf_sha_nods_p2_r100_t518400_5M_25d_17h_3m_48s_spotify.helios-aebf68d=com.spotify.helios.testing.HeliosSoloDeploymentTest.testUndeployLeftoverJobs_output_1590444232,1590448303,1590444511,3792
251-nods-found-batch-output,JON_188_idf_sha_nods_p2_r100_t518400_5M_25d_17h_42m_48s_alibaba.fastjson-e05e9c5=com.alibaba.json.bvt.parser.deser.AbstractSerializeTest.test_mapping_1_output_1590446572,1590447308,1590446829,479
251-nods-found-batch-output,JON_188_idf_sha_nods_p2_r100_t518400_5M_25d_17h_42m_48s_alibaba.fastjson-e05e9c5=com.alibaba.json.bvt.parser.deser.AbstractSerializeTest.test_mapping_2_output_1590446572,1590447312,1590446831,481
251-nods-found-batch-output,JON_188_idf_sha_nods_p2_r100_t518400_5M_25d_17h_42m_48s_apache.hadoop-cc2babc=org.apache.hadoop.fs.http.server.TestHttpFSServer.testAllowSnapshot_output_1590446572,1590447121,1590446833,288
251-nods-found-batch-output,JON_188_idf_sha_nods_p2_r100_t518400_5M_25d_17h_42m_48s_apache.hadoop-cc2babc=org.apache.hadoop.fs.http.server.TestHttpFSServer.testCreateSnapshot_output_1590446572,1590447110,1590446833,277
251-nods-found-batch-output,JON_188_idf_sha_nods_p2_r100_t518400_5M_25d_17h_42m_48s_apache.hadoop-cc2babc=org.apache.hadoop.fs.http.server.TestHttpFSServer.testDelegationTokenOperationsSsl_output_1590446572,1590447111,1590446833,278
251-nods-found-batch-output,JON_188_idf_sha_nods_p2_r100_t518400_5M_25d_17h_42m_48s_apache.hadoop-cc2babc=org.apache.hadoop.fs.http.server.TestHttpFSServer.testDirAcls_output_1590446572,1590447121,1590446838,283
251-nods-found-batch-output,JON_188_idf_sha_nods_p2_r100_t518400_5M_25d_17h_42m_48s_apache.hadoop-cc2babc=org.apache.hadoop.fs.http.server.TestHttpFSServer.testDisallowSnapshotException_output_1590446572,1590447126,1590446842,284
251-nods-found-batch-output,JON_188_idf_sha_nods_p2_r100_t518400_5M_25d_17h_42m_48s_apache.hadoop-cc2babc=org.apache.hadoop.fs.http.server.TestHttpFSServer.testDisallowSnapshot_output_1590446572,1590447114,1590446831,283
251-nods-found-batch-output,JON_188_idf_sha_nods_p2_r100_t518400_5M_25d_17h_42m_48s_apache.hadoop-cc2babc=org.apache.hadoop.fs.http.server.TestHttpFSServer.testGetSnapshotDiffIllegalParam_output_1590446572,1590447119,1590446842,277
251-nods-found-batch-output,JON_188_idf_sha_nods_p2_r100_t518400_5M_25d_17h_42m_48s_apache.hadoop-cc2babc=org.apache.hadoop.lib.service.hadoop.TestFileSystemAccessService.fileSystemCache_output_1590446572,1590447130,1590446845,285
251-nods-found-batch-output,JON_188_idf_sha_nods_p2_r100_t518400_5M_25d_17h_42m_48s_apache.hadoop-cc2babc=org.apache.hadoop.lib.service.hadoop.TestFileSystemAccessService.fileSystemExecutor_output_1590446572,1590447130,1590446842,288
251-nods-found-batch-output,JON_188_idf_sha_nods_p2_r100_t518400_5M_25d_17h_42m_48s_apache.hadoop-cc2babc=org.apache.hadoop.lib.servlet.TestServerWebApp.getHomeDirNotDef_output_1590446572,1590447128,1590446846,282
251-nods-found-batch-output,JON_188_idf_sha_nods_p2_r100_t518400_5M_25d_17h_42m_48s_apache.hadoop-cc2babc=org.apache.hadoop.registry.client.impl.TestCuratorService.testRM_output_1590446572,1590447134,1590446850,284
251-nods-found-batch-output,JON_188_idf_sha_nods_p2_r100_t518400_5M_25d_17h_42m_48s_apache.hadoop-cc2babc=org.apache.hadoop.registry.secure.TestSecureLogins.testDefaultRealmValid_output_1590446572,1590447136,1590446853,283
251-nods-found-batch-output,JON_188_idf_sha_nods_p2_r100_t518400_5M_25d_17h_42m_48s_apache.hadoop-cc2babc=org.apache.hadoop.registry.secure.TestSecureLogins.testUGILogin_output_1590446572,1590447129,1590446848,281
251-nods-found-batch-output,JON_188_idf_sha_nods_p2_r100_t518400_5M_25d_17h_42m_48s_apache.hadoop-cc2babc=org.apache.hadoop.yarn.server.timelineservice.reader.TestTimelineReaderWebServices.testGetEntityDefaultView_output_1590446572,1590447134,1590446853,281
251-nods-found-batch-output,JON_188_idf_sha_nods_p2_r100_t518400_5M_25d_17h_42m_48s_apache.hadoop-cc2babc=org.apache.hadoop.yarn.server.timeline.TestEntityGroupFSTimelineStore.testGetEntityPluginRead_output_1590446572,1590447144,1590446855,289
251-nods-found-batch-output,JON_188_idf_sha_nods_p2_r100_t518400_5M_25d_17h_42m_48s_apache.hadoop-cc2babc=org.apache.hadoop.yarn.server.timeline.TestEntityGroupFSTimelineStore.testMoveToDone_output_1590446572,1590447139,1590446857,282
251-nods-found-batch-output,JON_188_idf_sha_nods_p2_r100_t518400_5M_25d_17h_42m_48s_apache.hadoop-cc2babc=org.apache.hadoop.yarn.server.timeline.TestEntityGroupFSTimelineStore.testParseSummaryLogs_output_1590446572,1590447104,1590446831,273
251-nods-found-batch-output,JON_188_idf_sha_nods_p2_r100_t518400_5M_25d_17h_42m_48s_apache.hadoop-cc2babc=org.apache.hadoop.yarn.server.timeline.TestLogInfo.testParseBrokenEntity_output_1590446572,1590447140,1590446864,276
251-nods-found-batch-output,JON_188_idf_sha_nods_p2_r100_t518400_5M_25d_17h_42m_48s_apache.hadoop-cc2babc=org.apache.hadoop.yarn.server.timeline.TestLogInfo.testParseEntity_output_1590446572,1590447148,1590446857,291
251-nods-found-batch-output,JON_188_idf_sha_nods_p2_r100_t518400_5M_25d_17h_42m_48s_apache.hbase-801fc05=org.apache.hadoop.hbase.procedure2.TestProcedureSkipPersistence.test_output_1590446572,1590448182,1590446862,1320
251-nods-found-batch-output,JON_188_idf_sha_nods_p2_r100_t518400_5M_25d_17h_42m_48s_apache.incubator-dubbo-737f7a7=org.apache.dubbo.remoting.exchange.support.header.HeartbeatHandlerTest.testHeartbeat_output_1590446572,1590448787,1590446859,1928
251-nods-found-batch-output,JON_188_idf_sha_nods_p2_r100_t518400_5M_25d_17h_42m_48s_fromage.redpipe-0aff891=net.redpipe.discovery.DiscoveryTest.checkWebClient_output_1590446572,1590447498,1590446893,605
251-nods-found-batch-output,JON_188_idf_sha_nods_p2_r100_t518400_5M_25d_17h_42m_48s_apache.incubator-dubbo-737f7a7=org.apache.dubbo.rpc.protocol.dubbo.DubboLazyConnectTest.testSticky1_output_1590446572,1590447756,1590446857,899
251-nods-found-batch-output,JON_188_idf_sha_nods_p2_r100_t518400_5M_25d_17h_42m_48s_apache.incubator-dubbo-737f7a7=org.apache.dubbo.rpc.protocol.dubbo.DubboProtocolTest.testDemoProtocol_output_1590446572,1590447871,1590446865,1006
251-nods-found-batch-output,JON_188_idf_sha_nods_p2_r100_t518400_5M_25d_17h_42m_48s_apache.incubator-dubbo-737f7a7=org.apache.dubbo.rpc.protocol.dubbo.DubboProtocolTest.testNonSerializedParameter_output_1590446572,1590447893,1590446866,1027
251-nods-found-batch-output,JON_188_idf_sha_nods_p2_r100_t518400_5M_25d_17h_42m_48s_apache.incubator-dubbo-737f7a7=org.apache.dubbo.rpc.protocol.dubbo.DubboProtocolTest.testPerm_output_1590446572,1590447950,1590446866,1084
251-nods-found-batch-output,JON_188_idf_sha_nods_p2_r100_t518400_5M_25d_17h_42m_48s_apache.incubator-dubbo-737f7a7=org.apache.dubbo.rpc.protocol.dubbo.DubboProtocolTest.testReturnNonSerialized_output_1590446572,1590447837,1590446866,971
251-nods-found-batch-output,JON_188_idf_sha_nods_p2_r100_t518400_5M_25d_17h_42m_48s_apache.incubator-dubbo-737f7a7=org.apache.dubbo.rpc.protocol.dubbo.MultiThreadTest.testDubboMultiThreadInvoke_output_1590446572,1590448183,1590446872,1311
251-nods-found-batch-output,JON_188_idf_sha_nods_p2_r100_t518400_5M_25d_17h_42m_48s_apache.incubator-dubbo-737f7a7=org.apache.dubbo.rpc.protocol.dubbo.telnet.ChangeTelnetHandlerTest.testChangePath_output_1590446572,1590447956,1590446879,1077
251-nods-found-batch-output,JON_188_idf_sha_nods_p2_r100_t518400_5M_25d_17h_42m_48s_apache.incubator-dubbo-737f7a7=org.apache.dubbo.rpc.protocol.dubbo.telnet.ListTelnetHandlerTest.testList_output_1590446572,1590447927,1590446866,1061
251-nods-found-batch-output,JON_188_idf_sha_nods_p2_r100_t518400_5M_25d_17h_42m_48s_apache.incubator-dubbo-737f7a7=org.apache.dubbo.rpc.protocol.dubbo.telnet.ListTelnetHandlerTest.testListService_output_1590446572,1590447897,1590446872,1025
251-nods-found-batch-output,JON_188_idf_sha_nods_p2_r100_t518400_5M_25d_17h_42m_48s_apache.incubator-dubbo-737f7a7=org.apache.dubbo.rpc.protocol.http.HttpProtocolTest.testGenericInvokeWithNativeJava_output_1590446572,1590447914,1590446871,1043
251-nods-found-batch-output,JON_188_idf_sha_nods_p2_r100_t518400_5M_25d_17h_42m_48s_apache.incubator-dubbo-737f7a7=org.apache.dubbo.rpc.protocol.http.HttpProtocolTest.testTimeOut_output_1590446572,1590447923,1590446874,1049
251-nods-found-batch-output,JON_188_idf_sha_nods_p2_r100_t518400_5M_25d_17h_42m_48s_apereo.java-cas-client-574b74f=org.jasig.cas.client.validation.AssertionImplTests.testAssertionValidity_output_1590446572,1590446904,1590446876,28
251-nods-found-batch-output,JON_188_idf_sha_nods_p2_r100_t518400_5M_25d_17h_42m_48s_c2mon.c2mon-d80687b=cern.c2mon.daq.filter.dynamic.DiffTimeDeadbandActivatorTest.testNoActivationOnFirstRecord_output_1590446572,1590447296,1590446879,417
251-nods-found-batch-output,JON_188_idf_sha_nods_p2_r100_t518400_5M_25d_17h_42m_48s_c2mon.c2mon-d80687b=cern.c2mon.server.common.republisher.RepublisherImplTest.testMultipleExceptions_output_1590446572,1590447398,1590446879,519
251-nods-found-batch-output,JON_188_idf_sha_nods_p2_r100_t518400_5M_25d_17h_42m_48s_cescoffier.vertx-completable-future-011d3cd=me.escoffier.vertx.completablefuture.VertxCompletableFutureTest.testAcceptEitherAsyncWithExecutor_output_1590446572,1590447357,1590446879,478
251-nods-found-batch-output,JON_188_idf_sha_nods_p2_r100_t518400_5M_25d_17h_42m_48s_codingchili.excelastic-6bb7884=com.codingchili.TestWriter.shouldWriteToElasticPort_output_1590446572,1590447458,1590446881,577
251-nods-found-batch-output,JON_188_idf_sha_nods_p2_r100_t518400_5M_25d_17h_42m_48s_crawlscript.webcollector-016b61a=cn.edu.hfut.dmic.webcollector.util.OkHttpRequesterTest.testHttpCode_output_1590446572,1590446920,1590446881,39
251-nods-found-batch-output,JON_188_idf_sha_nods_p2_r100_t518400_5M_25d_17h_42m_48s_davidmoten.rxjava2-extras-d0315b6=com.github.davidmoten.rx2.internal.flowable.FlowableServerSocketTest.testLoad_output_1590446572,1590448492,1590446881,1611
251-nods-found-batch-output,JON_188_idf_sha_nods_p2_r100_t518400_5M_25d_17h_42m_48s_doanduyhai.achilles-e3099bd=info.archinnov.achilles.embedded.PortFinderTest.try_to_find_first_port_output_1590446572,1590446893,1590446883,10
251-nods-found-batch-output,JON_188_idf_sha_nods_p2_r100_t518400_5M_25d_17h_42m_48s_dropwizard.dropwizard-07dfaed=io.dropwizard.logging.DefaultLoggingFactoryTest.testConfigure_output_1590446572,1590446942,1590446883,59
251-nods-found-batch-output,JON_188_idf_sha_nods_p2_r100_t518400_5M_25d_17h_42m_48s_eclipse-ee4j.tyrus-d86e0cb=org.glassfish.tyrus.test.e2e.non_deployable.ServerExecutorsManagementTest.testExecutorServicesGetClosed_output_1590446572,1590447455,1590446833,622
251-nods-found-batch-output,JON_188_idf_sha_nods_p2_r100_t518400_5M_25d_17h_42m_48s_elasticjob.elastic-job-lite-b022898=io.elasticjob.lite.event.rdb.JobEventRdbSearchTest.assertFindJobExecutionEventsWithTime_output_1590446572,1590447390,1590446883,507
251-nods-found-batch-output,JON_188_idf_sha_nods_p2_r100_t518400_5M_25d_17h_42m_48s_elasticjob.elastic-job-lite-b022898=io.elasticjob.lite.lifecycle.api.JobAPIFactoryTest.assertCreateJobStatisticsAPI_output_1590446572,1590447445,1590446836,609
251-nods-found-batch-output,JON_188_idf_sha_nods_p2_r100_t518400_5M_25d_17h_42m_48s_elasticjob.elastic-job-lite-b022898=io.elasticjob.lite.lifecycle.api.JobAPIFactoryTest.assertCreateServerStatisticsAPI_output_1590446572,1590447507,1590446885,622
251-nods-found-batch-output,JON_188_idf_sha_nods_p2_r100_t518400_5M_25d_17h_42m_48s_elasticjob.elastic-job-lite-b022898=io.elasticjob.lite.spring.job.JobSpringNamespaceWithEventTraceRdbTest.assertSpringJobBean_output_1590446572,1590451099,1590446885,4214
251-nods-found-batch-output,JON_188_idf_sha_nods_p2_r100_t518400_5M_25d_17h_42m_48s_elasticjob.elastic-job-lite-b022898=io.elasticjob.lite.spring.job.JobSpringNamespaceWithListenerAndJdkDynamicProxyTest.assertSpringJobBean_output_1590446572,1590451113,1590446885,4228
251-nods-found-batch-output,JON_188_idf_sha_nods_p2_r100_t518400_5M_25d_17h_42m_48s_elasticjob.elastic-job-lite-b022898=io.elasticjob.lite.spring.job.JobSpringNamespaceWithoutListenerTest.assertSpringJobBean_output_1590446572,1590451116,1590446885,4231
251-nods-found-batch-output,JON_188_idf_sha_nods_p2_r100_t518400_5M_25d_17h_42m_48s_espertechinc.esper-590fa9c=com.espertech.esper.example.rfidassetzone.TestLRMovingSimMain.testSim_output_1590446572,1590448036,1590446838,1198
251-nods-found-batch-output,JON_188_idf_sha_nods_p2_r100_t518400_5M_25d_17h_42m_48s_feroult.yawp-b3bcf9c=io.yawp.testing.appengine.pipes.flow.FlowDropsTest.testFlowDropsToSameSink_output_1590446572,1590447685,1590446889,796
251-nods-found-batch-output,JON_188_idf_sha_nods_p2_r100_t518400_5M_25d_17h_42m_48s_flaxsearch.luwak-c27ec08=uk.co.flax.luwak.matchers.TestParallelMatcher.testParallelSlowLog_output_1590446572,1590447317,1590446890,427
251-nods-found-batch-output,JON_188_idf_sha_nods_p2_r100_t518400_5M_25d_17h_42m_48s_flaxsearch.luwak-c27ec08=uk.co.flax.luwak.matchers.TestPartitionMatcher.testParallelSlowLog_output_1590446572,1590447259,1590446838,421
251-nods-found-batch-output,JON_188_idf_sha_nods_p2_r100_t518400_5M_25d_17h_42m_48s_fluent.fluent-logger-java-da14ec3=org.fluentd.logger.TestFluentLogger.testReconnection_output_1590446572,1590448059,1590446888,1171
251-nods-found-batch-output,JON_188_idf_sha_nods_p2_r100_t518400_5M_25d_17h_42m_48s_fromage.redpipe-0aff891=net.redpipe.engine.swagger.SwaggerApiTest.checkSwagger_output_1590446572,1590447479,1590446896,583
251-nods-found-batch-output,JON_188_idf_sha_nods_p2_r100_t518400_5M_25d_17h_42m_48s_javadelight.delight-nashorn-sandbox-da35edc=delight.nashornsandbox.TestGetFunction.test_output_1590446572,1590447515,1590446893,622
251-nods-found-batch-output,JON_188_idf_sha_nods_p2_r100_t518400_5M_25d_17h_42m_48s_javadelight.delight-nashorn-sandbox-da35edc=delight.nashornsandbox.TestMemoryLimit.test_no_abuse_output_1590446572,1590447487,1590446895,592
251-nods-found-batch-output,JON_188_idf_sha_nods_p2_r100_t518400_5M_25d_17h_42m_48s_kagkarlsson.db-scheduler-4a8a28e=com.github.kagkarlsson.scheduler.compatibility.HsqlCompatibilityTest.test_compatibility_output_1590446572,1590448384,1590446905,1479
251-nods-found-batch-output,JON_188_idf_sha_nods_p2_r100_t518400_5M_25d_17h_42m_48s_kagkarlsson.db-scheduler-4a8a28e=com.github.kagkarlsson.scheduler.SchedulerTest.scheduler_should_execute_rescheduled_task_when_exactly_due_output_1590446572,1590447286,1590446898,388
251-nods-found-batch-output,JON_188_idf_sha_nods_p2_r100_t518400_5M_25d_17h_42m_48s_knightliao.disconf-2ac5c82=com.baidu.disconf.client.test.DisconfMgrTestCase.demo_output_1590446572,1590446961,1590446916,45
251-nods-found-batch-output,JON_188_idf_sha_nods_p2_r100_t518400_5M_25d_17h_42m_48s_lcw2004.one-7b9b249=com.lcw.one.main.EmailServiceTest.sendEmailList_output_1590446572,1590447626,1590446905,721
251-nods-found-batch-output,JON_188_idf_sha_nods_p2_r100_t518400_5M_25d_17h_42m_48s_logzio.sawmill-e493c2e=io.logz.sawmill.PipelineExecutorTest.testOnSuccessPipelineExecution_output_1590446572,1590446930,1590446905,25
251-nods-found-batch-output,JON_188_idf_sha_nods_p2_r100_t518400_5M_25d_17h_42m_48s_logzio.sawmill-e493c2e=io.logz.sawmill.PipelineExecutorTest.testWarnLongProcessingExecution_output_1590446572,1590446867,1590446841,26
251-nods-found-batch-output,JON_188_idf_sha_nods_p2_r100_t518400_5M_25d_17h_42m_48s_logzio.sawmill-e493c2e=io.logz.sawmill.processors.ConvertFieldProcessorTest.testConvertToBoolean_output_1590446572,1590446855,1590446829,26
251-nods-found-batch-output,JON_188_idf_sha_nods_p2_r100_t518400_5M_25d_17h_42m_48s_marcosbarbero.spring-cloud-zuul-ratelimit-ae9603f=com.marcosbarbero.tests.it.Bucket4jInfinispanApplicationTestIT.testExceedingQuotaCapacityRequest_output_1590446572,1590449029,1590446907,2122
251-nods-found-batch-output,JON_188_idf_sha_nods_p2_r100_t518400_5M_25d_17h_42m_48s_nationalsecurityagency.timely-3a8cbd3=timely.store.iterators.TimeSeriesGroupingIteratorTest.testMultipleTimeSeriesMovingAverage_output_1590446572,1590448300,1590446960,1340
251-nods-found-batch-output,JON_188_idf_sha_nods_p2_r100_t518400_5M_25d_17h_42m_48s_odrotbohm.sos-d4ed68a=example.sos.modulith.orders.EmailNotificationTest.completingAnOrderUpdatesInventory_output_1590446572,1590447941,1590446912,1029
251-nods-found-batch-output,JON_188_idf_sha_nods_p2_r100_t518400_5M_25d_17h_42m_48s_openpojo.openpojo-9badbcc=com.openpojo.reflection.impl.PojoClassImplTest.shouldCreateInstanceOnAbstract_output_1590446572,1590448275,1590446965,1310
251-nods-found-batch-output,JON_188_idf_sha_nods_p2_r100_t518400_5M_25d_17h_42m_48s_oracle.oci-java-sdk-2e9982f=com.oracle.bmc.objectstorage.transfer.ProgressTrackerTest.multipartUploadProgressTrackerFactory_simulateRealLifeScenario_output_1590446572,1590447751,1590446922,829
251-nods-found-batch-output,JON_188_idf_sha_nods_p2_r100_t518400_5M_25d_17h_42m_48s_orbit.orbit-c4904af=cloud.orbit.actors.extensions.test.LengthFieldHandlerTest.randomMessages_output_1590446572,1590447481,1590446948,533
251-nods-found-batch-output,JON_188_idf_sha_nods_p2_r100_t518400_5M_25d_17h_42m_48s_oryxproject.oryx-72ae4bb=com.cloudera.oryx.common.io.IOUtilsTest.testDistinctFreePorts_output_1590446572,1590447528,1590446934,594
251-nods-found-batch-output,JON_188_idf_sha_nods_p2_r100_t518400_5M_25d_17h_42m_48s_outbrain.aletheia-024a4b7=com.outbrain.aletheia.SampleDomainClassDatumTest.test_avro_route_output_1590446572,1590447525,1590446962,563
251-nods-found-batch-output,JON_188_idf_sha_nods_p2_r100_t518400_5M_25d_17h_42m_48s_outbrain.aletheia-024a4b7=com.outbrain.aletheia.SampleDomainClassDatumTest.testDatumRoutes_output_1590446572,1590447495,1590446951,544
251-nods-found-batch-output,JON_188_idf_sha_nods_p2_r100_t518400_5M_25d_17h_42m_48s_outbrain.aletheia-024a4b7=com.outbrain.aletheia.SampleDomainClassDatumTest.test_json_route_output_1590446572,1590447500,1590446946,554
251-nods-found-batch-output,JON_188_idf_sha_nods_p2_r100_t518400_5M_25d_17h_42m_48s_outbrain.aletheia-024a4b7=com.outbrain.aletheia.SampleDomainClassDatumTest.test_multiple_routes_output_1590446572,1590447499,1590446944,555
251-nods-found-batch-output,JON_188_idf_sha_nods_p2_r100_t518400_5M_25d_17h_42m_48s_pippo-java.pippo-ae898b6=ro.pippo.session.jedis.JedisSessionDataStorageTest.testDelete_output_1590446572,1590447343,1590446955,388
251-nods-found-batch-output,JON_188_idf_sha_nods_p2_r100_t518400_5M_25d_17h_42m_48s_pippo-java.pippo-ae898b6=ro.pippo.session.mongodb.MongoDBSessionDataStorageTest.testCreate_output_1590446572,1590447425,1590446941,484
251-nods-found-batch-output,JON_188_idf_sha_nods_p2_r100_t518400_5M_25d_17h_42m_48s_pippo-java.pippo-ae898b6=ro.pippo.session.mongodb.MongoDBSessionDataStorageTest.testDelete_output_1590446572,1590447438,1590446962,476
251-nods-found-batch-output,JON_188_idf_sha_nods_p2_r100_t518400_5M_25d_17h_42m_48s_pippo-java.pippo-ae898b6=ro.pippo.session.mongodb.MongoDBSessionDataStorageTest.testGet_output_1590446572,1590447487,1590446955,532
251-nods-found-batch-output,JON_188_idf_sha_nods_p2_r100_t518400_5M_25d_17h_42m_48s_pippo-java.pippo-ae898b6=ro.pippo.session.mongodb.MongoDBSessionDataStorageTest.testSave_output_1590446572,1590447457,1590446955,502
251-nods-found-batch-output,JON_188_idf_sha_nods_p2_r100_t518400_5M_25d_17h_42m_48s_ppiastucki.recast4j-01d478e=org.recast4j.detour.tilecache.TileCacheTest.testPerformance_output_1590446572,1590449054,1590446920,2134
251-nods-found-batch-output,JON_188_idf_sha_nods_p2_r100_t518400_5M_25d_17h_42m_48s_querydsl.querydsl-2bf234c=com.querydsl.hibernate.search.SearchQueryTest.count_output_1590446572,1590448252,1590446923,1329
251-nods-found-batch-output,JON_188_idf_sha_nods_p2_r100_t518400_5M_25d_17h_42m_48s_querydsl.querydsl-2bf234c=com.querydsl.hibernate.search.SearchQueryTest.listResults_output_1590446572,1590448222,1590446921,1301
251-nods-found-batch-output,JON_188_idf_sha_nods_p2_r100_t518400_5M_25d_17h_42m_48s_querydsl.querydsl-2bf234c=com.querydsl.hibernate.search.SearchQueryTest.paging_output_1590446572,1590448216,1590446934,1282
251-nods-found-batch-output,JON_188_idf_sha_nods_p2_r100_t518400_5M_25d_17h_42m_48s_spinn3r.noxy-d53a494=com.spinn3r.noxy.discovery.zookeeper.ZKTest.testBulkClusterJoining_output_1590446572,1590462434,1590446960,15474
251-nods-found-batch-output,JON_188_idf_sha_nods_p2_r100_t518400_5M_25d_17h_42m_48s_spinn3r.noxy-d53a494=com.spinn3r.noxy.discovery.zookeeper.ZKTest.testDiscoveryListener_output_1590446572,1590447624,1590446934,690
251-nods-found-batch-output,JON_188_idf_sha_nods_p2_r100_t518400_5M_25d_17h_42m_48s_spotify.helios-aebf68d=com.spotify.helios.testing.HeliosSoloDeploymentTest.testUndeployLeftoverJobs_output_1590446572,1590450578,1590446831,3747
251-nods-found-batch-output,JON_188_idf_sha_nods_p2_r100_t518400_5M_25d_17h_45m_48s_alibaba.fastjson-e05e9c5=com.alibaba.json.bvt.parser.deser.AbstractSerializeTest.test_mapping_1_output_1590446752,1590447485,1590447044,441
251-nods-found-batch-output,JON_188_idf_sha_nods_p2_r100_t518400_5M_25d_17h_45m_48s_alibaba.fastjson-e05e9c5=com.alibaba.json.bvt.parser.deser.AbstractSerializeTest.test_mapping_2_output_1590446752,1590447499,1590447047,452
251-nods-found-batch-output,JON_188_idf_sha_nods_p2_r100_t518400_5M_25d_17h_45m_48s_apache.hadoop-cc2babc=org.apache.hadoop.fs.http.server.TestHttpFSServer.testAllowSnapshot_output_1590446752,1590447338,1590447050,288
251-nods-found-batch-output,JON_188_idf_sha_nods_p2_r100_t518400_5M_25d_17h_45m_48s_apache.hadoop-cc2babc=org.apache.hadoop.fs.http.server.TestHttpFSServer.testCreateSnapshot_output_1590446752,1590447330,1590447052,278
251-nods-found-batch-output,JON_188_idf_sha_nods_p2_r100_t518400_5M_25d_17h_45m_48s_apache.hadoop-cc2babc=org.apache.hadoop.fs.http.server.TestHttpFSServer.testDelegationTokenOperationsSsl_output_1590446752,1590447348,1590447054,294
251-nods-found-batch-output,JON_188_idf_sha_nods_p2_r100_t518400_5M_25d_17h_45m_48s_apache.hadoop-cc2babc=org.apache.hadoop.fs.http.server.TestHttpFSServer.testDirAcls_output_1590446752,1590447329,1590447052,277
251-nods-found-batch-output,JON_188_idf_sha_nods_p2_r100_t518400_5M_25d_17h_45m_48s_apache.hadoop-cc2babc=org.apache.hadoop.fs.http.server.TestHttpFSServer.testDisallowSnapshotException_output_1590446752,1590447339,1590447054,285
251-nods-found-batch-output,JON_188_idf_sha_nods_p2_r100_t518400_5M_25d_17h_45m_48s_apache.hadoop-cc2babc=org.apache.hadoop.fs.http.server.TestHttpFSServer.testDisallowSnapshot_output_1590446752,1590447340,1590447054,286
251-nods-found-batch-output,JON_188_idf_sha_nods_p2_r100_t518400_5M_25d_17h_45m_48s_apache.hadoop-cc2babc=org.apache.hadoop.fs.http.server.TestHttpFSServer.testGetSnapshotDiffIllegalParam_output_1590446752,1590447325,1590447054,271
251-nods-found-batch-output,JON_188_idf_sha_nods_p2_r100_t518400_5M_25d_17h_45m_48s_apache.hadoop-cc2babc=org.apache.hadoop.lib.service.hadoop.TestFileSystemAccessService.fileSystemCache_output_1590446752,1590447346,1590447057,289
251-nods-found-batch-output,JON_188_idf_sha_nods_p2_r100_t518400_5M_25d_17h_45m_48s_apache.hadoop-cc2babc=org.apache.hadoop.lib.service.hadoop.TestFileSystemAccessService.fileSystemExecutor_output_1590446752,1590447344,1590447057,287
251-nods-found-batch-output,JON_188_idf_sha_nods_p2_r100_t518400_5M_25d_17h_45m_48s_apache.hadoop-cc2babc=org.apache.hadoop.lib.servlet.TestServerWebApp.getHomeDirNotDef_output_1590446752,1590447342,1590447059,283
251-nods-found-batch-output,JON_188_idf_sha_nods_p2_r100_t518400_5M_25d_17h_45m_48s_apache.hadoop-cc2babc=org.apache.hadoop.registry.client.impl.TestCuratorService.testRM_output_1590446752,1590447349,1590447057,292
251-nods-found-batch-output,JON_188_idf_sha_nods_p2_r100_t518400_5M_25d_17h_45m_48s_apache.hadoop-cc2babc=org.apache.hadoop.registry.secure.TestSecureLogins.testDefaultRealmValid_output_1590446752,1590447344,1590447057,287
251-nods-found-batch-output,JON_188_idf_sha_nods_p2_r100_t518400_5M_25d_17h_45m_48s_apache.hadoop-cc2babc=org.apache.hadoop.registry.secure.TestSecureLogins.testUGILogin_output_1590446752,1590447346,1590447059,287
251-nods-found-batch-output,JON_188_idf_sha_nods_p2_r100_t518400_5M_25d_17h_45m_48s_apache.hadoop-cc2babc=org.apache.hadoop.yarn.server.timelineservice.reader.TestTimelineReaderWebServices.testGetEntityDefaultView_output_1590446752,1590447347,1590447059,288
251-nods-found-batch-output,JON_188_idf_sha_nods_p2_r100_t518400_5M_25d_17h_45m_48s_apache.hadoop-cc2babc=org.apache.hadoop.yarn.server.timeline.TestEntityGroupFSTimelineStore.testGetEntityPluginRead_output_1590446752,1590447338,1590447059,279
251-nods-found-batch-output,JON_188_idf_sha_nods_p2_r100_t518400_5M_25d_17h_45m_48s_apache.hadoop-cc2babc=org.apache.hadoop.yarn.server.timeline.TestEntityGroupFSTimelineStore.testMoveToDone_output_1590446752,1590447349,1590447059,290
251-nods-found-batch-output,JON_188_idf_sha_nods_p2_r100_t518400_5M_25d_17h_45m_48s_apache.hadoop-cc2babc=org.apache.hadoop.yarn.server.timeline.TestEntityGroupFSTimelineStore.testParseSummaryLogs_output_1590446752,1590447341,1590447059,282
251-nods-found-batch-output,JON_188_idf_sha_nods_p2_r100_t518400_5M_25d_17h_45m_48s_apache.hadoop-cc2babc=org.apache.hadoop.yarn.server.timeline.TestLogInfo.testParseBrokenEntity_output_1590446752,1590447400,1590447059,341
251-nods-found-batch-output,JON_188_idf_sha_nods_p2_r100_t518400_5M_25d_17h_45m_48s_apache.hadoop-cc2babc=org.apache.hadoop.yarn.server.timeline.TestLogInfo.testParseEntity_output_1590446752,1590447333,1590447054,279
251-nods-found-batch-output,JON_188_idf_sha_nods_p2_r100_t518400_5M_25d_17h_45m_48s_apache.hbase-801fc05=org.apache.hadoop.hbase.procedure2.TestProcedureSkipPersistence.test_output_1590446752,1590448456,1590447061,1395
251-nods-found-batch-output,JON_188_idf_sha_nods_p2_r100_t518400_5M_25d_17h_45m_48s_apache.incubator-dubbo-737f7a7=org.apache.dubbo.remoting.exchange.support.header.HeartbeatHandlerTest.testHeartbeat_output_1590446752,1590448873,1590447061,1812
251-nods-found-batch-output,JON_188_idf_sha_nods_p2_r100_t518400_5M_25d_17h_45m_48s_apache.incubator-dubbo-737f7a7=org.apache.dubbo.rpc.protocol.dubbo.DubboLazyConnectTest.testSticky1_output_1590446752,1590448017,1590447061,956
251-nods-found-batch-output,JON_188_idf_sha_nods_p2_r100_t518400_5M_25d_17h_45m_48s_apache.incubator-dubbo-737f7a7=org.apache.dubbo.rpc.protocol.dubbo.DubboProtocolTest.testDemoProtocol_output_1590446752,1590447949,1590447061,888
251-nods-found-batch-output,JON_188_idf_sha_nods_p2_r100_t518400_5M_25d_17h_45m_48s_apache.incubator-dubbo-737f7a7=org.apache.dubbo.rpc.protocol.dubbo.DubboProtocolTest.testNonSerializedParameter_output_1590446752,1590447983,1590447061,922
251-nods-found-batch-output,JON_188_idf_sha_nods_p2_r100_t518400_5M_25d_17h_45m_48s_apache.incubator-dubbo-737f7a7=org.apache.dubbo.rpc.protocol.dubbo.DubboProtocolTest.testPerm_output_1590446752,1590448081,1590447064,1017
251-nods-found-batch-output,JON_188_idf_sha_nods_p2_r100_t518400_5M_25d_17h_45m_48s_apache.incubator-dubbo-737f7a7=org.apache.dubbo.rpc.protocol.dubbo.DubboProtocolTest.testReturnNonSerialized_output_1590446752,1590447916,1590447066,850
251-nods-found-batch-output,JON_188_idf_sha_nods_p2_r100_t518400_5M_25d_17h_45m_48s_apache.incubator-dubbo-737f7a7=org.apache.dubbo.rpc.protocol.dubbo.MultiThreadTest.testDubboMultiThreadInvoke_output_1590446752,1590448167,1590447064,1103
251-nods-found-batch-output,JON_188_idf_sha_nods_p2_r100_t518400_5M_25d_17h_45m_48s_apache.incubator-dubbo-737f7a7=org.apache.dubbo.rpc.protocol.dubbo.telnet.ChangeTelnetHandlerTest.testChangePath_output_1590446752,1590448398,1590447064,1334
251-nods-found-batch-output,JON_188_idf_sha_nods_p2_r100_t518400_5M_25d_17h_45m_48s_apache.incubator-dubbo-737f7a7=org.apache.dubbo.rpc.protocol.dubbo.telnet.ListTelnetHandlerTest.testList_output_1590446752,1590447992,1590447066,926
251-nods-found-batch-output,JON_188_idf_sha_nods_p2_r100_t518400_5M_25d_17h_45m_48s_apache.incubator-dubbo-737f7a7=org.apache.dubbo.rpc.protocol.dubbo.telnet.ListTelnetHandlerTest.testListService_output_1590446752,1590447999,1590447066,933
251-nods-found-batch-output,JON_188_idf_sha_nods_p2_r100_t518400_5M_25d_17h_45m_48s_apache.incubator-dubbo-737f7a7=org.apache.dubbo.rpc.protocol.http.HttpProtocolTest.testGenericInvokeWithNativeJava_output_1590446752,1590447986,1590447068,918
251-nods-found-batch-output,JON_188_idf_sha_nods_p2_r100_t518400_5M_25d_17h_45m_48s_apache.incubator-dubbo-737f7a7=org.apache.dubbo.rpc.protocol.http.HttpProtocolTest.testTimeOut_output_1590446752,1590447904,1590447068,836
251-nods-found-batch-output,JON_188_idf_sha_nods_p2_r100_t518400_5M_25d_17h_45m_48s_apereo.java-cas-client-574b74f=org.jasig.cas.client.validation.AssertionImplTests.testAssertionValidity_output_1590446752,1590447093,1590447068,25
251-nods-found-batch-output,JON_188_idf_sha_nods_p2_r100_t518400_5M_25d_17h_45m_48s_c2mon.c2mon-d80687b=cern.c2mon.daq.filter.dynamic.DiffTimeDeadbandActivatorTest.testNoActivationOnFirstRecord_output_1590446752,1590447408,1590447068,340
251-nods-found-batch-output,JON_188_idf_sha_nods_p2_r100_t518400_5M_25d_17h_45m_48s_c2mon.c2mon-d80687b=cern.c2mon.server.common.republisher.RepublisherImplTest.testMultipleExceptions_output_1590446752,1590447577,1590447068,509
251-nods-found-batch-output,JON_188_idf_sha_nods_p2_r100_t518400_5M_25d_17h_45m_48s_cescoffier.vertx-completable-future-011d3cd=me.escoffier.vertx.completablefuture.VertxCompletableFutureTest.testAcceptEitherAsyncWithExecutor_output_1590446752,1590447527,1590447074,453
251-nods-found-batch-output,JON_188_idf_sha_nods_p2_r100_t518400_5M_25d_17h_45m_48s_codingchili.excelastic-6bb7884=com.codingchili.TestWriter.shouldWriteToElasticPort_output_1590446752,1590447794,1590447074,720
251-nods-found-batch-output,JON_188_idf_sha_nods_p2_r100_t518400_5M_25d_17h_45m_48s_crawlscript.webcollector-016b61a=cn.edu.hfut.dmic.webcollector.util.OkHttpRequesterTest.testHttpCode_output_1590446752,1590447117,1590447074,43
251-nods-found-batch-output,JON_188_idf_sha_nods_p2_r100_t518400_5M_25d_17h_45m_48s_davidmoten.rxjava2-extras-d0315b6=com.github.davidmoten.rx2.internal.flowable.FlowableServerSocketTest.testLoad_output_1590446752,1590448747,1590447074,1673
251-nods-found-batch-output,JON_188_idf_sha_nods_p2_r100_t518400_5M_25d_17h_45m_48s_doanduyhai.achilles-e3099bd=info.archinnov.achilles.embedded.PortFinderTest.try_to_find_first_port_output_1590446752,1590447081,1590447074,7
251-nods-found-batch-output,JON_188_idf_sha_nods_p2_r100_t518400_5M_25d_17h_45m_48s_dropwizard.dropwizard-07dfaed=io.dropwizard.logging.DefaultLoggingFactoryTest.testConfigure_output_1590446752,1590447134,1590447081,53
251-nods-found-batch-output,JON_188_idf_sha_nods_p2_r100_t518400_5M_25d_17h_45m_48s_eclipse-ee4j.tyrus-d86e0cb=org.glassfish.tyrus.test.e2e.non_deployable.ServerExecutorsManagementTest.testExecutorServicesGetClosed_output_1590446752,1590447702,1590447076,626
251-nods-found-batch-output,JON_188_idf_sha_nods_p2_r100_t518400_5M_25d_17h_45m_48s_elasticjob.elastic-job-lite-b022898=io.elasticjob.lite.event.rdb.JobEventRdbSearchTest.assertFindJobExecutionEventsWithTime_output_1590446752,1590447980,1590447081,899
251-nods-found-batch-output,JON_188_idf_sha_nods_p2_r100_t518400_5M_25d_17h_45m_48s_elasticjob.elastic-job-lite-b022898=io.elasticjob.lite.lifecycle.api.JobAPIFactoryTest.assertCreateJobStatisticsAPI_output_1590446752,1590447640,1590447081,559
251-nods-found-batch-output,JON_188_idf_sha_nods_p2_r100_t518400_5M_25d_17h_45m_48s_elasticjob.elastic-job-lite-b022898=io.elasticjob.lite.lifecycle.api.JobAPIFactoryTest.assertCreateServerStatisticsAPI_output_1590446752,1590447610,1590447076,534
251-nods-found-batch-output,JON_188_idf_sha_nods_p2_r100_t518400_5M_25d_17h_45m_48s_elasticjob.elastic-job-lite-b022898=io.elasticjob.lite.spring.job.JobSpringNamespaceWithEventTraceRdbTest.assertSpringJobBean_output_1590446752,1590451309,1590447081,4228
251-nods-found-batch-output,JON_188_idf_sha_nods_p2_r100_t518400_5M_25d_17h_45m_48s_elasticjob.elastic-job-lite-b022898=io.elasticjob.lite.spring.job.JobSpringNamespaceWithListenerAndJdkDynamicProxyTest.assertSpringJobBean_output_1590446752,1590451312,1590447081,4231
251-nods-found-batch-output,JON_188_idf_sha_nods_p2_r100_t518400_5M_25d_17h_45m_48s_elasticjob.elastic-job-lite-b022898=io.elasticjob.lite.spring.job.JobSpringNamespaceWithoutListenerTest.assertSpringJobBean_output_1590446752,1590451323,1590447088,4235
251-nods-found-batch-output,JON_188_idf_sha_nods_p2_r100_t518400_5M_25d_17h_45m_48s_espertechinc.esper-590fa9c=com.espertech.esper.example.rfidassetzone.TestLRMovingSimMain.testSim_output_1590446752,1590448173,1590447085,1088
251-nods-found-batch-output,JON_188_idf_sha_nods_p2_r100_t518400_5M_25d_17h_45m_48s_feroult.yawp-b3bcf9c=io.yawp.testing.appengine.pipes.flow.FlowDropsTest.testFlowDropsToSameSink_output_1590446752,1590447815,1590447085,730
251-nods-found-batch-output,JON_188_idf_sha_nods_p2_r100_t518400_5M_25d_17h_45m_48s_flaxsearch.luwak-c27ec08=uk.co.flax.luwak.matchers.TestParallelMatcher.testParallelSlowLog_output_1590446752,1590447493,1590447081,412
251-nods-found-batch-output,JON_188_idf_sha_nods_p2_r100_t518400_5M_25d_17h_45m_48s_flaxsearch.luwak-c27ec08=uk.co.flax.luwak.matchers.TestPartitionMatcher.testParallelSlowLog_output_1590446752,1590447509,1590447087,422
251-nods-found-batch-output,JON_188_idf_sha_nods_p2_r100_t518400_5M_25d_17h_45m_48s_fluent.fluent-logger-java-da14ec3=org.fluentd.logger.TestFluentLogger.testReconnection_output_1590446752,1590448303,1590447087,1216
251-nods-found-batch-output,JON_188_idf_sha_nods_p2_r100_t518400_5M_25d_17h_45m_48s_fromage.redpipe-0aff891=net.redpipe.discovery.DiscoveryTest.checkWebClient_output_1590446752,1590447670,1590447087,583
251-nods-found-batch-output,JON_188_idf_sha_nods_p2_r100_t518400_5M_25d_17h_45m_48s_fromage.redpipe-0aff891=net.redpipe.engine.swagger.SwaggerApiTest.checkSwagger_output_1590446752,1590447536,1590447083,453
251-nods-found-batch-output,JON_188_idf_sha_nods_p2_r100_t518400_5M_25d_17h_45m_48s_javadelight.delight-nashorn-sandbox-da35edc=delight.nashornsandbox.TestGetFunction.test_output_1590446752,1590447716,1590447088,628
251-nods-found-batch-output,JON_188_idf_sha_nods_p2_r100_t518400_5M_25d_17h_45m_48s_javadelight.delight-nashorn-sandbox-da35edc=delight.nashornsandbox.TestMemoryLimit.test_no_abuse_output_1590446752,1590447667,1590447090,577
251-nods-found-batch-output,JON_188_idf_sha_nods_p2_r100_t518400_5M_25d_17h_45m_48s_kagkarlsson.db-scheduler-4a8a28e=com.github.kagkarlsson.scheduler.compatibility.HsqlCompatibilityTest.test_compatibility_output_1590446752,1590448511,1590447094,1417
251-nods-found-batch-output,JON_188_idf_sha_nods_p2_r100_t518400_5M_25d_17h_45m_48s_kagkarlsson.db-scheduler-4a8a28e=com.github.kagkarlsson.scheduler.SchedulerTest.scheduler_should_execute_rescheduled_task_when_exactly_due_output_1590446752,1590447515,1590447095,420
251-nods-found-batch-output,JON_188_idf_sha_nods_p2_r100_t518400_5M_25d_17h_45m_48s_knightliao.disconf-2ac5c82=com.baidu.disconf.client.test.DisconfMgrTestCase.demo_output_1590446752,1590447134,1590447095,39
251-nods-found-batch-output,JON_188_idf_sha_nods_p2_r100_t518400_5M_25d_17h_45m_48s_lcw2004.one-7b9b249=com.lcw.one.main.EmailServiceTest.sendEmailList_output_1590446752,1590447676,1590447090,586
251-nods-found-batch-output,JON_188_idf_sha_nods_p2_r100_t518400_5M_25d_17h_45m_48s_logzio.sawmill-e493c2e=io.logz.sawmill.PipelineExecutorTest.testOnSuccessPipelineExecution_output_1590446752,1590447122,1590447095,27
251-nods-found-batch-output,JON_188_idf_sha_nods_p2_r100_t518400_5M_25d_17h_45m_48s_logzio.sawmill-e493c2e=io.logz.sawmill.PipelineExecutorTest.testWarnLongProcessingExecution_output_1590446752,1590447124,1590447098,26
251-nods-found-batch-output,JON_188_idf_sha_nods_p2_r100_t518400_5M_25d_17h_45m_48s_logzio.sawmill-e493c2e=io.logz.sawmill.processors.ConvertFieldProcessorTest.testConvertToBoolean_output_1590446752,1590447063,1590447039,24
251-nods-found-batch-output,JON_188_idf_sha_nods_p2_r100_t518400_5M_25d_17h_45m_48s_marcosbarbero.spring-cloud-zuul-ratelimit-ae9603f=com.marcosbarbero.tests.it.Bucket4jInfinispanApplicationTestIT.testExceedingQuotaCapacityRequest_output_1590446752,1590449129,1590447098,2031
251-nods-found-batch-output,JON_188_idf_sha_nods_p2_r100_t518400_5M_25d_17h_45m_48s_nationalsecurityagency.timely-3a8cbd3=timely.store.iterators.TimeSeriesGroupingIteratorTest.testMultipleTimeSeriesMovingAverage_output_1590446752,1590448261,1590447109,1152
251-nods-found-batch-output,JON_188_idf_sha_nods_p2_r100_t518400_5M_25d_17h_45m_48s_odrotbohm.sos-d4ed68a=example.sos.modulith.orders.EmailNotificationTest.completingAnOrderUpdatesInventory_output_1590446752,1590447989,1590447092,897
251-nods-found-batch-output,JON_188_idf_sha_nods_p2_r100_t518400_5M_25d_17h_45m_48s_openpojo.openpojo-9badbcc=com.openpojo.reflection.impl.PojoClassImplTest.shouldCreateInstanceOnAbstract_output_1590446752,1590448315,1590447105,1210
251-nods-found-batch-output,JON_188_idf_sha_nods_p2_r100_t518400_5M_25d_17h_45m_48s_oracle.oci-java-sdk-2e9982f=com.oracle.bmc.objectstorage.transfer.ProgressTrackerTest.multipartUploadProgressTrackerFactory_simulateRealLifeScenario_output_1590446752,1590447899,1590447054,845
251-nods-found-batch-output,JON_188_idf_sha_nods_p2_r100_t518400_5M_25d_17h_45m_48s_orbit.orbit-c4904af=cloud.orbit.actors.extensions.test.LengthFieldHandlerTest.randomMessages_output_1590446752,1590447589,1590447105,484
251-nods-found-batch-output,JON_188_idf_sha_nods_p2_r100_t518400_5M_25d_17h_45m_48s_oryxproject.oryx-72ae4bb=com.cloudera.oryx.common.io.IOUtilsTest.testDistinctFreePorts_output_1590446752,1590447631,1590447098,533
251-nods-found-batch-output,JON_188_idf_sha_nods_p2_r100_t518400_5M_25d_17h_45m_48s_outbrain.aletheia-024a4b7=com.outbrain.aletheia.SampleDomainClassDatumTest.test_avro_route_output_1590446752,1590447660,1590447102,558
251-nods-found-batch-output,JON_188_idf_sha_nods_p2_r100_t518400_5M_25d_17h_45m_48s_outbrain.aletheia-024a4b7=com.outbrain.aletheia.SampleDomainClassDatumTest.testDatumRoutes_output_1590446752,1590447669,1590447098,571
251-nods-found-batch-output,JON_188_idf_sha_nods_p2_r100_t518400_5M_25d_17h_45m_48s_outbrain.aletheia-024a4b7=com.outbrain.aletheia.SampleDomainClassDatumTest.test_json_route_output_1590446752,1590447641,1590447109,532
251-nods-found-batch-output,JON_188_idf_sha_nods_p2_r100_t518400_5M_25d_17h_45m_48s_outbrain.aletheia-024a4b7=com.outbrain.aletheia.SampleDomainClassDatumTest.test_multiple_routes_output_1590446752,1590447626,1590447102,524
251-nods-found-batch-output,JON_188_idf_sha_nods_p2_r100_t518400_5M_25d_17h_45m_48s_pippo-java.pippo-ae898b6=ro.pippo.session.jedis.JedisSessionDataStorageTest.testDelete_output_1590446752,1590447476,1590447105,371
251-nods-found-batch-output,JON_188_idf_sha_nods_p2_r100_t518400_5M_25d_17h_45m_48s_pippo-java.pippo-ae898b6=ro.pippo.session.mongodb.MongoDBSessionDataStorageTest.testCreate_output_1590446752,1590447560,1590447114,446
251-nods-found-batch-output,JON_188_idf_sha_nods_p2_r100_t518400_5M_25d_17h_45m_48s_pippo-java.pippo-ae898b6=ro.pippo.session.mongodb.MongoDBSessionDataStorageTest.testDelete_output_1590446752,1590447584,1590447116,468
251-nods-found-batch-output,JON_188_idf_sha_nods_p2_r100_t518400_5M_25d_17h_45m_48s_pippo-java.pippo-ae898b6=ro.pippo.session.mongodb.MongoDBSessionDataStorageTest.testGet_output_1590446752,1590447547,1590447109,438
251-nods-found-batch-output,JON_188_idf_sha_nods_p2_r100_t518400_5M_25d_17h_45m_48s_pippo-java.pippo-ae898b6=ro.pippo.session.mongodb.MongoDBSessionDataStorageTest.testSave_output_1590446752,1590447558,1590447114,444
251-nods-found-batch-output,JON_188_idf_sha_nods_p2_r100_t518400_5M_25d_17h_45m_48s_ppiastucki.recast4j-01d478e=org.recast4j.detour.tilecache.TileCacheTest.testPerformance_output_1590446752,1590448927,1590447111,1816
251-nods-found-batch-output,JON_188_idf_sha_nods_p2_r100_t518400_5M_25d_17h_45m_48s_querydsl.querydsl-2bf234c=com.querydsl.hibernate.search.SearchQueryTest.count_output_1590446752,1590448512,1590447114,1398
251-nods-found-batch-output,JON_188_idf_sha_nods_p2_r100_t518400_5M_25d_17h_45m_48s_querydsl.querydsl-2bf234c=com.querydsl.hibernate.search.SearchQueryTest.listResults_output_1590446752,1590448469,1590447117,1352
251-nods-found-batch-output,JON_188_idf_sha_nods_p2_r100_t518400_5M_25d_17h_45m_48s_querydsl.querydsl-2bf234c=com.querydsl.hibernate.search.SearchQueryTest.paging_output_1590446752,1590448398,1590447114,1284
251-nods-found-batch-output,JON_188_idf_sha_nods_p2_r100_t518400_5M_25d_17h_45m_48s_spinn3r.noxy-d53a494=com.spinn3r.noxy.discovery.zookeeper.ZKTest.testBulkClusterJoining_output_1590446752,1590459829,1590447114,12715
251-nods-found-batch-output,JON_188_idf_sha_nods_p2_r100_t518400_5M_25d_17h_45m_48s_spinn3r.noxy-d53a494=com.spinn3r.noxy.discovery.zookeeper.ZKTest.testDiscoveryListener_output_1590446752,1590447765,1590447116,649
251-nods-found-batch-output,JON_188_idf_sha_nods_p2_r100_t518400_5M_25d_17h_45m_48s_spotify.helios-aebf68d=com.spotify.helios.testing.HeliosSoloDeploymentTest.testUndeployLeftoverJobs_output_1590446752,1590450734,1590447039,3695
251-nods-found-batch-output,JON_188_idf_sha_nods_p2_r100_t518400_5M_25d_17h_48m_48s_alibaba.fastjson-e05e9c5=com.alibaba.json.bvt.parser.deser.AbstractSerializeTest.test_mapping_1_output_1590446932,1590447698,1590447202,496
251-nods-found-batch-output,JON_188_idf_sha_nods_p2_r100_t518400_5M_25d_17h_48m_48s_alibaba.fastjson-e05e9c5=com.alibaba.json.bvt.parser.deser.AbstractSerializeTest.test_mapping_2_output_1590446932,1590447671,1590447214,457
251-nods-found-batch-output,JON_188_idf_sha_nods_p2_r100_t518400_5M_25d_17h_48m_48s_apache.hadoop-cc2babc=org.apache.hadoop.fs.http.server.TestHttpFSServer.testAllowSnapshot_output_1590446932,1590447499,1590447216,283
251-nods-found-batch-output,JON_188_idf_sha_nods_p2_r100_t518400_5M_25d_17h_48m_48s_apache.hadoop-cc2babc=org.apache.hadoop.fs.http.server.TestHttpFSServer.testCreateSnapshot_output_1590446932,1590447503,1590447219,284
251-nods-found-batch-output,JON_188_idf_sha_nods_p2_r100_t518400_5M_25d_17h_48m_48s_apache.hadoop-cc2babc=org.apache.hadoop.fs.http.server.TestHttpFSServer.testDelegationTokenOperationsSsl_output_1590446932,1590447499,1590447216,283
251-nods-found-batch-output,JON_188_idf_sha_nods_p2_r100_t518400_5M_25d_17h_48m_48s_apache.hadoop-cc2babc=org.apache.hadoop.fs.http.server.TestHttpFSServer.testDirAcls_output_1590446932,1590447501,1590447216,285
251-nods-found-batch-output,JON_188_idf_sha_nods_p2_r100_t518400_5M_25d_17h_48m_48s_apache.hadoop-cc2babc=org.apache.hadoop.fs.http.server.TestHttpFSServer.testDisallowSnapshotException_output_1590446932,1590447500,1590447216,284
251-nods-found-batch-output,JON_188_idf_sha_nods_p2_r100_t518400_5M_25d_17h_48m_48s_apache.hadoop-cc2babc=org.apache.hadoop.lib.servlet.TestServerWebApp.getHomeDirNotDef_output_1590446932,1590447500,1590447222,278
251-nods-found-batch-output,JON_188_idf_sha_nods_p2_r100_t518400_5M_25d_17h_48m_48s_apache.hadoop-cc2babc=org.apache.hadoop.fs.http.server.TestHttpFSServer.testDisallowSnapshot_output_1590446932,1590447501,1590447214,287
251-nods-found-batch-output,JON_188_idf_sha_nods_p2_r100_t518400_5M_25d_17h_48m_48s_apache.hadoop-cc2babc=org.apache.hadoop.fs.http.server.TestHttpFSServer.testGetSnapshotDiffIllegalParam_output_1590446932,1590447496,1590447219,277
251-nods-found-batch-output,JON_188_idf_sha_nods_p2_r100_t518400_5M_25d_17h_48m_48s_apache.hadoop-cc2babc=org.apache.hadoop.lib.service.hadoop.TestFileSystemAccessService.fileSystemCache_output_1590446932,1590447500,1590447219,281
251-nods-found-batch-output,JON_188_idf_sha_nods_p2_r100_t518400_5M_25d_17h_48m_48s_apache.hadoop-cc2babc=org.apache.hadoop.lib.service.hadoop.TestFileSystemAccessService.fileSystemExecutor_output_1590446932,1590447510,1590447222,288
251-nods-found-batch-output,JON_188_idf_sha_nods_p2_r100_t518400_5M_25d_17h_48m_48s_apache.hadoop-cc2babc=org.apache.hadoop.registry.client.impl.TestCuratorService.testRM_output_1590446932,1590447507,1590447222,285
251-nods-found-batch-output,JON_188_idf_sha_nods_p2_r100_t518400_5M_25d_17h_48m_48s_apache.hadoop-cc2babc=org.apache.hadoop.registry.secure.TestSecureLogins.testDefaultRealmValid_output_1590446932,1590447499,1590447222,277
251-nods-found-batch-output,JON_188_idf_sha_nods_p2_r100_t518400_5M_25d_17h_48m_48s_apache.hadoop-cc2babc=org.apache.hadoop.registry.secure.TestSecureLogins.testUGILogin_output_1590446932,1590447509,1590447222,287
251-nods-found-batch-output,JON_188_idf_sha_nods_p2_r100_t518400_5M_25d_17h_48m_48s_apache.hadoop-cc2babc=org.apache.hadoop.yarn.server.timelineservice.reader.TestTimelineReaderWebServices.testGetEntityDefaultView_output_1590446932,1590447495,1590447227,268
251-nods-found-batch-output,JON_188_idf_sha_nods_p2_r100_t518400_5M_25d_17h_48m_48s_apache.hadoop-cc2babc=org.apache.hadoop.yarn.server.timeline.TestEntityGroupFSTimelineStore.testGetEntityPluginRead_output_1590446932,1590447511,1590447228,283
251-nods-found-batch-output,JON_188_idf_sha_nods_p2_r100_t518400_5M_25d_17h_48m_48s_apache.hadoop-cc2babc=org.apache.hadoop.yarn.server.timeline.TestEntityGroupFSTimelineStore.testMoveToDone_output_1590446932,1590447511,1590447222,289
251-nods-found-batch-output,JON_188_idf_sha_nods_p2_r100_t518400_5M_25d_17h_48m_48s_apache.hadoop-cc2babc=org.apache.hadoop.yarn.server.timeline.TestEntityGroupFSTimelineStore.testParseSummaryLogs_output_1590446932,1590447512,1590447228,284
251-nods-found-batch-output,JON_188_idf_sha_nods_p2_r100_t518400_5M_25d_17h_48m_48s_apache.hadoop-cc2babc=org.apache.hadoop.yarn.server.timeline.TestLogInfo.testParseBrokenEntity_output_1590446932,1590447499,1590447227,272
251-nods-found-batch-output,JON_188_idf_sha_nods_p2_r100_t518400_5M_25d_17h_48m_48s_apache.hadoop-cc2babc=org.apache.hadoop.yarn.server.timeline.TestLogInfo.testParseEntity_output_1590446932,1590447509,1590447228,281
251-nods-found-batch-output,JON_188_idf_sha_nods_p2_r100_t518400_5M_25d_17h_48m_48s_apache.hbase-801fc05=org.apache.hadoop.hbase.procedure2.TestProcedureSkipPersistence.test_output_1590446932,1590448554,1590447242,1312
251-nods-found-batch-output,JON_188_idf_sha_nods_p2_r100_t518400_5M_25d_17h_48m_48s_apache.incubator-dubbo-737f7a7=org.apache.dubbo.remoting.exchange.support.header.HeartbeatHandlerTest.testHeartbeat_output_1590446932,1590449123,1590447228,1895
251-nods-found-batch-output,JON_188_idf_sha_nods_p2_r100_t518400_5M_25d_17h_48m_48s_apache.incubator-dubbo-737f7a7=org.apache.dubbo.rpc.protocol.dubbo.DubboLazyConnectTest.testSticky1_output_1590446932,1590448213,1590447234,979
251-nods-found-batch-output,JON_188_idf_sha_nods_p2_r100_t518400_5M_25d_17h_48m_48s_apache.incubator-dubbo-737f7a7=org.apache.dubbo.rpc.protocol.dubbo.DubboProtocolTest.testDemoProtocol_output_1590446932,1590448268,1590447240,1028
251-nods-found-batch-output,JON_188_idf_sha_nods_p2_r100_t518400_5M_25d_17h_48m_48s_apache.incubator-dubbo-737f7a7=org.apache.dubbo.rpc.protocol.dubbo.DubboProtocolTest.testNonSerializedParameter_output_1590446932,1590448241,1590447227,1014
251-nods-found-batch-output,JON_188_idf_sha_nods_p2_r100_t518400_5M_25d_17h_48m_48s_apache.incubator-dubbo-737f7a7=org.apache.dubbo.rpc.protocol.dubbo.DubboProtocolTest.testPerm_output_1590446932,1590448433,1590447240,1193
251-nods-found-batch-output,JON_188_idf_sha_nods_p2_r100_t518400_5M_25d_17h_48m_48s_apache.incubator-dubbo-737f7a7=org.apache.dubbo.rpc.protocol.dubbo.DubboProtocolTest.testReturnNonSerialized_output_1590446932,1590448208,1590447242,966
251-nods-found-batch-output,JON_188_idf_sha_nods_p2_r100_t518400_5M_25d_17h_48m_48s_apache.incubator-dubbo-737f7a7=org.apache.dubbo.rpc.protocol.dubbo.MultiThreadTest.testDubboMultiThreadInvoke_output_1590446932,1590448622,1590447242,1380
251-nods-found-batch-output,JON_188_idf_sha_nods_p2_r100_t518400_5M_25d_17h_48m_48s_apache.incubator-dubbo-737f7a7=org.apache.dubbo.rpc.protocol.dubbo.telnet.ChangeTelnetHandlerTest.testChangePath_output_1590446932,1590448207,1590447242,965
251-nods-found-batch-output,JON_188_idf_sha_nods_p2_r100_t518400_5M_25d_17h_48m_48s_apache.incubator-dubbo-737f7a7=org.apache.dubbo.rpc.protocol.dubbo.telnet.ListTelnetHandlerTest.testList_output_1590446932,1590448281,1590447237,1044
251-nods-found-batch-output,JON_188_idf_sha_nods_p2_r100_t518400_5M_25d_17h_48m_48s_apache.incubator-dubbo-737f7a7=org.apache.dubbo.rpc.protocol.dubbo.telnet.ListTelnetHandlerTest.testListService_output_1590446932,1590448251,1590447242,1009
251-nods-found-batch-output,JON_188_idf_sha_nods_p2_r100_t518400_5M_25d_17h_48m_48s_apache.incubator-dubbo-737f7a7=org.apache.dubbo.rpc.protocol.http.HttpProtocolTest.testGenericInvokeWithNativeJava_output_1590446932,1590448247,1590447242,1005
251-nods-found-batch-output,JON_188_idf_sha_nods_p2_r100_t518400_5M_25d_17h_48m_48s_apache.incubator-dubbo-737f7a7=org.apache.dubbo.rpc.protocol.http.HttpProtocolTest.testTimeOut_output_1590446932,1590448205,1590447245,960
251-nods-found-batch-output,JON_188_idf_sha_nods_p2_r100_t518400_5M_25d_17h_48m_48s_apereo.java-cas-client-574b74f=org.jasig.cas.client.validation.AssertionImplTests.testAssertionValidity_output_1590446932,1590447273,1590447245,28
251-nods-found-batch-output,JON_188_idf_sha_nods_p2_r100_t518400_5M_25d_17h_48m_48s_c2mon.c2mon-d80687b=cern.c2mon.daq.filter.dynamic.DiffTimeDeadbandActivatorTest.testNoActivationOnFirstRecord_output_1590446932,1590447629,1590447248,381
251-nods-found-batch-output,JON_188_idf_sha_nods_p2_r100_t518400_5M_25d_17h_48m_48s_c2mon.c2mon-d80687b=cern.c2mon.server.common.republisher.RepublisherImplTest.testMultipleExceptions_output_1590446932,1590447748,1590447248,500
251-nods-found-batch-output,JON_188_idf_sha_nods_p2_r100_t518400_5M_25d_17h_48m_48s_cescoffier.vertx-completable-future-011d3cd=me.escoffier.vertx.completablefuture.VertxCompletableFutureTest.testAcceptEitherAsyncWithExecutor_output_1590446932,1590447680,1590447248,432
251-nods-found-batch-output,JON_188_idf_sha_nods_p2_r100_t518400_5M_25d_17h_48m_48s_codingchili.excelastic-6bb7884=com.codingchili.TestWriter.shouldWriteToElasticPort_output_1590446932,1590447812,1590447248,564
251-nods-found-batch-output,JON_188_idf_sha_nods_p2_r100_t518400_5M_25d_17h_48m_48s_crawlscript.webcollector-016b61a=cn.edu.hfut.dmic.webcollector.util.OkHttpRequesterTest.testHttpCode_output_1590446932,1590447251,1590447208,43
251-nods-found-batch-output,JON_188_idf_sha_nods_p2_r100_t518400_5M_25d_17h_48m_48s_davidmoten.rxjava2-extras-d0315b6=com.github.davidmoten.rx2.internal.flowable.FlowableServerSocketTest.testLoad_output_1590446932,1590448912,1590447248,1664
251-nods-found-batch-output,JON_188_idf_sha_nods_p2_r100_t518400_5M_25d_17h_48m_48s_doanduyhai.achilles-e3099bd=info.archinnov.achilles.embedded.PortFinderTest.try_to_find_first_port_output_1590446932,1590447262,1590447251,11
251-nods-found-batch-output,JON_188_idf_sha_nods_p2_r100_t518400_5M_25d_17h_48m_48s_dropwizard.dropwizard-07dfaed=io.dropwizard.logging.DefaultLoggingFactoryTest.testConfigure_output_1590446932,1590447350,1590447294,56
251-nods-found-batch-output,JON_188_idf_sha_nods_p2_r100_t518400_5M_25d_17h_48m_48s_eclipse-ee4j.tyrus-d86e0cb=org.glassfish.tyrus.test.e2e.non_deployable.ServerExecutorsManagementTest.testExecutorServicesGetClosed_output_1590446932,1590447901,1590447251,650
251-nods-found-batch-output,JON_188_idf_sha_nods_p2_r100_t518400_5M_25d_17h_48m_48s_elasticjob.elastic-job-lite-b022898=io.elasticjob.lite.event.rdb.JobEventRdbSearchTest.assertFindJobExecutionEventsWithTime_output_1590446932,1590447776,1590447251,525
251-nods-found-batch-output,JON_188_idf_sha_nods_p2_r100_t518400_5M_25d_17h_48m_48s_elasticjob.elastic-job-lite-b022898=io.elasticjob.lite.lifecycle.api.JobAPIFactoryTest.assertCreateJobStatisticsAPI_output_1590446932,1590447847,1590447251,596
251-nods-found-batch-output,JON_188_idf_sha_nods_p2_r100_t518400_5M_25d_17h_48m_48s_elasticjob.elastic-job-lite-b022898=io.elasticjob.lite.lifecycle.api.JobAPIFactoryTest.assertCreateServerStatisticsAPI_output_1590446932,1590447877,1590447251,626
251-nods-found-batch-output,JON_188_idf_sha_nods_p2_r100_t518400_5M_25d_17h_48m_48s_elasticjob.elastic-job-lite-b022898=io.elasticjob.lite.spring.job.JobSpringNamespaceWithEventTraceRdbTest.assertSpringJobBean_output_1590446932,1590451489,1590447254,4235
251-nods-found-batch-output,JON_188_idf_sha_nods_p2_r100_t518400_5M_25d_17h_48m_48s_elasticjob.elastic-job-lite-b022898=io.elasticjob.lite.spring.job.JobSpringNamespaceWithListenerAndJdkDynamicProxyTest.assertSpringJobBean_output_1590446932,1590451475,1590447251,4224
251-nods-found-batch-output,JON_188_idf_sha_nods_p2_r100_t518400_5M_25d_17h_48m_48s_elasticjob.elastic-job-lite-b022898=io.elasticjob.lite.spring.job.JobSpringNamespaceWithoutListenerTest.assertSpringJobBean_output_1590446932,1590451487,1590447251,4236
251-nods-found-batch-output,JON_188_idf_sha_nods_p2_r100_t518400_5M_25d_17h_48m_48s_espertechinc.esper-590fa9c=com.espertech.esper.example.rfidassetzone.TestLRMovingSimMain.testSim_output_1590446932,1590448451,1590447254,1197
251-nods-found-batch-output,JON_188_idf_sha_nods_p2_r100_t518400_5M_25d_17h_48m_48s_feroult.yawp-b3bcf9c=io.yawp.testing.appengine.pipes.flow.FlowDropsTest.testFlowDropsToSameSink_output_1590446932,1590448044,1590447254,790
251-nods-found-batch-output,JON_188_idf_sha_nods_p2_r100_t518400_5M_25d_17h_48m_48s_flaxsearch.luwak-c27ec08=uk.co.flax.luwak.matchers.TestParallelMatcher.testParallelSlowLog_output_1590446932,1590447699,1590447254,445
251-nods-found-batch-output,JON_188_idf_sha_nods_p2_r100_t518400_5M_25d_17h_48m_48s_flaxsearch.luwak-c27ec08=uk.co.flax.luwak.matchers.TestPartitionMatcher.testParallelSlowLog_output_1590446932,1590447681,1590447254,427
251-nods-found-batch-output,JON_188_idf_sha_nods_p2_r100_t518400_5M_25d_17h_48m_48s_fluent.fluent-logger-java-da14ec3=org.fluentd.logger.TestFluentLogger.testReconnection_output_1590446932,1590448410,1590447251,1159
251-nods-found-batch-output,JON_188_idf_sha_nods_p2_r100_t518400_5M_25d_17h_48m_48s_fromage.redpipe-0aff891=net.redpipe.discovery.DiscoveryTest.checkWebClient_output_1590446932,1590447809,1590447251,558
251-nods-found-batch-output,JON_188_idf_sha_nods_p2_r100_t518400_5M_25d_17h_48m_48s_fromage.redpipe-0aff891=net.redpipe.engine.swagger.SwaggerApiTest.checkSwagger_output_1590446932,1590447871,1590447253,618
251-nods-found-batch-output,JON_188_idf_sha_nods_p2_r100_t518400_5M_25d_17h_48m_48s_javadelight.delight-nashorn-sandbox-da35edc=delight.nashornsandbox.TestGetFunction.test_output_1590446932,1590447864,1590447254,610
251-nods-found-batch-output,JON_188_idf_sha_nods_p2_r100_t518400_5M_25d_17h_48m_48s_javadelight.delight-nashorn-sandbox-da35edc=delight.nashornsandbox.TestMemoryLimit.test_no_abuse_output_1590446932,1590447881,1590447254,627
251-nods-found-batch-output,JON_188_idf_sha_nods_p2_r100_t518400_5M_25d_17h_48m_48s_kagkarlsson.db-scheduler-4a8a28e=com.github.kagkarlsson.scheduler.compatibility.HsqlCompatibilityTest.test_compatibility_output_1590446932,1590448685,1590447256,1429
251-nods-found-batch-output,JON_188_idf_sha_nods_p2_r100_t518400_5M_25d_17h_48m_48s_kagkarlsson.db-scheduler-4a8a28e=com.github.kagkarlsson.scheduler.SchedulerTest.scheduler_should_execute_rescheduled_task_when_exactly_due_output_1590446932,1590447624,1590447256,368
251-nods-found-batch-output,JON_188_idf_sha_nods_p2_r100_t518400_5M_25d_17h_48m_48s_knightliao.disconf-2ac5c82=com.baidu.disconf.client.test.DisconfMgrTestCase.demo_output_1590446932,1590447303,1590447259,44
251-nods-found-batch-output,JON_188_idf_sha_nods_p2_r100_t518400_5M_25d_17h_48m_48s_lcw2004.one-7b9b249=com.lcw.one.main.EmailServiceTest.sendEmailList_output_1590446932,1590447967,1590447256,711
251-nods-found-batch-output,JON_188_idf_sha_nods_p2_r100_t518400_5M_25d_17h_48m_48s_logzio.sawmill-e493c2e=io.logz.sawmill.PipelineExecutorTest.testOnSuccessPipelineExecution_output_1590446932,1590447289,1590447259,30
251-nods-found-batch-output,JON_188_idf_sha_nods_p2_r100_t518400_5M_25d_17h_48m_48s_logzio.sawmill-e493c2e=io.logz.sawmill.PipelineExecutorTest.testWarnLongProcessingExecution_output_1590446932,1590447291,1590447263,28
251-nods-found-batch-output,JON_188_idf_sha_nods_p2_r100_t518400_5M_25d_17h_48m_48s_logzio.sawmill-e493c2e=io.logz.sawmill.processors.ConvertFieldProcessorTest.testConvertToBoolean_output_1590446932,1590447225,1590447197,28
251-nods-found-batch-output,JON_188_idf_sha_nods_p2_r100_t518400_5M_25d_17h_48m_48s_marcosbarbero.spring-cloud-zuul-ratelimit-ae9603f=com.marcosbarbero.tests.it.Bucket4jInfinispanApplicationTestIT.testExceedingQuotaCapacityRequest_output_1590446932,1590450696,1590447269,3427
251-nods-found-batch-output,JON_188_idf_sha_nods_p2_r100_t518400_5M_25d_17h_48m_48s_nationalsecurityagency.timely-3a8cbd3=timely.store.iterators.TimeSeriesGroupingIteratorTest.testMultipleTimeSeriesMovingAverage_output_1590446932,1590448608,1590447263,1345
251-nods-found-batch-output,JON_188_idf_sha_nods_p2_r100_t518400_5M_25d_17h_48m_48s_odrotbohm.sos-d4ed68a=example.sos.modulith.orders.EmailNotificationTest.completingAnOrderUpdatesInventory_output_1590446932,1590448276,1590447265,1011
251-nods-found-batch-output,JON_188_idf_sha_nods_p2_r100_t518400_5M_25d_17h_48m_48s_openpojo.openpojo-9badbcc=com.openpojo.reflection.impl.PojoClassImplTest.shouldCreateInstanceOnAbstract_output_1590446932,1590448587,1590447266,1321
251-nods-found-batch-output,JON_188_idf_sha_nods_p2_r100_t518400_5M_25d_17h_48m_48s_oracle.oci-java-sdk-2e9982f=com.oracle.bmc.objectstorage.transfer.ProgressTrackerTest.multipartUploadProgressTrackerFactory_simulateRealLifeScenario_output_1590446932,1590448081,1590447277,804
251-nods-found-batch-output,JON_188_idf_sha_nods_p2_r100_t518400_5M_25d_17h_48m_48s_orbit.orbit-c4904af=cloud.orbit.actors.extensions.test.LengthFieldHandlerTest.randomMessages_output_1590446932,1590447778,1590447273,505
251-nods-found-batch-output,JON_188_idf_sha_nods_p2_r100_t518400_5M_25d_17h_48m_48s_oryxproject.oryx-72ae4bb=com.cloudera.oryx.common.io.IOUtilsTest.testDistinctFreePorts_output_1590446932,1590447863,1590447288,575
251-nods-found-batch-output,JON_188_idf_sha_nods_p2_r100_t518400_5M_25d_17h_48m_48s_outbrain.aletheia-024a4b7=com.outbrain.aletheia.SampleDomainClassDatumTest.test_avro_route_output_1590446932,1590447838,1590447269,569
251-nods-found-batch-output,JON_188_idf_sha_nods_p2_r100_t518400_5M_25d_17h_48m_48s_outbrain.aletheia-024a4b7=com.outbrain.aletheia.SampleDomainClassDatumTest.testDatumRoutes_output_1590446932,1590447829,1590447283,546
251-nods-found-batch-output,JON_188_idf_sha_nods_p2_r100_t518400_5M_25d_17h_48m_48s_outbrain.aletheia-024a4b7=com.outbrain.aletheia.SampleDomainClassDatumTest.test_json_route_output_1590446932,1590447874,1590447291,583
251-nods-found-batch-output,JON_188_idf_sha_nods_p2_r100_t518400_5M_25d_17h_48m_48s_outbrain.aletheia-024a4b7=com.outbrain.aletheia.SampleDomainClassDatumTest.test_multiple_routes_output_1590446932,1590447844,1590447277,567
251-nods-found-batch-output,JON_188_idf_sha_nods_p2_r100_t518400_5M_25d_17h_48m_48s_pippo-java.pippo-ae898b6=ro.pippo.session.jedis.JedisSessionDataStorageTest.testDelete_output_1590446932,1590447629,1590447277,352
251-nods-found-batch-output,JON_188_idf_sha_nods_p2_r100_t518400_5M_25d_17h_48m_48s_pippo-java.pippo-ae898b6=ro.pippo.session.mongodb.MongoDBSessionDataStorageTest.testCreate_output_1590446932,1590447756,1590447286,470
251-nods-found-batch-output,JON_188_idf_sha_nods_p2_r100_t518400_5M_25d_17h_48m_48s_pippo-java.pippo-ae898b6=ro.pippo.session.mongodb.MongoDBSessionDataStorageTest.testDelete_output_1590446932,1590447721,1590447288,433
251-nods-found-batch-output,JON_188_idf_sha_nods_p2_r100_t518400_5M_25d_17h_48m_48s_pippo-java.pippo-ae898b6=ro.pippo.session.mongodb.MongoDBSessionDataStorageTest.testGet_output_1590446932,1590447751,1590447286,465
251-nods-found-batch-output,JON_188_idf_sha_nods_p2_r100_t518400_5M_25d_17h_48m_48s_pippo-java.pippo-ae898b6=ro.pippo.session.mongodb.MongoDBSessionDataStorageTest.testSave_output_1590446932,1590447732,1590447291,441
251-nods-found-batch-output,JON_188_idf_sha_nods_p2_r100_t518400_5M_25d_17h_48m_48s_ppiastucki.recast4j-01d478e=org.recast4j.detour.tilecache.TileCacheTest.testPerformance_output_1590446932,1590449369,1590447291,2078
251-nods-found-batch-output,JON_188_idf_sha_nods_p2_r100_t518400_5M_25d_17h_48m_48s_querydsl.querydsl-2bf234c=com.querydsl.hibernate.search.SearchQueryTest.count_output_1590446932,1590449633,1590447288,2345
251-nods-found-batch-output,JON_188_idf_sha_nods_p2_r100_t518400_5M_25d_17h_48m_48s_querydsl.querydsl-2bf234c=com.querydsl.hibernate.search.SearchQueryTest.listResults_output_1590446932,1590448748,1590447294,1454
251-nods-found-batch-output,JON_188_idf_sha_nods_p2_r100_t518400_5M_25d_17h_48m_48s_querydsl.querydsl-2bf234c=com.querydsl.hibernate.search.SearchQueryTest.paging_output_1590446932,1590448577,1590447291,1286
251-nods-found-batch-output,JON_188_idf_sha_nods_p2_r100_t518400_5M_25d_17h_48m_48s_spinn3r.noxy-d53a494=com.spinn3r.noxy.discovery.zookeeper.ZKTest.testBulkClusterJoining_output_1590446932,1590457851,1590447294,10557
251-nods-found-batch-output,JON_188_idf_sha_nods_p2_r100_t518400_5M_25d_17h_48m_48s_spinn3r.noxy-d53a494=com.spinn3r.noxy.discovery.zookeeper.ZKTest.testDiscoveryListener_output_1590446932,1590448002,1590447291,711
251-nods-found-batch-output,JON_188_idf_sha_nods_p2_r100_t518400_5M_25d_17h_48m_48s_spotify.helios-aebf68d=com.spotify.helios.testing.HeliosSoloDeploymentTest.testUndeployLeftoverJobs_output_1590446932,1590450936,1590447214,3722
251-nods-found-batch-output,JON_188_idf_sha_nods_p2_r100_t518400_5M_25d_17h_51m_48s_alibaba.fastjson-e05e9c5=com.alibaba.json.bvt.parser.deser.AbstractSerializeTest.test_mapping_1_output_1590447111,1590447799,1590447376,423
251-nods-found-batch-output,JON_188_idf_sha_nods_p2_r100_t518400_5M_25d_17h_51m_48s_alibaba.fastjson-e05e9c5=com.alibaba.json.bvt.parser.deser.AbstractSerializeTest.test_mapping_2_output_1590447111,1590447881,1590447381,500
251-nods-found-batch-output,JON_188_idf_sha_nods_p2_r100_t518400_5M_25d_17h_51m_48s_apache.hadoop-cc2babc=org.apache.hadoop.fs.http.server.TestHttpFSServer.testAllowSnapshot_output_1590447111,1590447658,1590447378,280
251-nods-found-batch-output,JON_188_idf_sha_nods_p2_r100_t518400_5M_25d_17h_51m_48s_apache.hadoop-cc2babc=org.apache.hadoop.fs.http.server.TestHttpFSServer.testCreateSnapshot_output_1590447111,1590447665,1590447381,284
251-nods-found-batch-output,JON_188_idf_sha_nods_p2_r100_t518400_5M_25d_17h_51m_48s_apache.hadoop-cc2babc=org.apache.hadoop.fs.http.server.TestHttpFSServer.testDelegationTokenOperationsSsl_output_1590447111,1590447667,1590447381,286
251-nods-found-batch-output,JON_188_idf_sha_nods_p2_r100_t518400_5M_25d_17h_51m_48s_apache.hadoop-cc2babc=org.apache.hadoop.fs.http.server.TestHttpFSServer.testDirAcls_output_1590447111,1590447661,1590447378,283
251-nods-found-batch-output,JON_188_idf_sha_nods_p2_r100_t518400_5M_25d_17h_51m_48s_apache.hadoop-cc2babc=org.apache.hadoop.fs.http.server.TestHttpFSServer.testDisallowSnapshotException_output_1590447111,1590447662,1590447384,278
251-nods-found-batch-output,JON_188_idf_sha_nods_p2_r100_t518400_5M_25d_17h_51m_48s_apache.hadoop-cc2babc=org.apache.hadoop.fs.http.server.TestHttpFSServer.testDisallowSnapshot_output_1590447111,1590447657,1590447384,273
251-nods-found-batch-output,JON_188_idf_sha_nods_p2_r100_t518400_5M_25d_17h_51m_48s_apache.hadoop-cc2babc=org.apache.hadoop.fs.http.server.TestHttpFSServer.testGetSnapshotDiffIllegalParam_output_1590447111,1590447670,1590447390,280
251-nods-found-batch-output,JON_188_idf_sha_nods_p2_r100_t518400_5M_25d_17h_51m_48s_apache.hadoop-cc2babc=org.apache.hadoop.lib.service.hadoop.TestFileSystemAccessService.fileSystemCache_output_1590447111,1590447668,1590447392,276
251-nods-found-batch-output,JON_188_idf_sha_nods_p2_r100_t518400_5M_25d_17h_51m_48s_apache.hadoop-cc2babc=org.apache.hadoop.lib.service.hadoop.TestFileSystemAccessService.fileSystemExecutor_output_1590447111,1590447744,1590447378,366
251-nods-found-batch-output,JON_188_idf_sha_nods_p2_r100_t518400_5M_25d_17h_51m_48s_apache.hadoop-cc2babc=org.apache.hadoop.lib.servlet.TestServerWebApp.getHomeDirNotDef_output_1590447111,1590447669,1590447392,277
251-nods-found-batch-output,JON_188_idf_sha_nods_p2_r100_t518400_5M_25d_17h_51m_48s_apache.hadoop-cc2babc=org.apache.hadoop.registry.client.impl.TestCuratorService.testRM_output_1590447111,1590447674,1590447395,279
251-nods-found-batch-output,JON_188_idf_sha_nods_p2_r100_t518400_5M_25d_17h_51m_48s_apache.hadoop-cc2babc=org.apache.hadoop.registry.secure.TestSecureLogins.testDefaultRealmValid_output_1590447111,1590447672,1590447392,280
251-nods-found-batch-output,JON_188_idf_sha_nods_p2_r100_t518400_5M_25d_17h_51m_48s_apache.hadoop-cc2babc=org.apache.hadoop.registry.secure.TestSecureLogins.testUGILogin_output_1590447111,1590447667,1590447395,272
251-nods-found-batch-output,JON_188_idf_sha_nods_p2_r100_t518400_5M_25d_17h_51m_48s_apache.hadoop-cc2babc=org.apache.hadoop.yarn.server.timelineservice.reader.TestTimelineReaderWebServices.testGetEntityDefaultView_output_1590447111,1590447672,1590447395,277
251-nods-found-batch-output,JON_188_idf_sha_nods_p2_r100_t518400_5M_25d_17h_51m_48s_apache.hadoop-cc2babc=org.apache.hadoop.yarn.server.timeline.TestEntityGroupFSTimelineStore.testGetEntityPluginRead_output_1590447111,1590447676,1590447395,281
251-nods-found-batch-output,JON_188_idf_sha_nods_p2_r100_t518400_5M_25d_17h_51m_48s_apache.hadoop-cc2babc=org.apache.hadoop.yarn.server.timeline.TestEntityGroupFSTimelineStore.testMoveToDone_output_1590447111,1590447681,1590447395,286
251-nods-found-batch-output,JON_188_idf_sha_nods_p2_r100_t518400_5M_25d_17h_51m_48s_apache.hadoop-cc2babc=org.apache.hadoop.yarn.server.timeline.TestEntityGroupFSTimelineStore.testParseSummaryLogs_output_1590447111,1590447683,1590447398,285
251-nods-found-batch-output,JON_188_idf_sha_nods_p2_r100_t518400_5M_25d_17h_51m_48s_apache.hadoop-cc2babc=org.apache.hadoop.yarn.server.timeline.TestLogInfo.testParseBrokenEntity_output_1590447111,1590447680,1590447404,276
251-nods-found-batch-output,JON_188_idf_sha_nods_p2_r100_t518400_5M_25d_17h_51m_48s_fromage.redpipe-0aff891=net.redpipe.discovery.DiscoveryTest.checkWebClient_output_1590447111,1590448018,1590447428,590
251-nods-found-batch-output,JON_188_idf_sha_nods_p2_r100_t518400_5M_25d_17h_51m_48s_apache.hadoop-cc2babc=org.apache.hadoop.yarn.server.timeline.TestLogInfo.testParseEntity_output_1590447111,1590447673,1590447398,275
251-nods-found-batch-output,JON_188_idf_sha_nods_p2_r100_t518400_5M_25d_17h_51m_48s_apache.hbase-801fc05=org.apache.hadoop.hbase.procedure2.TestProcedureSkipPersistence.test_output_1590447111,1590448627,1590447401,1226
251-nods-found-batch-output,JON_188_idf_sha_nods_p2_r100_t518400_5M_25d_17h_51m_48s_apache.incubator-dubbo-737f7a7=org.apache.dubbo.remoting.exchange.support.header.HeartbeatHandlerTest.testHeartbeat_output_1590447111,1590449224,1590447378,1846
251-nods-found-batch-output,JON_188_idf_sha_nods_p2_r100_t518400_5M_25d_17h_51m_48s_apache.incubator-dubbo-737f7a7=org.apache.dubbo.rpc.protocol.dubbo.DubboLazyConnectTest.testSticky1_output_1590447111,1590448310,1590447401,909
251-nods-found-batch-output,JON_188_idf_sha_nods_p2_r100_t518400_5M_25d_17h_51m_48s_apache.incubator-dubbo-737f7a7=org.apache.dubbo.rpc.protocol.dubbo.DubboProtocolTest.testDemoProtocol_output_1590447111,1590448278,1590447398,880
251-nods-found-batch-output,JON_188_idf_sha_nods_p2_r100_t518400_5M_25d_17h_51m_48s_apache.incubator-dubbo-737f7a7=org.apache.dubbo.rpc.protocol.dubbo.DubboProtocolTest.testNonSerializedParameter_output_1590447111,1590448381,1590447404,977
251-nods-found-batch-output,JON_188_idf_sha_nods_p2_r100_t518400_5M_25d_17h_51m_48s_apache.incubator-dubbo-737f7a7=org.apache.dubbo.rpc.protocol.dubbo.DubboProtocolTest.testPerm_output_1590447111,1590448464,1590447398,1066
251-nods-found-batch-output,JON_188_idf_sha_nods_p2_r100_t518400_5M_25d_17h_51m_48s_apache.incubator-dubbo-737f7a7=org.apache.dubbo.rpc.protocol.dubbo.DubboProtocolTest.testReturnNonSerialized_output_1590447111,1590448374,1590447404,970
251-nods-found-batch-output,JON_188_idf_sha_nods_p2_r100_t518400_5M_25d_17h_51m_48s_apache.incubator-dubbo-737f7a7=org.apache.dubbo.rpc.protocol.dubbo.MultiThreadTest.testDubboMultiThreadInvoke_output_1590447111,1590448608,1590447404,1204
251-nods-found-batch-output,JON_188_idf_sha_nods_p2_r100_t518400_5M_25d_17h_51m_48s_apache.incubator-dubbo-737f7a7=org.apache.dubbo.rpc.protocol.dubbo.telnet.ChangeTelnetHandlerTest.testChangePath_output_1590447111,1590448420,1590447407,1013
251-nods-found-batch-output,JON_188_idf_sha_nods_p2_r100_t518400_5M_25d_17h_51m_48s_apache.incubator-dubbo-737f7a7=org.apache.dubbo.rpc.protocol.dubbo.telnet.ListTelnetHandlerTest.testList_output_1590447111,1590448438,1590447408,1030
251-nods-found-batch-output,JON_188_idf_sha_nods_p2_r100_t518400_5M_25d_17h_51m_48s_apache.incubator-dubbo-737f7a7=org.apache.dubbo.rpc.protocol.dubbo.telnet.ListTelnetHandlerTest.testListService_output_1590447111,1590448455,1590447404,1051
251-nods-found-batch-output,JON_188_idf_sha_nods_p2_r100_t518400_5M_25d_17h_51m_48s_apache.incubator-dubbo-737f7a7=org.apache.dubbo.rpc.protocol.http.HttpProtocolTest.testGenericInvokeWithNativeJava_output_1590447111,1590448397,1590447407,990
251-nods-found-batch-output,JON_188_idf_sha_nods_p2_r100_t518400_5M_25d_17h_51m_48s_apache.incubator-dubbo-737f7a7=org.apache.dubbo.rpc.protocol.http.HttpProtocolTest.testTimeOut_output_1590447111,1590448393,1590447410,983
251-nods-found-batch-output,JON_188_idf_sha_nods_p2_r100_t518400_5M_25d_17h_51m_48s_apereo.java-cas-client-574b74f=org.jasig.cas.client.validation.AssertionImplTests.testAssertionValidity_output_1590447111,1590447438,1590447412,26
251-nods-found-batch-output,JON_188_idf_sha_nods_p2_r100_t518400_5M_25d_17h_51m_48s_c2mon.c2mon-d80687b=cern.c2mon.daq.filter.dynamic.DiffTimeDeadbandActivatorTest.testNoActivationOnFirstRecord_output_1590447111,1590447769,1590447410,359
251-nods-found-batch-output,JON_188_idf_sha_nods_p2_r100_t518400_5M_25d_17h_51m_48s_c2mon.c2mon-d80687b=cern.c2mon.server.common.republisher.RepublisherImplTest.testMultipleExceptions_output_1590447111,1590447929,1590447407,522
251-nods-found-batch-output,JON_188_idf_sha_nods_p2_r100_t518400_5M_25d_17h_51m_48s_cescoffier.vertx-completable-future-011d3cd=me.escoffier.vertx.completablefuture.VertxCompletableFutureTest.testAcceptEitherAsyncWithExecutor_output_1590447111,1590447864,1590447410,454
251-nods-found-batch-output,JON_188_idf_sha_nods_p2_r100_t518400_5M_25d_17h_51m_48s_codingchili.excelastic-6bb7884=com.codingchili.TestWriter.shouldWriteToElasticPort_output_1590447111,1590448048,1590447407,641
251-nods-found-batch-output,JON_188_idf_sha_nods_p2_r100_t518400_5M_25d_17h_51m_48s_crawlscript.webcollector-016b61a=cn.edu.hfut.dmic.webcollector.util.OkHttpRequesterTest.testHttpCode_output_1590447111,1590447459,1590447416,43
251-nods-found-batch-output,JON_188_idf_sha_nods_p2_r100_t518400_5M_25d_17h_51m_48s_davidmoten.rxjava2-extras-d0315b6=com.github.davidmoten.rx2.internal.flowable.FlowableServerSocketTest.testLoad_output_1590447111,1590449073,1590447416,1657
251-nods-found-batch-output,JON_188_idf_sha_nods_p2_r100_t518400_5M_25d_17h_51m_48s_doanduyhai.achilles-e3099bd=info.archinnov.achilles.embedded.PortFinderTest.try_to_find_first_port_output_1590447111,1590447424,1590447416,8
251-nods-found-batch-output,JON_188_idf_sha_nods_p2_r100_t518400_5M_25d_17h_51m_48s_dropwizard.dropwizard-07dfaed=io.dropwizard.logging.DefaultLoggingFactoryTest.testConfigure_output_1590447111,1590447437,1590447381,56
251-nods-found-batch-output,JON_188_idf_sha_nods_p2_r100_t518400_5M_25d_17h_51m_48s_eclipse-ee4j.tyrus-d86e0cb=org.glassfish.tyrus.test.e2e.non_deployable.ServerExecutorsManagementTest.testExecutorServicesGetClosed_output_1590447111,1590448018,1590447422,596
251-nods-found-batch-output,JON_188_idf_sha_nods_p2_r100_t518400_5M_25d_17h_51m_48s_elasticjob.elastic-job-lite-b022898=io.elasticjob.lite.event.rdb.JobEventRdbSearchTest.assertFindJobExecutionEventsWithTime_output_1590447111,1590447931,1590447419,512
251-nods-found-batch-output,JON_188_idf_sha_nods_p2_r100_t518400_5M_25d_17h_51m_48s_elasticjob.elastic-job-lite-b022898=io.elasticjob.lite.lifecycle.api.JobAPIFactoryTest.assertCreateJobStatisticsAPI_output_1590447111,1590447950,1590447419,531
251-nods-found-batch-output,JON_188_idf_sha_nods_p2_r100_t518400_5M_25d_17h_51m_48s_elasticjob.elastic-job-lite-b022898=io.elasticjob.lite.lifecycle.api.JobAPIFactoryTest.assertCreateServerStatisticsAPI_output_1590447111,1590448035,1590447416,619
251-nods-found-batch-output,JON_188_idf_sha_nods_p2_r100_t518400_5M_25d_17h_51m_48s_elasticjob.elastic-job-lite-b022898=io.elasticjob.lite.spring.job.JobSpringNamespaceWithEventTraceRdbTest.assertSpringJobBean_output_1590447111,1590451654,1590447419,4235
251-nods-found-batch-output,JON_188_idf_sha_nods_p2_r100_t518400_5M_25d_17h_51m_48s_elasticjob.elastic-job-lite-b022898=io.elasticjob.lite.spring.job.JobSpringNamespaceWithListenerAndJdkDynamicProxyTest.assertSpringJobBean_output_1590447111,1590451655,1590447419,4236
251-nods-found-batch-output,JON_188_idf_sha_nods_p2_r100_t518400_5M_25d_17h_51m_48s_elasticjob.elastic-job-lite-b022898=io.elasticjob.lite.spring.job.JobSpringNamespaceWithoutListenerTest.assertSpringJobBean_output_1590447111,1590451641,1590447425,4216
251-nods-found-batch-output,JON_188_idf_sha_nods_p2_r100_t518400_5M_25d_17h_51m_48s_espertechinc.esper-590fa9c=com.espertech.esper.example.rfidassetzone.TestLRMovingSimMain.testSim_output_1590447111,1590448510,1590447425,1085
251-nods-found-batch-output,JON_188_idf_sha_nods_p2_r100_t518400_5M_25d_17h_51m_48s_feroult.yawp-b3bcf9c=io.yawp.testing.appengine.pipes.flow.FlowDropsTest.testFlowDropsToSameSink_output_1590447111,1590448067,1590447422,645
251-nods-found-batch-output,JON_188_idf_sha_nods_p2_r100_t518400_5M_25d_17h_51m_48s_flaxsearch.luwak-c27ec08=uk.co.flax.luwak.matchers.TestParallelMatcher.testParallelSlowLog_output_1590447111,1590447841,1590447425,416
251-nods-found-batch-output,JON_188_idf_sha_nods_p2_r100_t518400_5M_25d_17h_51m_48s_flaxsearch.luwak-c27ec08=uk.co.flax.luwak.matchers.TestPartitionMatcher.testParallelSlowLog_output_1590447111,1590447843,1590447428,415
251-nods-found-batch-output,JON_188_idf_sha_nods_p2_r100_t518400_5M_25d_17h_51m_48s_fluent.fluent-logger-java-da14ec3=org.fluentd.logger.TestFluentLogger.testReconnection_output_1590447111,1590448596,1590447428,1168
251-nods-found-batch-output,JON_188_idf_sha_nods_p2_r100_t518400_5M_25d_17h_51m_48s_fromage.redpipe-0aff891=net.redpipe.engine.swagger.SwaggerApiTest.checkSwagger_output_1590447111,1590447998,1590447442,556
251-nods-found-batch-output,JON_188_idf_sha_nods_p2_r100_t518400_5M_25d_17h_51m_48s_javadelight.delight-nashorn-sandbox-da35edc=delight.nashornsandbox.TestGetFunction.test_output_1590447111,1590448011,1590447431,580
251-nods-found-batch-output,JON_188_idf_sha_nods_p2_r100_t518400_5M_25d_17h_51m_48s_javadelight.delight-nashorn-sandbox-da35edc=delight.nashornsandbox.TestMemoryLimit.test_no_abuse_output_1590447111,1590448004,1590447439,565
251-nods-found-batch-output,JON_188_idf_sha_nods_p2_r100_t518400_5M_25d_17h_51m_48s_kagkarlsson.db-scheduler-4a8a28e=com.github.kagkarlsson.scheduler.compatibility.HsqlCompatibilityTest.test_compatibility_output_1590447111,1590448860,1590447439,1421
251-nods-found-batch-output,JON_188_idf_sha_nods_p2_r100_t518400_5M_25d_17h_51m_48s_kagkarlsson.db-scheduler-4a8a28e=com.github.kagkarlsson.scheduler.SchedulerTest.scheduler_should_execute_rescheduled_task_when_exactly_due_output_1590447111,1590447833,1590447445,388
251-nods-found-batch-output,JON_188_idf_sha_nods_p2_r100_t518400_5M_25d_17h_51m_48s_knightliao.disconf-2ac5c82=com.baidu.disconf.client.test.DisconfMgrTestCase.demo_output_1590447111,1590447477,1590447436,41
251-nods-found-batch-output,JON_188_idf_sha_nods_p2_r100_t518400_5M_25d_17h_51m_48s_lcw2004.one-7b9b249=com.lcw.one.main.EmailServiceTest.sendEmailList_output_1590447111,1590448094,1590447459,635
251-nods-found-batch-output,JON_188_idf_sha_nods_p2_r100_t518400_5M_25d_17h_51m_48s_logzio.sawmill-e493c2e=io.logz.sawmill.PipelineExecutorTest.testOnSuccessPipelineExecution_output_1590447111,1590447468,1590447442,26
251-nods-found-batch-output,JON_188_idf_sha_nods_p2_r100_t518400_5M_25d_17h_51m_48s_logzio.sawmill-e493c2e=io.logz.sawmill.PipelineExecutorTest.testWarnLongProcessingExecution_output_1590447111,1590447482,1590447457,25
251-nods-found-batch-output,JON_188_idf_sha_nods_p2_r100_t518400_5M_25d_17h_51m_48s_logzio.sawmill-e493c2e=io.logz.sawmill.processors.ConvertFieldProcessorTest.testConvertToBoolean_output_1590447111,1590447402,1590447373,29
251-nods-found-batch-output,JON_188_idf_sha_nods_p2_r100_t518400_5M_25d_17h_51m_48s_marcosbarbero.spring-cloud-zuul-ratelimit-ae9603f=com.marcosbarbero.tests.it.Bucket4jInfinispanApplicationTestIT.testExceedingQuotaCapacityRequest_output_1590447111,1590449553,1590447381,2172
251-nods-found-batch-output,JON_188_idf_sha_nods_p2_r100_t518400_5M_25d_17h_51m_48s_nationalsecurityagency.timely-3a8cbd3=timely.store.iterators.TimeSeriesGroupingIteratorTest.testMultipleTimeSeriesMovingAverage_output_1590447111,1590448589,1590447459,1130
251-nods-found-batch-output,JON_188_idf_sha_nods_p2_r100_t518400_5M_25d_17h_51m_48s_odrotbohm.sos-d4ed68a=example.sos.modulith.orders.EmailNotificationTest.completingAnOrderUpdatesInventory_output_1590447111,1590448426,1590447462,964
251-nods-found-batch-output,JON_188_idf_sha_nods_p2_r100_t518400_5M_25d_17h_51m_48s_openpojo.openpojo-9badbcc=com.openpojo.reflection.impl.PojoClassImplTest.shouldCreateInstanceOnAbstract_output_1590447111,1590448745,1590447469,1276
251-nods-found-batch-output,JON_188_idf_sha_nods_p2_r100_t518400_5M_25d_17h_51m_48s_oracle.oci-java-sdk-2e9982f=com.oracle.bmc.objectstorage.transfer.ProgressTrackerTest.multipartUploadProgressTrackerFactory_simulateRealLifeScenario_output_1590447111,1590448264,1590447466,798
251-nods-found-batch-output,JON_188_idf_sha_nods_p2_r100_t518400_5M_25d_17h_51m_48s_orbit.orbit-c4904af=cloud.orbit.actors.extensions.test.LengthFieldHandlerTest.randomMessages_output_1590447111,1590447914,1590447480,434
251-nods-found-batch-output,JON_188_idf_sha_nods_p2_r100_t518400_5M_25d_17h_51m_48s_oryxproject.oryx-72ae4bb=com.cloudera.oryx.common.io.IOUtilsTest.testDistinctFreePorts_output_1590447111,1590447984,1590447466,518
251-nods-found-batch-output,JON_188_idf_sha_nods_p2_r100_t518400_5M_25d_17h_51m_48s_outbrain.aletheia-024a4b7=com.outbrain.aletheia.SampleDomainClassDatumTest.test_avro_route_output_1590447111,1590447953,1590447460,493
251-nods-found-batch-output,JON_188_idf_sha_nods_p2_r100_t518400_5M_25d_17h_51m_48s_outbrain.aletheia-024a4b7=com.outbrain.aletheia.SampleDomainClassDatumTest.testDatumRoutes_output_1590447111,1590448014,1590447459,555
251-nods-found-batch-output,JON_188_idf_sha_nods_p2_r100_t518400_5M_25d_17h_51m_48s_outbrain.aletheia-024a4b7=com.outbrain.aletheia.SampleDomainClassDatumTest.test_json_route_output_1590447111,1590448039,1590447466,573
251-nods-found-batch-output,JON_188_idf_sha_nods_p2_r100_t518400_5M_25d_17h_51m_48s_outbrain.aletheia-024a4b7=com.outbrain.aletheia.SampleDomainClassDatumTest.test_multiple_routes_output_1590447111,1590447967,1590447463,504
251-nods-found-batch-output,JON_188_idf_sha_nods_p2_r100_t518400_5M_25d_17h_51m_48s_pippo-java.pippo-ae898b6=ro.pippo.session.jedis.JedisSessionDataStorageTest.testDelete_output_1590447111,1590447836,1590447475,361
251-nods-found-batch-output,JON_188_idf_sha_nods_p2_r100_t518400_5M_25d_17h_51m_48s_pippo-java.pippo-ae898b6=ro.pippo.session.mongodb.MongoDBSessionDataStorageTest.testCreate_output_1590447111,1590447959,1590447475,484
251-nods-found-batch-output,JON_188_idf_sha_nods_p2_r100_t518400_5M_25d_17h_54m_48s_fromage.redpipe-0aff891=net.redpipe.discovery.DiscoveryTest.checkWebClient_output_1590447292,1590448126,1590447589,537
251-nods-found-batch-output,JON_188_idf_sha_nods_p2_r100_t518400_5M_25d_17h_51m_48s_pippo-java.pippo-ae898b6=ro.pippo.session.mongodb.MongoDBSessionDataStorageTest.testDelete_output_1590447111,1590447958,1590447496,462
251-nods-found-batch-output,JON_188_idf_sha_nods_p2_r100_t518400_5M_25d_17h_51m_48s_pippo-java.pippo-ae898b6=ro.pippo.session.mongodb.MongoDBSessionDataStorageTest.testGet_output_1590447111,1590447934,1590447504,430
251-nods-found-batch-output,JON_188_idf_sha_nods_p2_r100_t518400_5M_25d_17h_51m_48s_pippo-java.pippo-ae898b6=ro.pippo.session.mongodb.MongoDBSessionDataStorageTest.testSave_output_1590447111,1590447983,1590447499,484
251-nods-found-batch-output,JON_188_idf_sha_nods_p2_r100_t518400_5M_25d_17h_51m_48s_ppiastucki.recast4j-01d478e=org.recast4j.detour.tilecache.TileCacheTest.testPerformance_output_1590447111,1590449180,1590447486,1694
251-nods-found-batch-output,JON_188_idf_sha_nods_p2_r100_t518400_5M_25d_17h_51m_48s_querydsl.querydsl-2bf234c=com.querydsl.hibernate.search.SearchQueryTest.count_output_1590447111,1590448805,1590447520,1285
251-nods-found-batch-output,JON_188_idf_sha_nods_p2_r100_t518400_5M_25d_17h_51m_48s_querydsl.querydsl-2bf234c=com.querydsl.hibernate.search.SearchQueryTest.listResults_output_1590447111,1590448586,1590447472,1114
251-nods-found-batch-output,JON_188_idf_sha_nods_p2_r100_t518400_5M_25d_17h_51m_48s_querydsl.querydsl-2bf234c=com.querydsl.hibernate.search.SearchQueryTest.paging_output_1590447111,1590448795,1590447510,1285
251-nods-found-batch-output,JON_188_idf_sha_nods_p2_r100_t518400_5M_25d_17h_51m_48s_spinn3r.noxy-d53a494=com.spinn3r.noxy.discovery.zookeeper.ZKTest.testBulkClusterJoining_output_1590447111,1590461615,1590447514,14101
251-nods-found-batch-output,JON_188_idf_sha_nods_p2_r100_t518400_5M_25d_17h_51m_48s_spinn3r.noxy-d53a494=com.spinn3r.noxy.discovery.zookeeper.ZKTest.testDiscoveryListener_output_1590447111,1590448195,1590447510,685
251-nods-found-batch-output,JON_188_idf_sha_nods_p2_r100_t518400_5M_25d_17h_51m_48s_spotify.helios-aebf68d=com.spotify.helios.testing.HeliosSoloDeploymentTest.testUndeployLeftoverJobs_output_1590447111,1590451090,1590447378,3712
251-nods-found-batch-output,JON_188_idf_sha_nods_p2_r100_t518400_5M_25d_17h_54m_48s_alibaba.fastjson-e05e9c5=com.alibaba.json.bvt.parser.deser.AbstractSerializeTest.test_mapping_1_output_1590447292,1590447965,1590447533,432
251-nods-found-batch-output,JON_188_idf_sha_nods_p2_r100_t518400_5M_25d_17h_54m_48s_alibaba.fastjson-e05e9c5=com.alibaba.json.bvt.parser.deser.AbstractSerializeTest.test_mapping_2_output_1590447292,1590447988,1590447544,444
251-nods-found-batch-output,JON_188_idf_sha_nods_p2_r100_t518400_5M_25d_17h_54m_48s_apache.hadoop-cc2babc=org.apache.hadoop.fs.http.server.TestHttpFSServer.testAllowSnapshot_output_1590447292,1590447833,1590447551,282
251-nods-found-batch-output,JON_188_idf_sha_nods_p2_r100_t518400_5M_25d_17h_54m_48s_apache.hadoop-cc2babc=org.apache.hadoop.fs.http.server.TestHttpFSServer.testCreateSnapshot_output_1590447292,1590447834,1590447554,280
251-nods-found-batch-output,JON_188_idf_sha_nods_p2_r100_t518400_5M_25d_17h_54m_48s_apache.hadoop-cc2babc=org.apache.hadoop.fs.http.server.TestHttpFSServer.testDelegationTokenOperationsSsl_output_1590447292,1590447835,1590447554,281
251-nods-found-batch-output,JON_188_idf_sha_nods_p2_r100_t518400_5M_25d_17h_54m_48s_apache.hadoop-cc2babc=org.apache.hadoop.fs.http.server.TestHttpFSServer.testDirAcls_output_1590447292,1590447831,1590447554,277
251-nods-found-batch-output,JON_188_idf_sha_nods_p2_r100_t518400_5M_25d_17h_54m_48s_apache.hadoop-cc2babc=org.apache.hadoop.fs.http.server.TestHttpFSServer.testDisallowSnapshotException_output_1590447292,1590447836,1590447554,282
251-nods-found-batch-output,JON_188_idf_sha_nods_p2_r100_t518400_5M_25d_17h_54m_48s_apache.hadoop-cc2babc=org.apache.hadoop.fs.http.server.TestHttpFSServer.testDisallowSnapshot_output_1590447292,1590447843,1590447557,286
251-nods-found-batch-output,JON_188_idf_sha_nods_p2_r100_t518400_5M_25d_17h_54m_48s_apache.hadoop-cc2babc=org.apache.hadoop.fs.http.server.TestHttpFSServer.testGetSnapshotDiffIllegalParam_output_1590447292,1590447842,1590447554,288
251-nods-found-batch-output,JON_188_idf_sha_nods_p2_r100_t518400_5M_25d_17h_54m_48s_apache.hadoop-cc2babc=org.apache.hadoop.lib.service.hadoop.TestFileSystemAccessService.fileSystemCache_output_1590447292,1590447832,1590447554,278
251-nods-found-batch-output,JON_188_idf_sha_nods_p2_r100_t518400_5M_25d_17h_54m_48s_apache.hadoop-cc2babc=org.apache.hadoop.lib.service.hadoop.TestFileSystemAccessService.fileSystemExecutor_output_1590447292,1590447845,1590447557,288
251-nods-found-batch-output,JON_188_idf_sha_nods_p2_r100_t518400_5M_25d_17h_54m_48s_apache.hadoop-cc2babc=org.apache.hadoop.lib.servlet.TestServerWebApp.getHomeDirNotDef_output_1590447292,1590447834,1590447557,277
251-nods-found-batch-output,JON_188_idf_sha_nods_p2_r100_t518400_5M_25d_17h_54m_48s_apache.hadoop-cc2babc=org.apache.hadoop.registry.client.impl.TestCuratorService.testRM_output_1590447292,1590447832,1590447557,275
251-nods-found-batch-output,JON_188_idf_sha_nods_p2_r100_t518400_5M_25d_17h_54m_48s_apache.hadoop-cc2babc=org.apache.hadoop.registry.secure.TestSecureLogins.testDefaultRealmValid_output_1590447292,1590447835,1590447557,278
251-nods-found-batch-output,JON_188_idf_sha_nods_p2_r100_t518400_5M_25d_17h_54m_48s_apache.hadoop-cc2babc=org.apache.hadoop.registry.secure.TestSecureLogins.testUGILogin_output_1590447292,1590447831,1590447557,274
251-nods-found-batch-output,JON_188_idf_sha_nods_p2_r100_t518400_5M_25d_17h_54m_48s_apache.hadoop-cc2babc=org.apache.hadoop.yarn.server.timelineservice.reader.TestTimelineReaderWebServices.testGetEntityDefaultView_output_1590447292,1590447826,1590447557,269
251-nods-found-batch-output,JON_188_idf_sha_nods_p2_r100_t518400_5M_25d_17h_54m_48s_apache.hadoop-cc2babc=org.apache.hadoop.yarn.server.timeline.TestEntityGroupFSTimelineStore.testGetEntityPluginRead_output_1590447292,1590447812,1590447562,250
251-nods-found-batch-output,JON_188_idf_sha_nods_p2_r100_t518400_5M_25d_17h_54m_48s_apache.hadoop-cc2babc=org.apache.hadoop.yarn.server.timeline.TestEntityGroupFSTimelineStore.testMoveToDone_output_1590447292,1590447847,1590447562,285
251-nods-found-batch-output,JON_188_idf_sha_nods_p2_r100_t518400_5M_25d_17h_54m_48s_apache.hadoop-cc2babc=org.apache.hadoop.yarn.server.timeline.TestEntityGroupFSTimelineStore.testParseSummaryLogs_output_1590447292,1590447847,1590447562,285
251-nods-found-batch-output,JON_188_idf_sha_nods_p2_r100_t518400_5M_25d_17h_54m_48s_apache.hadoop-cc2babc=org.apache.hadoop.yarn.server.timeline.TestLogInfo.testParseBrokenEntity_output_1590447292,1590447853,1590447565,288
251-nods-found-batch-output,JON_188_idf_sha_nods_p2_r100_t518400_5M_25d_17h_54m_48s_apache.hadoop-cc2babc=org.apache.hadoop.yarn.server.timeline.TestLogInfo.testParseEntity_output_1590447292,1590447909,1590447568,341
251-nods-found-batch-output,JON_188_idf_sha_nods_p2_r100_t518400_5M_25d_17h_54m_48s_apache.hbase-801fc05=org.apache.hadoop.hbase.procedure2.TestProcedureSkipPersistence.test_output_1590447292,1590448868,1590447568,1300
251-nods-found-batch-output,JON_188_idf_sha_nods_p2_r100_t518400_5M_25d_17h_54m_48s_apache.incubator-dubbo-737f7a7=org.apache.dubbo.remoting.exchange.support.header.HeartbeatHandlerTest.testHeartbeat_output_1590447292,1590449485,1590447562,1923
251-nods-found-batch-output,JON_188_idf_sha_nods_p2_r100_t518400_5M_25d_17h_54m_48s_apache.incubator-dubbo-737f7a7=org.apache.dubbo.rpc.protocol.dubbo.DubboLazyConnectTest.testSticky1_output_1590447292,1590448492,1590447565,927
251-nods-found-batch-output,JON_188_idf_sha_nods_p2_r100_t518400_5M_25d_17h_54m_48s_apache.incubator-dubbo-737f7a7=org.apache.dubbo.rpc.protocol.dubbo.DubboProtocolTest.testDemoProtocol_output_1590447292,1590448453,1590447577,876
251-nods-found-batch-output,JON_188_idf_sha_nods_p2_r100_t518400_5M_25d_17h_54m_48s_apache.incubator-dubbo-737f7a7=org.apache.dubbo.rpc.protocol.dubbo.DubboProtocolTest.testNonSerializedParameter_output_1590447292,1590448532,1590447571,961
251-nods-found-batch-output,JON_188_idf_sha_nods_p2_r100_t518400_5M_25d_17h_54m_48s_apache.incubator-dubbo-737f7a7=org.apache.dubbo.rpc.protocol.dubbo.DubboProtocolTest.testPerm_output_1590447292,1590448533,1590447533,1000
251-nods-found-batch-output,JON_188_idf_sha_nods_p2_r100_t518400_5M_25d_17h_54m_48s_apache.incubator-dubbo-737f7a7=org.apache.dubbo.rpc.protocol.dubbo.DubboProtocolTest.testReturnNonSerialized_output_1590447292,1590448550,1590447577,973
251-nods-found-batch-output,JON_188_idf_sha_nods_p2_r100_t518400_5M_25d_17h_54m_48s_apache.incubator-dubbo-737f7a7=org.apache.dubbo.rpc.protocol.dubbo.MultiThreadTest.testDubboMultiThreadInvoke_output_1590447292,1590448776,1590447574,1202
251-nods-found-batch-output,JON_188_idf_sha_nods_p2_r100_t518400_5M_25d_17h_54m_48s_apache.incubator-dubbo-737f7a7=org.apache.dubbo.rpc.protocol.dubbo.telnet.ChangeTelnetHandlerTest.testChangePath_output_1590447292,1590448577,1590447574,1003
251-nods-found-batch-output,JON_188_idf_sha_nods_p2_r100_t518400_5M_25d_17h_54m_48s_apache.incubator-dubbo-737f7a7=org.apache.dubbo.rpc.protocol.dubbo.telnet.ListTelnetHandlerTest.testList_output_1590447292,1590448629,1590447577,1052
251-nods-found-batch-output,JON_188_idf_sha_nods_p2_r100_t518400_5M_25d_17h_54m_48s_apache.incubator-dubbo-737f7a7=org.apache.dubbo.rpc.protocol.dubbo.telnet.ListTelnetHandlerTest.testListService_output_1590447292,1590448581,1590447577,1004
251-nods-found-batch-output,JON_188_idf_sha_nods_p2_r100_t518400_5M_25d_17h_54m_48s_apache.incubator-dubbo-737f7a7=org.apache.dubbo.rpc.protocol.http.HttpProtocolTest.testGenericInvokeWithNativeJava_output_1590447292,1590448645,1590447577,1068
251-nods-found-batch-output,JON_188_idf_sha_nods_p2_r100_t518400_5M_25d_17h_54m_48s_apache.incubator-dubbo-737f7a7=org.apache.dubbo.rpc.protocol.http.HttpProtocolTest.testTimeOut_output_1590447292,1590448503,1590447580,923
251-nods-found-batch-output,JON_188_idf_sha_nods_p2_r100_t518400_5M_25d_17h_54m_48s_apereo.java-cas-client-574b74f=org.jasig.cas.client.validation.AssertionImplTests.testAssertionValidity_output_1590447292,1590447606,1590447580,26
251-nods-found-batch-output,JON_188_idf_sha_nods_p2_r100_t518400_5M_25d_17h_54m_48s_c2mon.c2mon-d80687b=cern.c2mon.daq.filter.dynamic.DiffTimeDeadbandActivatorTest.testNoActivationOnFirstRecord_output_1590447292,1590447947,1590447580,367
251-nods-found-batch-output,JON_188_idf_sha_nods_p2_r100_t518400_5M_25d_17h_54m_48s_c2mon.c2mon-d80687b=cern.c2mon.server.common.republisher.RepublisherImplTest.testMultipleExceptions_output_1590447292,1590448047,1590447582,465
251-nods-found-batch-output,JON_188_idf_sha_nods_p2_r100_t518400_5M_25d_17h_54m_48s_cescoffier.vertx-completable-future-011d3cd=me.escoffier.vertx.completablefuture.VertxCompletableFutureTest.testAcceptEitherAsyncWithExecutor_output_1590447292,1590448027,1590447580,447
251-nods-found-batch-output,JON_188_idf_sha_nods_p2_r100_t518400_5M_25d_17h_54m_48s_codingchili.excelastic-6bb7884=com.codingchili.TestWriter.shouldWriteToElasticPort_output_1590447292,1590448167,1590447582,585
251-nods-found-batch-output,JON_188_idf_sha_nods_p2_r100_t518400_5M_25d_17h_54m_48s_crawlscript.webcollector-016b61a=cn.edu.hfut.dmic.webcollector.util.OkHttpRequesterTest.testHttpCode_output_1590447292,1590447629,1590447585,44
251-nods-found-batch-output,JON_188_idf_sha_nods_p2_r100_t518400_5M_25d_17h_54m_48s_davidmoten.rxjava2-extras-d0315b6=com.github.davidmoten.rx2.internal.flowable.FlowableServerSocketTest.testLoad_output_1590447292,1590449189,1590447582,1607
251-nods-found-batch-output,JON_188_idf_sha_nods_p2_r100_t518400_5M_25d_17h_54m_48s_doanduyhai.achilles-e3099bd=info.archinnov.achilles.embedded.PortFinderTest.try_to_find_first_port_output_1590447292,1590447592,1590447582,10
251-nods-found-batch-output,JON_188_idf_sha_nods_p2_r100_t518400_5M_25d_17h_54m_48s_dropwizard.dropwizard-07dfaed=io.dropwizard.logging.DefaultLoggingFactoryTest.testConfigure_output_1590447292,1590447643,1590447585,58
251-nods-found-batch-output,JON_188_idf_sha_nods_p2_r100_t518400_5M_25d_17h_54m_48s_eclipse-ee4j.tyrus-d86e0cb=org.glassfish.tyrus.test.e2e.non_deployable.ServerExecutorsManagementTest.testExecutorServicesGetClosed_output_1590447292,1590448201,1590447585,616
251-nods-found-batch-output,JON_188_idf_sha_nods_p2_r100_t518400_5M_25d_17h_54m_48s_elasticjob.elastic-job-lite-b022898=io.elasticjob.lite.event.rdb.JobEventRdbSearchTest.assertFindJobExecutionEventsWithTime_output_1590447292,1590448085,1590447586,499
251-nods-found-batch-output,JON_188_idf_sha_nods_p2_r100_t518400_5M_25d_17h_54m_48s_elasticjob.elastic-job-lite-b022898=io.elasticjob.lite.lifecycle.api.JobAPIFactoryTest.assertCreateJobStatisticsAPI_output_1590447292,1590448157,1590447585,572
251-nods-found-batch-output,JON_188_idf_sha_nods_p2_r100_t518400_5M_25d_17h_54m_48s_elasticjob.elastic-job-lite-b022898=io.elasticjob.lite.lifecycle.api.JobAPIFactoryTest.assertCreateServerStatisticsAPI_output_1590447292,1590448153,1590447586,567
251-nods-found-batch-output,JON_188_idf_sha_nods_p2_r100_t518400_5M_25d_17h_54m_48s_elasticjob.elastic-job-lite-b022898=io.elasticjob.lite.spring.job.JobSpringNamespaceWithEventTraceRdbTest.assertSpringJobBean_output_1590447292,1590451823,1590447585,4238
251-nods-found-batch-output,JON_188_idf_sha_nods_p2_r100_t518400_5M_25d_17h_54m_48s_elasticjob.elastic-job-lite-b022898=io.elasticjob.lite.spring.job.JobSpringNamespaceWithListenerAndJdkDynamicProxyTest.assertSpringJobBean_output_1590447292,1590451830,1590447585,4245
251-nods-found-batch-output,JON_188_idf_sha_nods_p2_r100_t518400_5M_25d_17h_54m_48s_elasticjob.elastic-job-lite-b022898=io.elasticjob.lite.spring.job.JobSpringNamespaceWithoutListenerTest.assertSpringJobBean_output_1590447292,1590451810,1590447586,4224
251-nods-found-batch-output,JON_188_idf_sha_nods_p2_r100_t518400_5M_25d_17h_54m_48s_espertechinc.esper-590fa9c=com.espertech.esper.example.rfidassetzone.TestLRMovingSimMain.testSim_output_1590447292,1590448718,1590447585,1133
251-nods-found-batch-output,JON_188_idf_sha_nods_p2_r100_t518400_5M_25d_17h_54m_48s_feroult.yawp-b3bcf9c=io.yawp.testing.appengine.pipes.flow.FlowDropsTest.testFlowDropsToSameSink_output_1590447292,1590448331,1590447589,742
251-nods-found-batch-output,JON_188_idf_sha_nods_p2_r100_t518400_5M_25d_17h_54m_48s_flaxsearch.luwak-c27ec08=uk.co.flax.luwak.matchers.TestParallelMatcher.testParallelSlowLog_output_1590447292,1590448022,1590447589,433
251-nods-found-batch-output,JON_188_idf_sha_nods_p2_r100_t518400_5M_25d_17h_54m_48s_flaxsearch.luwak-c27ec08=uk.co.flax.luwak.matchers.TestPartitionMatcher.testParallelSlowLog_output_1590447292,1590448020,1590447589,431
251-nods-found-batch-output,JON_188_idf_sha_nods_p2_r100_t518400_5M_25d_17h_54m_48s_fluent.fluent-logger-java-da14ec3=org.fluentd.logger.TestFluentLogger.testReconnection_output_1590447292,1590448748,1590447597,1151
251-nods-found-batch-output,JON_188_idf_sha_nods_p2_r100_t518400_5M_25d_17h_54m_48s_fromage.redpipe-0aff891=net.redpipe.engine.swagger.SwaggerApiTest.checkSwagger_output_1590447292,1590448169,1590447595,574
251-nods-found-batch-output,JON_188_idf_sha_nods_p2_r100_t518400_5M_25d_17h_54m_48s_javadelight.delight-nashorn-sandbox-da35edc=delight.nashornsandbox.TestGetFunction.test_output_1590447292,1590448179,1590447592,587
251-nods-found-batch-output,JON_188_idf_sha_nods_p2_r100_t518400_5M_25d_17h_54m_48s_javadelight.delight-nashorn-sandbox-da35edc=delight.nashornsandbox.TestMemoryLimit.test_no_abuse_output_1590447292,1590448226,1590447615,611
251-nods-found-batch-output,JON_188_idf_sha_nods_p2_r100_t518400_5M_25d_17h_54m_48s_kagkarlsson.db-scheduler-4a8a28e=com.github.kagkarlsson.scheduler.compatibility.HsqlCompatibilityTest.test_compatibility_output_1590447292,1590449020,1590447600,1420
251-nods-found-batch-output,JON_188_idf_sha_nods_p2_r100_t518400_5M_25d_17h_54m_48s_kagkarlsson.db-scheduler-4a8a28e=com.github.kagkarlsson.scheduler.SchedulerTest.scheduler_should_execute_rescheduled_task_when_exactly_due_output_1590447292,1590447970,1590447612,358
251-nods-found-batch-output,JON_188_idf_sha_nods_p2_r100_t518400_5M_25d_17h_54m_48s_knightliao.disconf-2ac5c82=com.baidu.disconf.client.test.DisconfMgrTestCase.demo_output_1590447292,1590447658,1590447615,43
251-nods-found-batch-output,JON_188_idf_sha_nods_p2_r100_t518400_5M_25d_17h_54m_48s_lcw2004.one-7b9b249=com.lcw.one.main.EmailServiceTest.sendEmailList_output_1590447292,1590448329,1590447612,717
251-nods-found-batch-output,JON_188_idf_sha_nods_p2_r100_t518400_5M_25d_17h_54m_48s_logzio.sawmill-e493c2e=io.logz.sawmill.PipelineExecutorTest.testOnSuccessPipelineExecution_output_1590447292,1590447686,1590447660,26
251-nods-found-batch-output,JON_188_idf_sha_nods_p2_r100_t518400_5M_25d_17h_54m_48s_logzio.sawmill-e493c2e=io.logz.sawmill.PipelineExecutorTest.testWarnLongProcessingExecution_output_1590447292,1590447646,1590447619,27
251-nods-found-batch-output,JON_188_idf_sha_nods_p2_r100_t518400_5M_25d_17h_54m_48s_logzio.sawmill-e493c2e=io.logz.sawmill.processors.ConvertFieldProcessorTest.testConvertToBoolean_output_1590447292,1590447558,1590447530,28
251-nods-found-batch-output,JON_188_idf_sha_nods_p2_r100_t518400_5M_25d_17h_54m_48s_marcosbarbero.spring-cloud-zuul-ratelimit-ae9603f=com.marcosbarbero.tests.it.Bucket4jInfinispanApplicationTestIT.testExceedingQuotaCapacityRequest_output_1590447292,1590449677,1590447619,2058
251-nods-found-batch-output,JON_188_idf_sha_nods_p2_r100_t518400_5M_25d_17h_54m_48s_nationalsecurityagency.timely-3a8cbd3=timely.store.iterators.TimeSeriesGroupingIteratorTest.testMultipleTimeSeriesMovingAverage_output_1590447292,1590448850,1590447615,1235
251-nods-found-batch-output,JON_188_idf_sha_nods_p2_r100_t518400_5M_25d_17h_54m_48s_odrotbohm.sos-d4ed68a=example.sos.modulith.orders.EmailNotificationTest.completingAnOrderUpdatesInventory_output_1590447292,1590448643,1590447624,1019
251-nods-found-batch-output,JON_188_idf_sha_nods_p2_r100_t518400_5M_25d_17h_54m_48s_openpojo.openpojo-9badbcc=com.openpojo.reflection.impl.PojoClassImplTest.shouldCreateInstanceOnAbstract_output_1590447292,1590448911,1590447615,1296
251-nods-found-batch-output,JON_188_idf_sha_nods_p2_r100_t518400_5M_25d_17h_54m_48s_orbit.orbit-c4904af=cloud.orbit.actors.extensions.test.LengthFieldHandlerTest.randomMessages_output_1590447292,1590448181,1590447659,522
251-nods-found-batch-output,JON_188_idf_sha_nods_p2_r100_t518400_5M_25d_17h_54m_48s_oracle.oci-java-sdk-2e9982f=com.oracle.bmc.objectstorage.transfer.ProgressTrackerTest.multipartUploadProgressTrackerFactory_simulateRealLifeScenario_output_1590447292,1590448482,1590447633,849
251-nods-found-batch-output,JON_188_idf_sha_nods_p2_r100_t518400_5M_25d_17h_54m_48s_oryxproject.oryx-72ae4bb=com.cloudera.oryx.common.io.IOUtilsTest.testDistinctFreePorts_output_1590447292,1590448226,1590447639,587
251-nods-found-batch-output,JON_188_idf_sha_nods_p2_r100_t518400_5M_25d_17h_54m_48s_outbrain.aletheia-024a4b7=com.outbrain.aletheia.SampleDomainClassDatumTest.test_avro_route_output_1590447292,1590448199,1590447645,554
251-nods-found-batch-output,JON_188_idf_sha_nods_p2_r100_t518400_5M_25d_17h_54m_48s_outbrain.aletheia-024a4b7=com.outbrain.aletheia.SampleDomainClassDatumTest.testDatumRoutes_output_1590447292,1590448204,1590447639,565
251-nods-found-batch-output,JON_188_idf_sha_nods_p2_r100_t518400_5M_25d_17h_54m_48s_outbrain.aletheia-024a4b7=com.outbrain.aletheia.SampleDomainClassDatumTest.test_json_route_output_1590447292,1590448175,1590447621,554
251-nods-found-batch-output,JON_188_idf_sha_nods_p2_r100_t518400_5M_25d_17h_54m_48s_outbrain.aletheia-024a4b7=com.outbrain.aletheia.SampleDomainClassDatumTest.test_multiple_routes_output_1590447292,1590448256,1590447656,600
251-nods-found-batch-output,JON_188_idf_sha_nods_p2_r100_t518400_5M_25d_17h_54m_48s_pippo-java.pippo-ae898b6=ro.pippo.session.jedis.JedisSessionDataStorageTest.testDelete_output_1590447292,1590448023,1590447656,367
251-nods-found-batch-output,JON_188_idf_sha_nods_p2_r100_t518400_5M_25d_17h_54m_48s_pippo-java.pippo-ae898b6=ro.pippo.session.mongodb.MongoDBSessionDataStorageTest.testCreate_output_1590447292,1590448091,1590447639,452
251-nods-found-batch-output,JON_188_idf_sha_nods_p2_r100_t518400_5M_25d_17h_54m_48s_pippo-java.pippo-ae898b6=ro.pippo.session.mongodb.MongoDBSessionDataStorageTest.testDelete_output_1590447292,1590448124,1590447656,468
251-nods-found-batch-output,JON_188_idf_sha_nods_p2_r100_t518400_5M_25d_17h_54m_48s_pippo-java.pippo-ae898b6=ro.pippo.session.mongodb.MongoDBSessionDataStorageTest.testGet_output_1590447292,1590448090,1590447651,439
251-nods-found-batch-output,JON_188_idf_sha_nods_p2_r100_t518400_5M_25d_17h_54m_48s_pippo-java.pippo-ae898b6=ro.pippo.session.mongodb.MongoDBSessionDataStorageTest.testSave_output_1590447292,1590448125,1590447656,469
251-nods-found-batch-output,JON_188_idf_sha_nods_p2_r100_t518400_5M_25d_17h_54m_48s_ppiastucki.recast4j-01d478e=org.recast4j.detour.tilecache.TileCacheTest.testPerformance_output_1590447292,1590449735,1590447656,2079
251-nods-found-batch-output,JON_188_idf_sha_nods_p2_r100_t518400_5M_25d_17h_54m_48s_querydsl.querydsl-2bf234c=com.querydsl.hibernate.search.SearchQueryTest.count_output_1590447292,1590448969,1590447656,1313
251-nods-found-batch-output,JON_188_idf_sha_nods_p2_r100_t518400_5M_25d_17h_54m_48s_querydsl.querydsl-2bf234c=com.querydsl.hibernate.search.SearchQueryTest.listResults_output_1590447292,1590448992,1590447656,1336
251-nods-found-batch-output,JON_188_idf_sha_nods_p2_r100_t518400_5M_25d_17h_54m_48s_querydsl.querydsl-2bf234c=com.querydsl.hibernate.search.SearchQueryTest.paging_output_1590447292,1590449002,1590447659,1343
251-nods-found-batch-output,JON_188_idf_sha_nods_p2_r100_t518400_5M_25d_17h_54m_48s_spinn3r.noxy-d53a494=com.spinn3r.noxy.discovery.zookeeper.ZKTest.testBulkClusterJoining_output_1590447292,1590459528,1590447656,11872
251-nods-found-batch-output,JON_188_idf_sha_nods_p2_r100_t518400_5M_25d_17h_54m_48s_spinn3r.noxy-d53a494=com.spinn3r.noxy.discovery.zookeeper.ZKTest.testDiscoveryListener_output_1590447292,1590448320,1590447659,661
251-nods-found-batch-output,JON_188_idf_sha_nods_p2_r100_t518400_5M_25d_17h_54m_48s_spotify.helios-aebf68d=com.spotify.helios.testing.HeliosSoloDeploymentTest.testUndeployLeftoverJobs_output_1590447292,1590451317,1590447539,3778
251-nods-found-batch-output,JON_188_idf_sha_nods_p2_r100_t518400_5M_25d_17h_57m_48s_alibaba.fastjson-e05e9c5=com.alibaba.json.bvt.parser.deser.AbstractSerializeTest.test_mapping_1_output_1590447471,1590448155,1590447726,429
251-nods-found-batch-output,JON_188_idf_sha_nods_p2_r100_t518400_5M_25d_17h_57m_48s_alibaba.fastjson-e05e9c5=com.alibaba.json.bvt.parser.deser.AbstractSerializeTest.test_mapping_2_output_1590447471,1590448202,1590447736,466
251-nods-found-batch-output,JON_188_idf_sha_nods_p2_r100_t518400_5M_25d_17h_57m_48s_apache.hadoop-cc2babc=org.apache.hadoop.fs.http.server.TestHttpFSServer.testAllowSnapshot_output_1590447471,1590448012,1590447731,281
251-nods-found-batch-output,JON_188_idf_sha_nods_p2_r100_t518400_5M_25d_17h_57m_48s_apache.hadoop-cc2babc=org.apache.hadoop.fs.http.server.TestHttpFSServer.testCreateSnapshot_output_1590447471,1590448017,1590447738,279
251-nods-found-batch-output,JON_188_idf_sha_nods_p2_r100_t518400_5M_25d_17h_57m_48s_apache.hadoop-cc2babc=org.apache.hadoop.fs.http.server.TestHttpFSServer.testDelegationTokenOperationsSsl_output_1590447471,1590448023,1590447738,285
251-nods-found-batch-output,JON_188_idf_sha_nods_p2_r100_t518400_5M_25d_17h_57m_48s_apache.hadoop-cc2babc=org.apache.hadoop.fs.http.server.TestHttpFSServer.testDirAcls_output_1590447471,1590448008,1590447729,279
251-nods-found-batch-output,JON_188_idf_sha_nods_p2_r100_t518400_5M_25d_17h_57m_48s_apache.hadoop-cc2babc=org.apache.hadoop.fs.http.server.TestHttpFSServer.testDisallowSnapshotException_output_1590447471,1590448037,1590447745,292
251-nods-found-batch-output,JON_188_idf_sha_nods_p2_r100_t518400_5M_25d_17h_57m_48s_apache.hadoop-cc2babc=org.apache.hadoop.fs.http.server.TestHttpFSServer.testDisallowSnapshot_output_1590447471,1590448017,1590447740,277
251-nods-found-batch-output,JON_188_idf_sha_nods_p2_r100_t518400_5M_25d_17h_57m_48s_apache.hadoop-cc2babc=org.apache.hadoop.fs.http.server.TestHttpFSServer.testGetSnapshotDiffIllegalParam_output_1590447471,1590448024,1590447746,278
251-nods-found-batch-output,JON_188_idf_sha_nods_p2_r100_t518400_5M_25d_17h_57m_48s_apache.hadoop-cc2babc=org.apache.hadoop.lib.service.hadoop.TestFileSystemAccessService.fileSystemCache_output_1590447471,1590448028,1590447746,282
251-nods-found-batch-output,JON_188_idf_sha_nods_p2_r100_t518400_5M_25d_17h_57m_48s_apache.hadoop-cc2babc=org.apache.hadoop.lib.service.hadoop.TestFileSystemAccessService.fileSystemExecutor_output_1590447471,1590448018,1590447736,282
251-nods-found-batch-output,JON_188_idf_sha_nods_p2_r100_t518400_5M_25d_17h_57m_48s_apache.hadoop-cc2babc=org.apache.hadoop.lib.servlet.TestServerWebApp.getHomeDirNotDef_output_1590447471,1590448026,1590447751,275
251-nods-found-batch-output,JON_188_idf_sha_nods_p2_r100_t518400_5M_25d_17h_57m_48s_apache.hadoop-cc2babc=org.apache.hadoop.registry.client.impl.TestCuratorService.testRM_output_1590447471,1590448041,1590447753,288
251-nods-found-batch-output,JON_188_idf_sha_nods_p2_r100_t518400_5M_25d_17h_57m_48s_apache.hadoop-cc2babc=org.apache.hadoop.registry.secure.TestSecureLogins.testDefaultRealmValid_output_1590447471,1590448042,1590447753,289
251-nods-found-batch-output,JON_188_idf_sha_nods_p2_r100_t518400_5M_25d_17h_57m_48s_apache.hadoop-cc2babc=org.apache.hadoop.registry.secure.TestSecureLogins.testUGILogin_output_1590447471,1590448040,1590447753,287
251-nods-found-batch-output,JON_188_idf_sha_nods_p2_r100_t518400_5M_25d_17h_57m_48s_apache.hadoop-cc2babc=org.apache.hadoop.yarn.server.timelineservice.reader.TestTimelineReaderWebServices.testGetEntityDefaultView_output_1590447471,1590448025,1590447753,272
251-nods-found-batch-output,JON_188_idf_sha_nods_p2_r100_t518400_5M_25d_17h_57m_48s_apache.hadoop-cc2babc=org.apache.hadoop.yarn.server.timeline.TestEntityGroupFSTimelineStore.testGetEntityPluginRead_output_1590447471,1590448012,1590447736,276
251-nods-found-batch-output,JON_188_idf_sha_nods_p2_r100_t518400_5M_25d_17h_57m_48s_apache.hadoop-cc2babc=org.apache.hadoop.yarn.server.timeline.TestEntityGroupFSTimelineStore.testMoveToDone_output_1590447471,1590448020,1590447740,280
251-nods-found-batch-output,JON_188_idf_sha_nods_p2_r100_t518400_5M_25d_17h_57m_48s_apache.hadoop-cc2babc=org.apache.hadoop.yarn.server.timeline.TestEntityGroupFSTimelineStore.testParseSummaryLogs_output_1590447471,1590448030,1590447753,277
251-nods-found-batch-output,JON_188_idf_sha_nods_p2_r100_t518400_5M_25d_17h_57m_48s_apache.hadoop-cc2babc=org.apache.hadoop.yarn.server.timeline.TestLogInfo.testParseBrokenEntity_output_1590447471,1590448011,1590447753,258
251-nods-found-batch-output,JON_188_idf_sha_nods_p2_r100_t518400_5M_25d_17h_57m_48s_apache.hadoop-cc2babc=org.apache.hadoop.yarn.server.timeline.TestLogInfo.testParseEntity_output_1590447471,1590448044,1590447758,286
251-nods-found-batch-output,JON_188_idf_sha_nods_p2_r100_t518400_5M_25d_17h_57m_48s_apache.hbase-801fc05=org.apache.hadoop.hbase.procedure2.TestProcedureSkipPersistence.test_output_1590447471,1590449090,1590447758,1332
251-nods-found-batch-output,JON_188_idf_sha_nods_p2_r100_t518400_5M_25d_17h_57m_48s_apache.incubator-dubbo-737f7a7=org.apache.dubbo.remoting.exchange.support.header.HeartbeatHandlerTest.testHeartbeat_output_1590447471,1590449577,1590447758,1819
251-nods-found-batch-output,JON_188_idf_sha_nods_p2_r100_t518400_5M_25d_17h_57m_48s_apache.incubator-dubbo-737f7a7=org.apache.dubbo.rpc.protocol.dubbo.DubboLazyConnectTest.testSticky1_output_1590447471,1590448639,1590447758,881
251-nods-found-batch-output,JON_188_idf_sha_nods_p2_r100_t518400_5M_25d_17h_57m_48s_apache.incubator-dubbo-737f7a7=org.apache.dubbo.rpc.protocol.dubbo.DubboProtocolTest.testDemoProtocol_output_1590447471,1590448652,1590447743,909
251-nods-found-batch-output,JON_188_idf_sha_nods_p2_r100_t518400_5M_25d_17h_57m_48s_apache.incubator-dubbo-737f7a7=org.apache.dubbo.rpc.protocol.dubbo.DubboProtocolTest.testNonSerializedParameter_output_1590447471,1590448639,1590447743,896
251-nods-found-batch-output,JON_188_idf_sha_nods_p2_r100_t518400_5M_25d_17h_57m_48s_apache.incubator-dubbo-737f7a7=org.apache.dubbo.rpc.protocol.dubbo.DubboProtocolTest.testPerm_output_1590447471,1590448889,1590447760,1129
251-nods-found-batch-output,JON_188_idf_sha_nods_p2_r100_t518400_5M_25d_17h_57m_48s_apache.incubator-dubbo-737f7a7=org.apache.dubbo.rpc.protocol.dubbo.DubboProtocolTest.testReturnNonSerialized_output_1590447471,1590448664,1590447763,901
251-nods-found-batch-output,JON_188_idf_sha_nods_p2_r100_t518400_5M_25d_17h_57m_48s_apache.incubator-dubbo-737f7a7=org.apache.dubbo.rpc.protocol.dubbo.MultiThreadTest.testDubboMultiThreadInvoke_output_1590447471,1590448975,1590447760,1215
251-nods-found-batch-output,JON_188_idf_sha_nods_p2_r100_t518400_5M_25d_17h_57m_48s_apache.incubator-dubbo-737f7a7=org.apache.dubbo.rpc.protocol.dubbo.telnet.ChangeTelnetHandlerTest.testChangePath_output_1590447471,1590448734,1590447760,974
251-nods-found-batch-output,JON_188_idf_sha_nods_p2_r100_t518400_5M_25d_17h_57m_48s_apache.incubator-dubbo-737f7a7=org.apache.dubbo.rpc.protocol.dubbo.telnet.ListTelnetHandlerTest.testList_output_1590447471,1590448769,1590447765,1004
251-nods-found-batch-output,JON_188_idf_sha_nods_p2_r100_t518400_5M_25d_17h_57m_48s_apache.incubator-dubbo-737f7a7=org.apache.dubbo.rpc.protocol.dubbo.telnet.ListTelnetHandlerTest.testListService_output_1590447471,1590448809,1590447760,1049
251-nods-found-batch-output,JON_188_idf_sha_nods_p2_r100_t518400_5M_25d_17h_57m_48s_apache.incubator-dubbo-737f7a7=org.apache.dubbo.rpc.protocol.http.HttpProtocolTest.testGenericInvokeWithNativeJava_output_1590447471,1590448679,1590447763,916
251-nods-found-batch-output,JON_188_idf_sha_nods_p2_r100_t518400_5M_25d_17h_57m_48s_apache.incubator-dubbo-737f7a7=org.apache.dubbo.rpc.protocol.http.HttpProtocolTest.testTimeOut_output_1590447471,1590448689,1590447763,926
251-nods-found-batch-output,JON_188_idf_sha_nods_p2_r100_t518400_5M_25d_17h_57m_48s_apereo.java-cas-client-574b74f=org.jasig.cas.client.validation.AssertionImplTests.testAssertionValidity_output_1590447471,1590447803,1590447774,29
251-nods-found-batch-output,JON_188_idf_sha_nods_p2_r100_t518400_5M_25d_17h_57m_48s_c2mon.c2mon-d80687b=cern.c2mon.daq.filter.dynamic.DiffTimeDeadbandActivatorTest.testNoActivationOnFirstRecord_output_1590447471,1590448146,1590447770,376
251-nods-found-batch-output,JON_188_idf_sha_nods_p2_r100_t518400_5M_25d_17h_57m_48s_c2mon.c2mon-d80687b=cern.c2mon.server.common.republisher.RepublisherImplTest.testMultipleExceptions_output_1590447471,1590448227,1590447765,462
251-nods-found-batch-output,JON_188_idf_sha_nods_p2_r100_t518400_5M_25d_17h_57m_48s_cescoffier.vertx-completable-future-011d3cd=me.escoffier.vertx.completablefuture.VertxCompletableFutureTest.testAcceptEitherAsyncWithExecutor_output_1590447471,1590448196,1590447770,426
251-nods-found-batch-output,JON_188_idf_sha_nods_p2_r100_t518400_5M_25d_17h_57m_48s_codingchili.excelastic-6bb7884=com.codingchili.TestWriter.shouldWriteToElasticPort_output_1590447471,1590448330,1590447774,556
251-nods-found-batch-output,JON_188_idf_sha_nods_p2_r100_t518400_5M_25d_17h_57m_48s_crawlscript.webcollector-016b61a=cn.edu.hfut.dmic.webcollector.util.OkHttpRequesterTest.testHttpCode_output_1590447471,1590447813,1590447772,41
251-nods-found-batch-output,JON_188_idf_sha_nods_p2_r100_t518400_5M_25d_17h_57m_48s_davidmoten.rxjava2-extras-d0315b6=com.github.davidmoten.rx2.internal.flowable.FlowableServerSocketTest.testLoad_output_1590447471,1590449396,1590447772,1624
251-nods-found-batch-output,JON_188_idf_sha_nods_p2_r100_t518400_5M_25d_17h_57m_48s_doanduyhai.achilles-e3099bd=info.archinnov.achilles.embedded.PortFinderTest.try_to_find_first_port_output_1590447471,1590447784,1590447774,10
251-nods-found-batch-output,JON_188_idf_sha_nods_p2_r100_t518400_5M_25d_17h_57m_48s_dropwizard.dropwizard-07dfaed=io.dropwizard.logging.DefaultLoggingFactoryTest.testConfigure_output_1590447471,1590447836,1590447774,62
251-nods-found-batch-output,JON_188_idf_sha_nods_p2_r100_t518400_5M_25d_17h_57m_48s_eclipse-ee4j.tyrus-d86e0cb=org.glassfish.tyrus.test.e2e.non_deployable.ServerExecutorsManagementTest.testExecutorServicesGetClosed_output_1590447471,1590448386,1590447777,609
251-nods-found-batch-output,JON_188_idf_sha_nods_p2_r100_t518400_5M_25d_17h_57m_48s_elasticjob.elastic-job-lite-b022898=io.elasticjob.lite.event.rdb.JobEventRdbSearchTest.assertFindJobExecutionEventsWithTime_output_1590447471,1590448256,1590447775,481
251-nods-found-batch-output,JON_188_idf_sha_nods_p2_r100_t518400_5M_25d_17h_57m_48s_fromage.redpipe-0aff891=net.redpipe.discovery.DiscoveryTest.checkWebClient_output_1590447471,1590448320,1590447784,536
251-nods-found-batch-output,JON_188_idf_sha_nods_p2_r100_t518400_5M_25d_17h_57m_48s_elasticjob.elastic-job-lite-b022898=io.elasticjob.lite.lifecycle.api.JobAPIFactoryTest.assertCreateJobStatisticsAPI_output_1590447471,1590448336,1590447775,561
251-nods-found-batch-output,JON_188_idf_sha_nods_p2_r100_t518400_5M_25d_17h_57m_48s_elasticjob.elastic-job-lite-b022898=io.elasticjob.lite.lifecycle.api.JobAPIFactoryTest.assertCreateServerStatisticsAPI_output_1590447471,1590448356,1590447775,581
251-nods-found-batch-output,JON_188_idf_sha_nods_p2_r100_t518400_5M_25d_17h_57m_48s_elasticjob.elastic-job-lite-b022898=io.elasticjob.lite.spring.job.JobSpringNamespaceWithEventTraceRdbTest.assertSpringJobBean_output_1590447471,1590452009,1590447780,4229
251-nods-found-batch-output,JON_188_idf_sha_nods_p2_r100_t518400_5M_25d_17h_57m_48s_elasticjob.elastic-job-lite-b022898=io.elasticjob.lite.spring.job.JobSpringNamespaceWithListenerAndJdkDynamicProxyTest.assertSpringJobBean_output_1590447471,1590452013,1590447780,4233
251-nods-found-batch-output,JON_188_idf_sha_nods_p2_r100_t518400_5M_25d_17h_57m_48s_elasticjob.elastic-job-lite-b022898=io.elasticjob.lite.spring.job.JobSpringNamespaceWithoutListenerTest.assertSpringJobBean_output_1590447471,1590451970,1590447745,4225
251-nods-found-batch-output,JON_188_idf_sha_nods_p2_r100_t518400_5M_25d_17h_57m_48s_espertechinc.esper-590fa9c=com.espertech.esper.example.rfidassetzone.TestLRMovingSimMain.testSim_output_1590447471,1590448855,1590447745,1110
251-nods-found-batch-output,JON_188_idf_sha_nods_p2_r100_t518400_5M_25d_17h_57m_48s_feroult.yawp-b3bcf9c=io.yawp.testing.appengine.pipes.flow.FlowDropsTest.testFlowDropsToSameSink_output_1590447471,1590448529,1590447779,750
251-nods-found-batch-output,JON_188_idf_sha_nods_p2_r100_t518400_5M_25d_17h_57m_48s_flaxsearch.luwak-c27ec08=uk.co.flax.luwak.matchers.TestParallelMatcher.testParallelSlowLog_output_1590447471,1590448194,1590447777,417
251-nods-found-batch-output,JON_188_idf_sha_nods_p2_r100_t518400_5M_25d_17h_57m_48s_flaxsearch.luwak-c27ec08=uk.co.flax.luwak.matchers.TestPartitionMatcher.testParallelSlowLog_output_1590447471,1590448185,1590447780,405
251-nods-found-batch-output,JON_188_idf_sha_nods_p2_r100_t518400_5M_25d_17h_57m_48s_fluent.fluent-logger-java-da14ec3=org.fluentd.logger.TestFluentLogger.testReconnection_output_1590447471,1590448909,1590447778,1131
251-nods-found-batch-output,JON_188_idf_sha_nods_p2_r100_t518400_5M_25d_17h_57m_48s_fromage.redpipe-0aff891=net.redpipe.engine.swagger.SwaggerApiTest.checkSwagger_output_1590447471,1590448313,1590447780,533
251-nods-found-batch-output,JON_188_idf_sha_nods_p2_r100_t518400_5M_25d_17h_57m_48s_javadelight.delight-nashorn-sandbox-da35edc=delight.nashornsandbox.TestGetFunction.test_output_1590447471,1590448343,1590447783,560
251-nods-found-batch-output,JON_188_idf_sha_nods_p2_r100_t518400_5M_25d_17h_57m_48s_javadelight.delight-nashorn-sandbox-da35edc=delight.nashornsandbox.TestMemoryLimit.test_no_abuse_output_1590447471,1590448389,1590447780,609
251-nods-found-batch-output,JON_188_idf_sha_nods_p2_r100_t518400_5M_25d_17h_57m_48s_kagkarlsson.db-scheduler-4a8a28e=com.github.kagkarlsson.scheduler.compatibility.HsqlCompatibilityTest.test_compatibility_output_1590447471,1590449201,1590447781,1420
251-nods-found-batch-output,JON_188_idf_sha_nods_p2_r100_t518400_5M_25d_17h_57m_48s_kagkarlsson.db-scheduler-4a8a28e=com.github.kagkarlsson.scheduler.SchedulerTest.scheduler_should_execute_rescheduled_task_when_exactly_due_output_1590447471,1590448118,1590447748,370
251-nods-found-batch-output,JON_188_idf_sha_nods_p2_r100_t518400_5M_25d_17h_57m_48s_knightliao.disconf-2ac5c82=com.baidu.disconf.client.test.DisconfMgrTestCase.demo_output_1590447471,1590447824,1590447781,43
251-nods-found-batch-output,JON_188_idf_sha_nods_p2_r100_t518400_5M_25d_17h_57m_48s_lcw2004.one-7b9b249=com.lcw.one.main.EmailServiceTest.sendEmailList_output_1590447471,1590448474,1590447787,687
251-nods-found-batch-output,JON_188_idf_sha_nods_p2_r100_t518400_5M_25d_17h_57m_48s_logzio.sawmill-e493c2e=io.logz.sawmill.PipelineExecutorTest.testOnSuccessPipelineExecution_output_1590447471,1590447815,1590447787,28
251-nods-found-batch-output,JON_188_idf_sha_nods_p2_r100_t518400_5M_25d_17h_57m_48s_logzio.sawmill-e493c2e=io.logz.sawmill.PipelineExecutorTest.testWarnLongProcessingExecution_output_1590447471,1590447810,1590447781,29
251-nods-found-batch-output,JON_188_idf_sha_nods_p2_r100_t518400_5M_25d_17h_57m_48s_logzio.sawmill-e493c2e=io.logz.sawmill.processors.ConvertFieldProcessorTest.testConvertToBoolean_output_1590447471,1590447750,1590447724,26
251-nods-found-batch-output,JON_188_idf_sha_nods_p2_r100_t518400_5M_25d_17h_57m_48s_marcosbarbero.spring-cloud-zuul-ratelimit-ae9603f=com.marcosbarbero.tests.it.Bucket4jInfinispanApplicationTestIT.testExceedingQuotaCapacityRequest_output_1590447471,1590449767,1590447748,2019
251-nods-found-batch-output,JON_188_idf_sha_nods_p2_r100_t518400_5M_25d_17h_57m_48s_nationalsecurityagency.timely-3a8cbd3=timely.store.iterators.TimeSeriesGroupingIteratorTest.testMultipleTimeSeriesMovingAverage_output_1590447471,1590448975,1590447797,1178
251-nods-found-batch-output,JON_188_idf_sha_nods_p2_r100_t518400_5M_25d_17h_57m_48s_odrotbohm.sos-d4ed68a=example.sos.modulith.orders.EmailNotificationTest.completingAnOrderUpdatesInventory_output_1590447471,1590448807,1590447790,1017
251-nods-found-batch-output,JON_188_idf_sha_nods_p2_r100_t518400_5M_25d_17h_57m_48s_openpojo.openpojo-9badbcc=com.openpojo.reflection.impl.PojoClassImplTest.shouldCreateInstanceOnAbstract_output_1590447471,1590449046,1590447787,1259
251-nods-found-batch-output,JON_188_idf_sha_nods_p2_r100_t518400_5M_25d_17h_57m_48s_oracle.oci-java-sdk-2e9982f=com.oracle.bmc.objectstorage.transfer.ProgressTrackerTest.multipartUploadProgressTrackerFactory_simulateRealLifeScenario_output_1590447471,1590448564,1590447801,763
251-nods-found-batch-output,JON_188_idf_sha_nods_p2_r100_t518400_5M_25d_17h_57m_48s_orbit.orbit-c4904af=cloud.orbit.actors.extensions.test.LengthFieldHandlerTest.randomMessages_output_1590447471,1590448310,1590447810,500
251-nods-found-batch-output,JON_188_idf_sha_nods_p2_r100_t518400_5M_25d_17h_57m_48s_oryxproject.oryx-72ae4bb=com.cloudera.oryx.common.io.IOUtilsTest.testDistinctFreePorts_output_1590447471,1590448364,1590447804,560
251-nods-found-batch-output,JON_188_idf_sha_nods_p2_r100_t518400_5M_25d_17h_57m_48s_outbrain.aletheia-024a4b7=com.outbrain.aletheia.SampleDomainClassDatumTest.test_avro_route_output_1590447471,1590448348,1590447807,541
251-nods-found-batch-output,JON_188_idf_sha_nods_p2_r100_t518400_5M_25d_17h_57m_48s_outbrain.aletheia-024a4b7=com.outbrain.aletheia.SampleDomainClassDatumTest.testDatumRoutes_output_1590447471,1590448339,1590447804,535
251-nods-found-batch-output,JON_188_idf_sha_nods_p2_r100_t518400_5M_25d_17h_57m_48s_outbrain.aletheia-024a4b7=com.outbrain.aletheia.SampleDomainClassDatumTest.test_json_route_output_1590447471,1590448364,1590447812,552
251-nods-found-batch-output,JON_188_idf_sha_nods_p2_r100_t518400_5M_25d_17h_57m_48s_outbrain.aletheia-024a4b7=com.outbrain.aletheia.SampleDomainClassDatumTest.test_multiple_routes_output_1590447471,1590448364,1590447812,552
251-nods-found-batch-output,JON_188_idf_sha_nods_p2_r100_t518400_5M_25d_17h_57m_48s_pippo-java.pippo-ae898b6=ro.pippo.session.jedis.JedisSessionDataStorageTest.testDelete_output_1590447471,1590448099,1590447748,351
251-nods-found-batch-output,JON_188_idf_sha_nods_p2_r100_t518400_5M_25d_17h_57m_48s_pippo-java.pippo-ae898b6=ro.pippo.session.mongodb.MongoDBSessionDataStorageTest.testCreate_output_1590447471,1590448265,1590447813,452
251-nods-found-batch-output,JON_188_idf_sha_nods_p2_r100_t518400_5M_25d_17h_57m_48s_pippo-java.pippo-ae898b6=ro.pippo.session.mongodb.MongoDBSessionDataStorageTest.testDelete_output_1590447471,1590448224,1590447812,412
251-nods-found-batch-output,JON_188_idf_sha_nods_p2_r100_t518400_5M_25d_17h_57m_48s_pippo-java.pippo-ae898b6=ro.pippo.session.mongodb.MongoDBSessionDataStorageTest.testGet_output_1590447471,1590448194,1590447748,446
251-nods-found-batch-output,JON_188_idf_sha_nods_p2_r100_t518400_5M_25d_17h_57m_48s_pippo-java.pippo-ae898b6=ro.pippo.session.mongodb.MongoDBSessionDataStorageTest.testSave_output_1590447471,1590448239,1590447813,426
251-nods-found-batch-output,JON_188_idf_sha_nods_p2_r100_t518400_5M_25d_17h_57m_48s_ppiastucki.recast4j-01d478e=org.recast4j.detour.tilecache.TileCacheTest.testPerformance_output_1590447471,1590449755,1590447815,1940
251-nods-found-batch-output,JON_188_idf_sha_nods_p2_r100_t518400_5M_25d_17h_57m_48s_querydsl.querydsl-2bf234c=com.querydsl.hibernate.search.SearchQueryTest.count_output_1590447471,1590449101,1590447816,1285
251-nods-found-batch-output,JON_188_idf_sha_nods_p2_r100_t518400_5M_25d_17h_57m_48s_querydsl.querydsl-2bf234c=com.querydsl.hibernate.search.SearchQueryTest.listResults_output_1590447471,1590449138,1590447815,1323
251-nods-found-batch-output,JON_188_idf_sha_nods_p2_r100_t518400_5M_25d_17h_57m_48s_querydsl.querydsl-2bf234c=com.querydsl.hibernate.search.SearchQueryTest.paging_output_1590447471,1590449108,1590447815,1293
251-nods-found-batch-output,JON_188_idf_sha_nods_p2_r100_t518400_5M_25d_17h_57m_48s_spinn3r.noxy-d53a494=com.spinn3r.noxy.discovery.zookeeper.ZKTest.testBulkClusterJoining_output_1590447471,1590460424,1590447815,12609
251-nods-found-batch-output,JON_188_idf_sha_nods_p2_r100_t518400_5M_25d_17h_57m_48s_spinn3r.noxy-d53a494=com.spinn3r.noxy.discovery.zookeeper.ZKTest.testDiscoveryListener_output_1590447471,1590448485,1590447817,668
251-nods-found-batch-output,JON_188_idf_sha_nods_p2_r100_t518400_5M_25d_17h_57m_48s_spotify.helios-aebf68d=com.spotify.helios.testing.HeliosSoloDeploymentTest.testUndeployLeftoverJobs_output_1590447471,1590451462,1590447729,3733
251-nods-found-batch-output,JON_188_idf_sha_nods_p2_r100_t518400_5M_25d_17h_6m_48s_alibaba.fastjson-e05e9c5=com.alibaba.json.bvt.parser.deser.AbstractSerializeTest.test_mapping_1_output_1590444412,1590445108,1590444660,448
251-nods-found-batch-output,JON_188_idf_sha_nods_p2_r100_t518400_5M_25d_17h_6m_48s_alibaba.fastjson-e05e9c5=com.alibaba.json.bvt.parser.deser.AbstractSerializeTest.test_mapping_2_output_1590444412,1590445064,1590444676,388
251-nods-found-batch-output,JON_188_idf_sha_nods_p2_r100_t518400_5M_25d_17h_6m_48s_apache.hadoop-cc2babc=org.apache.hadoop.fs.http.server.TestHttpFSServer.testAllowSnapshot_output_1590444412,1590444962,1590444687,275
251-nods-found-batch-output,JON_188_idf_sha_nods_p2_r100_t518400_5M_25d_17h_6m_48s_apache.hadoop-cc2babc=org.apache.hadoop.fs.http.server.TestHttpFSServer.testCreateSnapshot_output_1590444412,1590444967,1590444687,280
251-nods-found-batch-output,JON_188_idf_sha_nods_p2_r100_t518400_5M_25d_17h_6m_48s_apache.hadoop-cc2babc=org.apache.hadoop.fs.http.server.TestHttpFSServer.testDelegationTokenOperationsSsl_output_1590444412,1590444972,1590444687,285
251-nods-found-batch-output,JON_188_idf_sha_nods_p2_r100_t518400_5M_25d_17h_6m_48s_apache.hadoop-cc2babc=org.apache.hadoop.fs.http.server.TestHttpFSServer.testDirAcls_output_1590444412,1590444981,1590444693,288
251-nods-found-batch-output,JON_188_idf_sha_nods_p2_r100_t518400_5M_25d_17h_6m_48s_apache.hadoop-cc2babc=org.apache.hadoop.fs.http.server.TestHttpFSServer.testDisallowSnapshotException_output_1590444412,1590444979,1590444700,279
251-nods-found-batch-output,JON_188_idf_sha_nods_p2_r100_t518400_5M_25d_17h_6m_48s_apache.hadoop-cc2babc=org.apache.hadoop.fs.http.server.TestHttpFSServer.testDisallowSnapshot_output_1590444412,1590444987,1590444700,287
251-nods-found-batch-output,JON_188_idf_sha_nods_p2_r100_t518400_5M_25d_17h_6m_48s_apache.hadoop-cc2babc=org.apache.hadoop.fs.http.server.TestHttpFSServer.testGetSnapshotDiffIllegalParam_output_1590444412,1590444978,1590444700,278
251-nods-found-batch-output,JON_188_idf_sha_nods_p2_r100_t518400_5M_25d_17h_6m_48s_apache.hadoop-cc2babc=org.apache.hadoop.lib.service.hadoop.TestFileSystemAccessService.fileSystemCache_output_1590444412,1590444990,1590444701,289
251-nods-found-batch-output,JON_188_idf_sha_nods_p2_r100_t518400_5M_25d_17h_6m_48s_apache.hadoop-cc2babc=org.apache.hadoop.lib.service.hadoop.TestFileSystemAccessService.fileSystemExecutor_output_1590444412,1590445002,1590444705,297
251-nods-found-batch-output,JON_188_idf_sha_nods_p2_r100_t518400_5M_25d_17h_6m_48s_apache.hadoop-cc2babc=org.apache.hadoop.lib.servlet.TestServerWebApp.getHomeDirNotDef_output_1590444412,1590445004,1590444716,288
251-nods-found-batch-output,JON_188_idf_sha_nods_p2_r100_t518400_5M_25d_17h_6m_48s_apache.hadoop-cc2babc=org.apache.hadoop.registry.client.impl.TestCuratorService.testRM_output_1590444412,1590444990,1590444708,282
251-nods-found-batch-output,JON_188_idf_sha_nods_p2_r100_t518400_5M_25d_17h_6m_48s_apache.hadoop-cc2babc=org.apache.hadoop.registry.secure.TestSecureLogins.testDefaultRealmValid_output_1590444412,1590444991,1590444713,278
251-nods-found-batch-output,JON_188_idf_sha_nods_p2_r100_t518400_5M_25d_17h_6m_48s_apache.hadoop-cc2babc=org.apache.hadoop.registry.secure.TestSecureLogins.testUGILogin_output_1590444412,1590445003,1590444719,284
251-nods-found-batch-output,JON_188_idf_sha_nods_p2_r100_t518400_5M_25d_17h_6m_48s_apache.hadoop-cc2babc=org.apache.hadoop.yarn.server.timelineservice.reader.TestTimelineReaderWebServices.testGetEntityDefaultView_output_1590444412,1590444918,1590444671,247
251-nods-found-batch-output,JON_188_idf_sha_nods_p2_r100_t518400_5M_25d_17h_6m_48s_apache.hadoop-cc2babc=org.apache.hadoop.yarn.server.timeline.TestEntityGroupFSTimelineStore.testGetEntityPluginRead_output_1590444412,1590445009,1590444719,290
251-nods-found-batch-output,JON_188_idf_sha_nods_p2_r100_t518400_5M_25d_17h_6m_48s_apache.hadoop-cc2babc=org.apache.hadoop.yarn.server.timeline.TestEntityGroupFSTimelineStore.testMoveToDone_output_1590444412,1590445008,1590444719,289
251-nods-found-batch-output,JON_188_idf_sha_nods_p2_r100_t518400_5M_25d_17h_6m_48s_apache.hadoop-cc2babc=org.apache.hadoop.yarn.server.timeline.TestEntityGroupFSTimelineStore.testParseSummaryLogs_output_1590444412,1590445003,1590444719,284
251-nods-found-batch-output,JON_188_idf_sha_nods_p2_r100_t518400_5M_25d_17h_6m_48s_apache.hadoop-cc2babc=org.apache.hadoop.yarn.server.timeline.TestLogInfo.testParseBrokenEntity_output_1590444412,1590445006,1590444721,285
251-nods-found-batch-output,JON_188_idf_sha_nods_p2_r100_t518400_5M_25d_17h_6m_48s_apache.hadoop-cc2babc=org.apache.hadoop.yarn.server.timeline.TestLogInfo.testParseEntity_output_1590444412,1590445005,1590444719,286
251-nods-found-batch-output,JON_188_idf_sha_nods_p2_r100_t518400_5M_25d_17h_6m_48s_apache.hbase-801fc05=org.apache.hadoop.hbase.procedure2.TestProcedureSkipPersistence.test_output_1590444412,1590445998,1590444721,1277
251-nods-found-batch-output,JON_188_idf_sha_nods_p2_r100_t518400_5M_25d_17h_6m_48s_apache.incubator-dubbo-737f7a7=org.apache.dubbo.remoting.exchange.support.header.HeartbeatHandlerTest.testHeartbeat_output_1590444412,1590446551,1590444721,1830
251-nods-found-batch-output,JON_188_idf_sha_nods_p2_r100_t518400_5M_25d_17h_6m_48s_apache.incubator-dubbo-737f7a7=org.apache.dubbo.rpc.protocol.dubbo.DubboLazyConnectTest.testSticky1_output_1590444412,1590445668,1590444721,947
251-nods-found-batch-output,JON_188_idf_sha_nods_p2_r100_t518400_5M_25d_17h_6m_48s_apache.incubator-dubbo-737f7a7=org.apache.dubbo.rpc.protocol.dubbo.DubboProtocolTest.testDemoProtocol_output_1590444412,1590445628,1590444721,907
251-nods-found-batch-output,JON_188_idf_sha_nods_p2_r100_t518400_5M_25d_17h_6m_48s_apache.incubator-dubbo-737f7a7=org.apache.dubbo.rpc.protocol.dubbo.DubboProtocolTest.testNonSerializedParameter_output_1590444412,1590445737,1590444721,1016
251-nods-found-batch-output,JON_188_idf_sha_nods_p2_r100_t518400_5M_25d_17h_6m_48s_apache.incubator-dubbo-737f7a7=org.apache.dubbo.rpc.protocol.dubbo.DubboProtocolTest.testPerm_output_1590444412,1590445900,1590444724,1176
251-nods-found-batch-output,JON_188_idf_sha_nods_p2_r100_t518400_5M_25d_17h_6m_48s_apache.incubator-dubbo-737f7a7=org.apache.dubbo.rpc.protocol.dubbo.DubboProtocolTest.testReturnNonSerialized_output_1590444412,1590445757,1590444724,1033
251-nods-found-batch-output,JON_188_idf_sha_nods_p2_r100_t518400_5M_25d_17h_6m_48s_apache.incubator-dubbo-737f7a7=org.apache.dubbo.rpc.protocol.dubbo.MultiThreadTest.testDubboMultiThreadInvoke_output_1590444412,1590446073,1590444724,1349
251-nods-found-batch-output,JON_188_idf_sha_nods_p2_r100_t518400_5M_25d_17h_6m_48s_apache.incubator-dubbo-737f7a7=org.apache.dubbo.rpc.protocol.dubbo.telnet.ChangeTelnetHandlerTest.testChangePath_output_1590444412,1590445675,1590444730,945
251-nods-found-batch-output,JON_188_idf_sha_nods_p2_r100_t518400_5M_25d_17h_6m_48s_apache.incubator-dubbo-737f7a7=org.apache.dubbo.rpc.protocol.dubbo.telnet.ListTelnetHandlerTest.testList_output_1590444412,1590445641,1590444730,911
251-nods-found-batch-output,JON_188_idf_sha_nods_p2_r100_t518400_5M_25d_17h_6m_48s_apache.incubator-dubbo-737f7a7=org.apache.dubbo.rpc.protocol.dubbo.telnet.ListTelnetHandlerTest.testListService_output_1590444412,1590445659,1590444729,930
251-nods-found-batch-output,JON_188_idf_sha_nods_p2_r100_t518400_5M_25d_17h_6m_48s_apache.incubator-dubbo-737f7a7=org.apache.dubbo.rpc.protocol.http.HttpProtocolTest.testGenericInvokeWithNativeJava_output_1590444412,1590445656,1590444727,929
251-nods-found-batch-output,JON_188_idf_sha_nods_p2_r100_t518400_5M_25d_17h_6m_48s_apache.incubator-dubbo-737f7a7=org.apache.dubbo.rpc.protocol.http.HttpProtocolTest.testTimeOut_output_1590444412,1590445719,1590444724,995
251-nods-found-batch-output,JON_188_idf_sha_nods_p2_r100_t518400_5M_25d_17h_6m_48s_apereo.java-cas-client-574b74f=org.jasig.cas.client.validation.AssertionImplTests.testAssertionValidity_output_1590444412,1590444755,1590444730,25
251-nods-found-batch-output,JON_188_idf_sha_nods_p2_r100_t518400_5M_25d_17h_6m_48s_c2mon.c2mon-d80687b=cern.c2mon.daq.filter.dynamic.DiffTimeDeadbandActivatorTest.testNoActivationOnFirstRecord_output_1590444412,1590445103,1590444727,376
251-nods-found-batch-output,JON_188_idf_sha_nods_p2_r100_t518400_5M_25d_17h_6m_48s_c2mon.c2mon-d80687b=cern.c2mon.server.common.republisher.RepublisherImplTest.testMultipleExceptions_output_1590444412,1590445209,1590444730,479
251-nods-found-batch-output,JON_188_idf_sha_nods_p2_r100_t518400_5M_25d_17h_6m_48s_cescoffier.vertx-completable-future-011d3cd=me.escoffier.vertx.completablefuture.VertxCompletableFutureTest.testAcceptEitherAsyncWithExecutor_output_1590444412,1590445170,1590444730,440
251-nods-found-batch-output,JON_188_idf_sha_nods_p2_r100_t518400_5M_25d_17h_6m_48s_codingchili.excelastic-6bb7884=com.codingchili.TestWriter.shouldWriteToElasticPort_output_1590444412,1590445302,1590444733,569
251-nods-found-batch-output,JON_188_idf_sha_nods_p2_r100_t518400_5M_25d_17h_6m_48s_crawlscript.webcollector-016b61a=cn.edu.hfut.dmic.webcollector.util.OkHttpRequesterTest.testHttpCode_output_1590444412,1590444773,1590444738,35
251-nods-found-batch-output,JON_188_idf_sha_nods_p2_r100_t518400_5M_25d_17h_6m_48s_davidmoten.rxjava2-extras-d0315b6=com.github.davidmoten.rx2.internal.flowable.FlowableServerSocketTest.testLoad_output_1590444412,1590446268,1590444730,1538
251-nods-found-batch-output,JON_188_idf_sha_nods_p2_r100_t518400_5M_25d_17h_6m_48s_doanduyhai.achilles-e3099bd=info.archinnov.achilles.embedded.PortFinderTest.try_to_find_first_port_output_1590444412,1590444747,1590444738,9
251-nods-found-batch-output,JON_188_idf_sha_nods_p2_r100_t518400_5M_25d_17h_6m_48s_dropwizard.dropwizard-07dfaed=io.dropwizard.logging.DefaultLoggingFactoryTest.testConfigure_output_1590444412,1590444795,1590444735,60
251-nods-found-batch-output,JON_188_idf_sha_nods_p2_r100_t518400_5M_25d_17h_6m_48s_eclipse-ee4j.tyrus-d86e0cb=org.glassfish.tyrus.test.e2e.non_deployable.ServerExecutorsManagementTest.testExecutorServicesGetClosed_output_1590444412,1590445284,1590444738,546
251-nods-found-batch-output,JON_188_idf_sha_nods_p2_r100_t518400_5M_25d_17h_6m_48s_elasticjob.elastic-job-lite-b022898=io.elasticjob.lite.event.rdb.JobEventRdbSearchTest.assertFindJobExecutionEventsWithTime_output_1590444412,1590445244,1590444735,509
251-nods-found-batch-output,JON_188_idf_sha_nods_p2_r100_t518400_5M_25d_17h_6m_48s_elasticjob.elastic-job-lite-b022898=io.elasticjob.lite.lifecycle.api.JobAPIFactoryTest.assertCreateJobStatisticsAPI_output_1590444412,1590445275,1590444741,534
251-nods-found-batch-output,JON_188_idf_sha_nods_p2_r100_t518400_5M_25d_17h_6m_48s_elasticjob.elastic-job-lite-b022898=io.elasticjob.lite.lifecycle.api.JobAPIFactoryTest.assertCreateServerStatisticsAPI_output_1590444412,1590445292,1590444741,551
251-nods-found-batch-output,JON_188_idf_sha_nods_p2_r100_t518400_5M_25d_17h_6m_48s_elasticjob.elastic-job-lite-b022898=io.elasticjob.lite.spring.job.JobSpringNamespaceWithEventTraceRdbTest.assertSpringJobBean_output_1590444412,1590448959,1590444741,4218
251-nods-found-batch-output,JON_188_idf_sha_nods_p2_r100_t518400_5M_25d_17h_6m_48s_elasticjob.elastic-job-lite-b022898=io.elasticjob.lite.spring.job.JobSpringNamespaceWithListenerAndJdkDynamicProxyTest.assertSpringJobBean_output_1590444412,1590448981,1590444741,4240
251-nods-found-batch-output,JON_188_idf_sha_nods_p2_r100_t518400_5M_25d_17h_6m_48s_elasticjob.elastic-job-lite-b022898=io.elasticjob.lite.spring.job.JobSpringNamespaceWithoutListenerTest.assertSpringJobBean_output_1590444412,1590448956,1590444744,4212
251-nods-found-batch-output,JON_188_idf_sha_nods_p2_r100_t518400_5M_25d_17h_6m_48s_espertechinc.esper-590fa9c=com.espertech.esper.example.rfidassetzone.TestLRMovingSimMain.testSim_output_1590444412,1590445866,1590444741,1125
251-nods-found-batch-output,JON_188_idf_sha_nods_p2_r100_t518400_5M_25d_17h_6m_48s_feroult.yawp-b3bcf9c=io.yawp.testing.appengine.pipes.flow.FlowDropsTest.testFlowDropsToSameSink_output_1590444412,1590445426,1590444741,685
251-nods-found-batch-output,JON_188_idf_sha_nods_p2_r100_t518400_5M_25d_17h_6m_48s_flaxsearch.luwak-c27ec08=uk.co.flax.luwak.matchers.TestParallelMatcher.testParallelSlowLog_output_1590444412,1590445120,1590444679,441
251-nods-found-batch-output,JON_188_idf_sha_nods_p2_r100_t518400_5M_25d_17h_6m_48s_flaxsearch.luwak-c27ec08=uk.co.flax.luwak.matchers.TestPartitionMatcher.testParallelSlowLog_output_1590444412,1590445137,1590444744,393
251-nods-found-batch-output,JON_188_idf_sha_nods_p2_r100_t518400_5M_25d_17h_6m_48s_fluent.fluent-logger-java-da14ec3=org.fluentd.logger.TestFluentLogger.testReconnection_output_1590444412,1590445890,1590444744,1146
251-nods-found-batch-output,JON_188_idf_sha_nods_p2_r100_t518400_5M_25d_17h_6m_48s_fromage.redpipe-0aff891=net.redpipe.discovery.DiscoveryTest.checkWebClient_output_1590444412,1590445335,1590444747,588
251-nods-found-batch-output,JON_188_idf_sha_nods_p2_r100_t518400_5M_25d_17h_6m_48s_fromage.redpipe-0aff891=net.redpipe.engine.swagger.SwaggerApiTest.checkSwagger_output_1590444412,1590445311,1590444744,567
251-nods-found-batch-output,JON_188_idf_sha_nods_p2_r100_t518400_5M_25d_17h_6m_48s_javadelight.delight-nashorn-sandbox-da35edc=delight.nashornsandbox.TestGetFunction.test_output_1590444412,1590445327,1590444749,578
251-nods-found-batch-output,JON_188_idf_sha_nods_p2_r100_t518400_5M_25d_17h_6m_48s_javadelight.delight-nashorn-sandbox-da35edc=delight.nashornsandbox.TestMemoryLimit.test_no_abuse_output_1590444412,1590445363,1590444749,614
251-nods-found-batch-output,JON_188_idf_sha_nods_p2_r100_t518400_5M_25d_17h_6m_48s_kagkarlsson.db-scheduler-4a8a28e=com.github.kagkarlsson.scheduler.compatibility.HsqlCompatibilityTest.test_compatibility_output_1590444412,1590446187,1590444747,1440
251-nods-found-batch-output,JON_188_idf_sha_nods_p2_r100_t518400_5M_25d_17h_6m_48s_kagkarlsson.db-scheduler-4a8a28e=com.github.kagkarlsson.scheduler.SchedulerTest.scheduler_should_execute_rescheduled_task_when_exactly_due_output_1590444412,1590445101,1590444755,346
251-nods-found-batch-output,JON_188_idf_sha_nods_p2_r100_t518400_5M_25d_17h_6m_48s_knightliao.disconf-2ac5c82=com.baidu.disconf.client.test.DisconfMgrTestCase.demo_output_1590444412,1590444793,1590444750,43
251-nods-found-batch-output,JON_188_idf_sha_nods_p2_r100_t518400_5M_25d_17h_6m_48s_lcw2004.one-7b9b249=com.lcw.one.main.EmailServiceTest.sendEmailList_output_1590444412,1590445444,1590444762,682
251-nods-found-batch-output,JON_188_idf_sha_nods_p2_r100_t518400_5M_25d_17h_6m_48s_logzio.sawmill-e493c2e=io.logz.sawmill.PipelineExecutorTest.testOnSuccessPipelineExecution_output_1590444412,1590444790,1590444762,28
251-nods-found-batch-output,JON_188_idf_sha_nods_p2_r100_t518400_5M_25d_17h_6m_48s_logzio.sawmill-e493c2e=io.logz.sawmill.PipelineExecutorTest.testWarnLongProcessingExecution_output_1590444412,1590444786,1590444756,30
251-nods-found-batch-output,JON_188_idf_sha_nods_p2_r100_t518400_5M_25d_17h_6m_48s_logzio.sawmill-e493c2e=io.logz.sawmill.processors.ConvertFieldProcessorTest.testConvertToBoolean_output_1590444412,1590444667,1590444643,24
251-nods-found-batch-output,JON_188_idf_sha_nods_p2_r100_t518400_5M_25d_17h_6m_48s_marcosbarbero.spring-cloud-zuul-ratelimit-ae9603f=com.marcosbarbero.tests.it.Bucket4jInfinispanApplicationTestIT.testExceedingQuotaCapacityRequest_output_1590444412,1590446867,1590444756,2111
251-nods-found-batch-output,JON_188_idf_sha_nods_p2_r100_t518400_5M_25d_17h_6m_48s_nationalsecurityagency.timely-3a8cbd3=timely.store.iterators.TimeSeriesGroupingIteratorTest.testMultipleTimeSeriesMovingAverage_output_1590444412,1590445959,1590444753,1206
251-nods-found-batch-output,JON_188_idf_sha_nods_p2_r100_t518400_5M_25d_17h_6m_48s_odrotbohm.sos-d4ed68a=example.sos.modulith.orders.EmailNotificationTest.completingAnOrderUpdatesInventory_output_1590444412,1590445639,1590444756,883
251-nods-found-batch-output,JON_188_idf_sha_nods_p2_r100_t518400_5M_25d_17h_6m_48s_openpojo.openpojo-9badbcc=com.openpojo.reflection.impl.PojoClassImplTest.shouldCreateInstanceOnAbstract_output_1590444412,1590445819,1590444762,1057
251-nods-found-batch-output,JON_188_idf_sha_nods_p2_r100_t518400_5M_25d_17h_6m_48s_oracle.oci-java-sdk-2e9982f=com.oracle.bmc.objectstorage.transfer.ProgressTrackerTest.multipartUploadProgressTrackerFactory_simulateRealLifeScenario_output_1590444412,1590445538,1590444775,763
251-nods-found-batch-output,JON_188_idf_sha_nods_p2_r100_t518400_5M_25d_17h_6m_48s_orbit.orbit-c4904af=cloud.orbit.actors.extensions.test.LengthFieldHandlerTest.randomMessages_output_1590444412,1590445282,1590444756,526
251-nods-found-batch-output,JON_188_idf_sha_nods_p2_r100_t518400_5M_25d_17h_6m_48s_oryxproject.oryx-72ae4bb=com.cloudera.oryx.common.io.IOUtilsTest.testDistinctFreePorts_output_1590444412,1590445370,1590444767,603
251-nods-found-batch-output,JON_188_idf_sha_nods_p2_r100_t518400_5M_25d_17h_6m_48s_outbrain.aletheia-024a4b7=com.outbrain.aletheia.SampleDomainClassDatumTest.test_avro_route_output_1590444412,1590445277,1590444762,515
251-nods-found-batch-output,JON_188_idf_sha_nods_p2_r100_t518400_5M_25d_17h_6m_48s_outbrain.aletheia-024a4b7=com.outbrain.aletheia.SampleDomainClassDatumTest.testDatumRoutes_output_1590444412,1590445268,1590444775,493
251-nods-found-batch-output,JON_188_idf_sha_nods_p2_r100_t518400_5M_25d_17h_6m_48s_outbrain.aletheia-024a4b7=com.outbrain.aletheia.SampleDomainClassDatumTest.test_json_route_output_1590444412,1590445313,1590444759,554
251-nods-found-batch-output,JON_188_idf_sha_nods_p2_r100_t518400_5M_25d_17h_6m_48s_outbrain.aletheia-024a4b7=com.outbrain.aletheia.SampleDomainClassDatumTest.test_multiple_routes_output_1590444412,1590445365,1590444770,595
251-nods-found-batch-output,JON_188_idf_sha_nods_p2_r100_t518400_5M_25d_17h_6m_48s_pippo-java.pippo-ae898b6=ro.pippo.session.jedis.JedisSessionDataStorageTest.testDelete_output_1590444412,1590445125,1590444759,366
251-nods-found-batch-output,JON_188_idf_sha_nods_p2_r100_t518400_5M_25d_17h_6m_48s_pippo-java.pippo-ae898b6=ro.pippo.session.mongodb.MongoDBSessionDataStorageTest.testCreate_output_1590444412,1590445185,1590444764,421
251-nods-found-batch-output,JON_188_idf_sha_nods_p2_r100_t518400_5M_25d_17h_6m_48s_pippo-java.pippo-ae898b6=ro.pippo.session.mongodb.MongoDBSessionDataStorageTest.testDelete_output_1590444412,1590445174,1590444773,401
251-nods-found-batch-output,JON_188_idf_sha_nods_p2_r100_t518400_5M_25d_17h_6m_48s_pippo-java.pippo-ae898b6=ro.pippo.session.mongodb.MongoDBSessionDataStorageTest.testGet_output_1590444412,1590445228,1590444762,466
251-nods-found-batch-output,JON_188_idf_sha_nods_p2_r100_t518400_5M_25d_17h_6m_48s_pippo-java.pippo-ae898b6=ro.pippo.session.mongodb.MongoDBSessionDataStorageTest.testSave_output_1590444412,1590445259,1590444778,481
251-nods-found-batch-output,JON_188_idf_sha_nods_p2_r100_t518400_5M_25d_17h_6m_48s_ppiastucki.recast4j-01d478e=org.recast4j.detour.tilecache.TileCacheTest.testPerformance_output_1590444412,1590447253,1590444778,2475
251-nods-found-batch-output,JON_188_idf_sha_nods_p2_r100_t518400_5M_25d_17h_6m_48s_querydsl.querydsl-2bf234c=com.querydsl.hibernate.search.SearchQueryTest.count_output_1590444412,1590446027,1590444762,1265
251-nods-found-batch-output,JON_188_idf_sha_nods_p2_r100_t518400_5M_25d_17h_6m_48s_querydsl.querydsl-2bf234c=com.querydsl.hibernate.search.SearchQueryTest.listResults_output_1590444412,1590445894,1590444762,1132
251-nods-found-batch-output,JON_188_idf_sha_nods_p2_r100_t518400_5M_25d_17h_6m_48s_querydsl.querydsl-2bf234c=com.querydsl.hibernate.search.SearchQueryTest.paging_output_1590444412,1590446003,1590444759,1244
251-nods-found-batch-output,JON_188_idf_sha_nods_p2_r100_t518400_5M_25d_17h_6m_48s_spinn3r.noxy-d53a494=com.spinn3r.noxy.discovery.zookeeper.ZKTest.testBulkClusterJoining_output_1590444412,1590456942,1590444762,12180
251-nods-found-batch-output,JON_188_idf_sha_nods_p2_r100_t518400_5M_25d_17h_6m_48s_spinn3r.noxy-d53a494=com.spinn3r.noxy.discovery.zookeeper.ZKTest.testDiscoveryListener_output_1590444412,1590445470,1590444778,692
251-nods-found-batch-output,JON_188_idf_sha_nods_p2_r100_t518400_5M_25d_17h_6m_48s_spotify.helios-aebf68d=com.spotify.helios.testing.HeliosSoloDeploymentTest.testUndeployLeftoverJobs_output_1590444412,1590448446,1590444674,3772
251-nods-found-batch-output,JON_188_idf_sha_nods_p2_r100_t518400_5M_25d_17h_9m_48s_alibaba.fastjson-e05e9c5=com.alibaba.json.bvt.parser.deser.AbstractSerializeTest.test_mapping_1_output_1590444591,1590445334,1590444846,488
251-nods-found-batch-output,JON_188_idf_sha_nods_p2_r100_t518400_5M_25d_17h_9m_48s_alibaba.fastjson-e05e9c5=com.alibaba.json.bvt.parser.deser.AbstractSerializeTest.test_mapping_2_output_1590444591,1590445325,1590444846,479
251-nods-found-batch-output,JON_188_idf_sha_nods_p2_r100_t518400_5M_25d_17h_9m_48s_apache.hadoop-cc2babc=org.apache.hadoop.fs.http.server.TestHttpFSServer.testAllowSnapshot_output_1590444591,1590445114,1590444849,265
251-nods-found-batch-output,JON_188_idf_sha_nods_p2_r100_t518400_5M_25d_17h_9m_48s_apache.hadoop-cc2babc=org.apache.hadoop.fs.http.server.TestHttpFSServer.testCreateSnapshot_output_1590444591,1590445137,1590444849,288
251-nods-found-batch-output,JON_188_idf_sha_nods_p2_r100_t518400_5M_25d_17h_9m_48s_apache.hadoop-cc2babc=org.apache.hadoop.fs.http.server.TestHttpFSServer.testDelegationTokenOperationsSsl_output_1590444591,1590445142,1590444855,287
251-nods-found-batch-output,JON_188_idf_sha_nods_p2_r100_t518400_5M_25d_17h_9m_48s_apache.hadoop-cc2babc=org.apache.hadoop.fs.http.server.TestHttpFSServer.testDirAcls_output_1590444591,1590445130,1590444863,267
251-nods-found-batch-output,JON_188_idf_sha_nods_p2_r100_t518400_5M_25d_17h_9m_48s_apache.hadoop-cc2babc=org.apache.hadoop.fs.http.server.TestHttpFSServer.testDisallowSnapshotException_output_1590444591,1590445149,1590444872,277
251-nods-found-batch-output,JON_188_idf_sha_nods_p2_r100_t518400_5M_25d_17h_9m_48s_apache.hadoop-cc2babc=org.apache.hadoop.fs.http.server.TestHttpFSServer.testDisallowSnapshot_output_1590444591,1590445156,1590444869,287
251-nods-found-batch-output,JON_188_idf_sha_nods_p2_r100_t518400_5M_25d_17h_9m_48s_apache.hadoop-cc2babc=org.apache.hadoop.lib.servlet.TestServerWebApp.getHomeDirNotDef_output_1590444591,1590445145,1590444872,273
251-nods-found-batch-output,JON_188_idf_sha_nods_p2_r100_t518400_5M_25d_17h_9m_48s_apache.hadoop-cc2babc=org.apache.hadoop.fs.http.server.TestHttpFSServer.testGetSnapshotDiffIllegalParam_output_1590444591,1590445154,1590444875,279
251-nods-found-batch-output,JON_188_idf_sha_nods_p2_r100_t518400_5M_25d_17h_9m_48s_apache.hadoop-cc2babc=org.apache.hadoop.lib.service.hadoop.TestFileSystemAccessService.fileSystemCache_output_1590444591,1590445148,1590444872,276
251-nods-found-batch-output,JON_188_idf_sha_nods_p2_r100_t518400_5M_25d_17h_9m_48s_apache.hadoop-cc2babc=org.apache.hadoop.lib.service.hadoop.TestFileSystemAccessService.fileSystemExecutor_output_1590444591,1590445154,1590444875,279
251-nods-found-batch-output,JON_188_idf_sha_nods_p2_r100_t518400_5M_25d_17h_9m_48s_apache.hadoop-cc2babc=org.apache.hadoop.registry.client.impl.TestCuratorService.testRM_output_1590444591,1590445131,1590444845,286
251-nods-found-batch-output,JON_188_idf_sha_nods_p2_r100_t518400_5M_25d_17h_9m_48s_apache.hadoop-cc2babc=org.apache.hadoop.registry.secure.TestSecureLogins.testDefaultRealmValid_output_1590444591,1590445152,1590444878,274
251-nods-found-batch-output,JON_188_idf_sha_nods_p2_r100_t518400_5M_25d_17h_9m_48s_apache.hadoop-cc2babc=org.apache.hadoop.registry.secure.TestSecureLogins.testUGILogin_output_1590444591,1590445155,1590444878,277
251-nods-found-batch-output,JON_188_idf_sha_nods_p2_r100_t518400_5M_25d_17h_9m_48s_apache.hadoop-cc2babc=org.apache.hadoop.yarn.server.timelineservice.reader.TestTimelineReaderWebServices.testGetEntityDefaultView_output_1590444591,1590445158,1590444878,280
251-nods-found-batch-output,JON_188_idf_sha_nods_p2_r100_t518400_5M_25d_17h_9m_48s_apache.hadoop-cc2babc=org.apache.hadoop.yarn.server.timeline.TestEntityGroupFSTimelineStore.testGetEntityPluginRead_output_1590444591,1590445161,1590444880,281
251-nods-found-batch-output,JON_188_idf_sha_nods_p2_r100_t518400_5M_25d_17h_9m_48s_apache.hadoop-cc2babc=org.apache.hadoop.yarn.server.timeline.TestEntityGroupFSTimelineStore.testMoveToDone_output_1590444591,1590445161,1590444883,278
251-nods-found-batch-output,JON_188_idf_sha_nods_p2_r100_t518400_5M_25d_17h_9m_48s_apache.hadoop-cc2babc=org.apache.hadoop.yarn.server.timeline.TestEntityGroupFSTimelineStore.testParseSummaryLogs_output_1590444591,1590445161,1590444883,278
251-nods-found-batch-output,JON_188_idf_sha_nods_p2_r100_t518400_5M_25d_17h_9m_48s_apache.hadoop-cc2babc=org.apache.hadoop.yarn.server.timeline.TestLogInfo.testParseBrokenEntity_output_1590444591,1590445161,1590444880,281
251-nods-found-batch-output,JON_188_idf_sha_nods_p2_r100_t518400_5M_25d_17h_9m_48s_apache.hadoop-cc2babc=org.apache.hadoop.yarn.server.timeline.TestLogInfo.testParseEntity_output_1590444591,1590445165,1590444880,285
251-nods-found-batch-output,JON_188_idf_sha_nods_p2_r100_t518400_5M_25d_17h_9m_48s_apache.hbase-801fc05=org.apache.hadoop.hbase.procedure2.TestProcedureSkipPersistence.test_output_1590444591,1590446166,1590444883,1283
251-nods-found-batch-output,JON_188_idf_sha_nods_p2_r100_t518400_5M_25d_17h_9m_48s_apache.incubator-dubbo-737f7a7=org.apache.dubbo.remoting.exchange.support.header.HeartbeatHandlerTest.testHeartbeat_output_1590444591,1590446771,1590444883,1888
251-nods-found-batch-output,JON_188_idf_sha_nods_p2_r100_t518400_5M_25d_17h_9m_48s_apache.incubator-dubbo-737f7a7=org.apache.dubbo.rpc.protocol.dubbo.DubboLazyConnectTest.testSticky1_output_1590444591,1590445867,1590444886,981
251-nods-found-batch-output,JON_188_idf_sha_nods_p2_r100_t518400_5M_25d_17h_9m_48s_apache.incubator-dubbo-737f7a7=org.apache.dubbo.rpc.protocol.dubbo.DubboProtocolTest.testDemoProtocol_output_1590444591,1590445850,1590444886,964
251-nods-found-batch-output,JON_188_idf_sha_nods_p2_r100_t518400_5M_25d_17h_9m_48s_apache.incubator-dubbo-737f7a7=org.apache.dubbo.rpc.protocol.dubbo.DubboProtocolTest.testNonSerializedParameter_output_1590444591,1590449775,1590444886,4889
251-nods-found-batch-output,JON_188_idf_sha_nods_p2_r100_t518400_5M_25d_17h_9m_48s_apache.incubator-dubbo-737f7a7=org.apache.dubbo.rpc.protocol.dubbo.DubboProtocolTest.testPerm_output_1590444591,1590445805,1590444886,919
251-nods-found-batch-output,JON_188_idf_sha_nods_p2_r100_t518400_5M_25d_17h_9m_48s_apache.incubator-dubbo-737f7a7=org.apache.dubbo.rpc.protocol.dubbo.DubboProtocolTest.testReturnNonSerialized_output_1590444591,1590445836,1590444889,947
251-nods-found-batch-output,JON_188_idf_sha_nods_p2_r100_t518400_5M_25d_17h_9m_48s_apache.incubator-dubbo-737f7a7=org.apache.dubbo.rpc.protocol.dubbo.MultiThreadTest.testDubboMultiThreadInvoke_output_1590444591,1590446187,1590444886,1301
251-nods-found-batch-output,JON_188_idf_sha_nods_p2_r100_t518400_5M_25d_17h_9m_48s_apache.incubator-dubbo-737f7a7=org.apache.dubbo.rpc.protocol.dubbo.telnet.ChangeTelnetHandlerTest.testChangePath_output_1590444591,1590445782,1590444889,893
251-nods-found-batch-output,JON_188_idf_sha_nods_p2_r100_t518400_5M_25d_17h_9m_48s_apache.incubator-dubbo-737f7a7=org.apache.dubbo.rpc.protocol.dubbo.telnet.ListTelnetHandlerTest.testList_output_1590444591,1590445861,1590444894,967
251-nods-found-batch-output,JON_188_idf_sha_nods_p2_r100_t518400_5M_25d_17h_9m_48s_apache.incubator-dubbo-737f7a7=org.apache.dubbo.rpc.protocol.dubbo.telnet.ListTelnetHandlerTest.testListService_output_1590444591,1590445842,1590444894,948
251-nods-found-batch-output,JON_188_idf_sha_nods_p2_r100_t518400_5M_25d_17h_9m_48s_apache.incubator-dubbo-737f7a7=org.apache.dubbo.rpc.protocol.http.HttpProtocolTest.testGenericInvokeWithNativeJava_output_1590444591,1590445830,1590444889,941
251-nods-found-batch-output,JON_188_idf_sha_nods_p2_r100_t518400_5M_25d_17h_9m_48s_apache.incubator-dubbo-737f7a7=org.apache.dubbo.rpc.protocol.http.HttpProtocolTest.testTimeOut_output_1590444591,1590445744,1590444892,852
251-nods-found-batch-output,JON_188_idf_sha_nods_p2_r100_t518400_5M_25d_17h_9m_48s_apereo.java-cas-client-574b74f=org.jasig.cas.client.validation.AssertionImplTests.testAssertionValidity_output_1590444591,1590444922,1590444894,28
251-nods-found-batch-output,JON_188_idf_sha_nods_p2_r100_t518400_5M_25d_17h_9m_48s_c2mon.c2mon-d80687b=cern.c2mon.daq.filter.dynamic.DiffTimeDeadbandActivatorTest.testNoActivationOnFirstRecord_output_1590444591,1590445273,1590444894,379
251-nods-found-batch-output,JON_188_idf_sha_nods_p2_r100_t518400_5M_25d_17h_9m_48s_c2mon.c2mon-d80687b=cern.c2mon.server.common.republisher.RepublisherImplTest.testMultipleExceptions_output_1590444591,1590445377,1590444894,483
251-nods-found-batch-output,JON_188_idf_sha_nods_p2_r100_t518400_5M_25d_17h_9m_48s_cescoffier.vertx-completable-future-011d3cd=me.escoffier.vertx.completablefuture.VertxCompletableFutureTest.testAcceptEitherAsyncWithExecutor_output_1590444591,1590445288,1590444894,394
251-nods-found-batch-output,JON_188_idf_sha_nods_p2_r100_t518400_5M_25d_17h_9m_48s_codingchili.excelastic-6bb7884=com.codingchili.TestWriter.shouldWriteToElasticPort_output_1590444591,1590445410,1590444845,565
251-nods-found-batch-output,JON_188_idf_sha_nods_p2_r100_t518400_5M_25d_17h_9m_48s_crawlscript.webcollector-016b61a=cn.edu.hfut.dmic.webcollector.util.OkHttpRequesterTest.testHttpCode_output_1590444591,1590444937,1590444894,43
251-nods-found-batch-output,JON_188_idf_sha_nods_p2_r100_t518400_5M_25d_17h_9m_48s_davidmoten.rxjava2-extras-d0315b6=com.github.davidmoten.rx2.internal.flowable.FlowableServerSocketTest.testLoad_output_1590444591,1590446575,1590444894,1681
251-nods-found-batch-output,JON_188_idf_sha_nods_p2_r100_t518400_5M_25d_17h_9m_48s_doanduyhai.achilles-e3099bd=info.archinnov.achilles.embedded.PortFinderTest.try_to_find_first_port_output_1590444591,1590444905,1590444894,11
251-nods-found-batch-output,JON_188_idf_sha_nods_p2_r100_t518400_5M_25d_17h_9m_48s_dropwizard.dropwizard-07dfaed=io.dropwizard.logging.DefaultLoggingFactoryTest.testConfigure_output_1590444591,1590444954,1590444894,60
251-nods-found-batch-output,JON_188_idf_sha_nods_p2_r100_t518400_5M_25d_17h_9m_48s_eclipse-ee4j.tyrus-d86e0cb=org.glassfish.tyrus.test.e2e.non_deployable.ServerExecutorsManagementTest.testExecutorServicesGetClosed_output_1590444591,1590445463,1590444894,569
251-nods-found-batch-output,JON_188_idf_sha_nods_p2_r100_t518400_5M_25d_17h_9m_48s_elasticjob.elastic-job-lite-b022898=io.elasticjob.lite.event.rdb.JobEventRdbSearchTest.assertFindJobExecutionEventsWithTime_output_1590444591,1590445400,1590444897,503
251-nods-found-batch-output,JON_188_idf_sha_nods_p2_r100_t518400_5M_25d_17h_9m_48s_elasticjob.elastic-job-lite-b022898=io.elasticjob.lite.lifecycle.api.JobAPIFactoryTest.assertCreateJobStatisticsAPI_output_1590444591,1590445446,1590444897,549
251-nods-found-batch-output,JON_188_idf_sha_nods_p2_r100_t518400_5M_25d_17h_9m_48s_elasticjob.elastic-job-lite-b022898=io.elasticjob.lite.lifecycle.api.JobAPIFactoryTest.assertCreateServerStatisticsAPI_output_1590444591,1590445486,1590444897,589
251-nods-found-batch-output,JON_188_idf_sha_nods_p2_r100_t518400_5M_25d_17h_9m_48s_elasticjob.elastic-job-lite-b022898=io.elasticjob.lite.spring.job.JobSpringNamespaceWithEventTraceRdbTest.assertSpringJobBean_output_1590444591,1590449113,1590444897,4216
251-nods-found-batch-output,JON_188_idf_sha_nods_p2_r100_t518400_5M_25d_17h_9m_48s_elasticjob.elastic-job-lite-b022898=io.elasticjob.lite.spring.job.JobSpringNamespaceWithListenerAndJdkDynamicProxyTest.assertSpringJobBean_output_1590444591,1590449129,1590444897,4232
251-nods-found-batch-output,JON_188_idf_sha_nods_p2_r100_t518400_5M_25d_17h_9m_48s_elasticjob.elastic-job-lite-b022898=io.elasticjob.lite.spring.job.JobSpringNamespaceWithoutListenerTest.assertSpringJobBean_output_1590444591,1590449135,1590444900,4235
251-nods-found-batch-output,JON_188_idf_sha_nods_p2_r100_t518400_5M_25d_17h_9m_48s_espertechinc.esper-590fa9c=com.espertech.esper.example.rfidassetzone.TestLRMovingSimMain.testSim_output_1590444591,1590446088,1590444897,1191
251-nods-found-batch-output,JON_188_idf_sha_nods_p2_r100_t518400_5M_25d_17h_9m_48s_feroult.yawp-b3bcf9c=io.yawp.testing.appengine.pipes.flow.FlowDropsTest.testFlowDropsToSameSink_output_1590444591,1590445673,1590444903,770
251-nods-found-batch-output,JON_188_idf_sha_nods_p2_r100_t518400_5M_25d_17h_9m_48s_flaxsearch.luwak-c27ec08=uk.co.flax.luwak.matchers.TestParallelMatcher.testParallelSlowLog_output_1590444591,1590445309,1590444900,409
251-nods-found-batch-output,JON_188_idf_sha_nods_p2_r100_t518400_5M_25d_17h_9m_48s_flaxsearch.luwak-c27ec08=uk.co.flax.luwak.matchers.TestPartitionMatcher.testParallelSlowLog_output_1590444591,1590445308,1590444900,408
251-nods-found-batch-output,JON_188_idf_sha_nods_p2_r100_t518400_5M_25d_17h_9m_48s_fluent.fluent-logger-java-da14ec3=org.fluentd.logger.TestFluentLogger.testReconnection_output_1590444591,1590446053,1590444903,1150
251-nods-found-batch-output,JON_188_idf_sha_nods_p2_r100_t518400_5M_25d_17h_9m_48s_fromage.redpipe-0aff891=net.redpipe.discovery.DiscoveryTest.checkWebClient_output_1590444591,1590445469,1590444900,569
251-nods-found-batch-output,JON_188_idf_sha_nods_p2_r100_t518400_5M_25d_17h_9m_48s_fromage.redpipe-0aff891=net.redpipe.engine.swagger.SwaggerApiTest.checkSwagger_output_1590444591,1590445456,1590444903,553
251-nods-found-batch-output,JON_188_idf_sha_nods_p2_r100_t518400_5M_25d_17h_9m_48s_javadelight.delight-nashorn-sandbox-da35edc=delight.nashornsandbox.TestGetFunction.test_output_1590444591,1590445494,1590444905,589
251-nods-found-batch-output,JON_188_idf_sha_nods_p2_r100_t518400_5M_25d_17h_9m_48s_javadelight.delight-nashorn-sandbox-da35edc=delight.nashornsandbox.TestMemoryLimit.test_no_abuse_output_1590444591,1590445504,1590444905,599
251-nods-found-batch-output,JON_188_idf_sha_nods_p2_r100_t518400_5M_25d_17h_9m_48s_kagkarlsson.db-scheduler-4a8a28e=com.github.kagkarlsson.scheduler.compatibility.HsqlCompatibilityTest.test_compatibility_output_1590444591,1590446496,1590444906,1590
251-nods-found-batch-output,JON_188_idf_sha_nods_p2_r100_t518400_5M_25d_17h_9m_48s_kagkarlsson.db-scheduler-4a8a28e=com.github.kagkarlsson.scheduler.SchedulerTest.scheduler_should_execute_rescheduled_task_when_exactly_due_output_1590444591,1590445215,1590444920,295
251-nods-found-batch-output,JON_188_idf_sha_nods_p2_r100_t518400_5M_25d_17h_9m_48s_knightliao.disconf-2ac5c82=com.baidu.disconf.client.test.DisconfMgrTestCase.demo_output_1590444591,1590444948,1590444905,43
251-nods-found-batch-output,JON_188_idf_sha_nods_p2_r100_t518400_5M_25d_17h_9m_48s_lcw2004.one-7b9b249=com.lcw.one.main.EmailServiceTest.sendEmailList_output_1590444591,1590445624,1590444908,716
251-nods-found-batch-output,JON_188_idf_sha_nods_p2_r100_t518400_5M_25d_17h_9m_48s_logzio.sawmill-e493c2e=io.logz.sawmill.PipelineExecutorTest.testOnSuccessPipelineExecution_output_1590444591,1590444936,1590444909,27
251-nods-found-batch-output,JON_188_idf_sha_nods_p2_r100_t518400_5M_25d_17h_9m_48s_logzio.sawmill-e493c2e=io.logz.sawmill.PipelineExecutorTest.testWarnLongProcessingExecution_output_1590444591,1590444942,1590444912,30
251-nods-found-batch-output,JON_188_idf_sha_nods_p2_r100_t518400_5M_25d_17h_9m_48s_logzio.sawmill-e493c2e=io.logz.sawmill.processors.ConvertFieldProcessorTest.testConvertToBoolean_output_1590444591,1590444861,1590444835,26
251-nods-found-batch-output,JON_188_idf_sha_nods_p2_r100_t518400_5M_25d_17h_9m_48s_marcosbarbero.spring-cloud-zuul-ratelimit-ae9603f=com.marcosbarbero.tests.it.Bucket4jInfinispanApplicationTestIT.testExceedingQuotaCapacityRequest_output_1590444591,1590446834,1590444912,1922
251-nods-found-batch-output,JON_188_idf_sha_nods_p2_r100_t518400_5M_25d_17h_9m_48s_nationalsecurityagency.timely-3a8cbd3=timely.store.iterators.TimeSeriesGroupingIteratorTest.testMultipleTimeSeriesMovingAverage_output_1590444591,1590445947,1590444908,1039
251-nods-found-batch-output,JON_188_idf_sha_nods_p2_r100_t518400_5M_25d_17h_9m_48s_odrotbohm.sos-d4ed68a=example.sos.modulith.orders.EmailNotificationTest.completingAnOrderUpdatesInventory_output_1590444591,1590445917,1590444926,991
251-nods-found-batch-output,JON_188_idf_sha_nods_p2_r100_t518400_5M_25d_17h_9m_48s_openpojo.openpojo-9badbcc=com.openpojo.reflection.impl.PojoClassImplTest.shouldCreateInstanceOnAbstract_output_1590444591,1590446155,1590444937,1218
251-nods-found-batch-output,JON_188_idf_sha_nods_p2_r100_t518400_5M_25d_17h_9m_48s_oracle.oci-java-sdk-2e9982f=com.oracle.bmc.objectstorage.transfer.ProgressTrackerTest.multipartUploadProgressTrackerFactory_simulateRealLifeScenario_output_1590444591,1590445679,1590444934,745
251-nods-found-batch-output,JON_188_idf_sha_nods_p2_r100_t518400_5M_25d_17h_9m_48s_orbit.orbit-c4904af=cloud.orbit.actors.extensions.test.LengthFieldHandlerTest.randomMessages_output_1590444591,1590445455,1590444938,517
251-nods-found-batch-output,JON_188_idf_sha_nods_p2_r100_t518400_5M_25d_17h_9m_48s_oryxproject.oryx-72ae4bb=com.cloudera.oryx.common.io.IOUtilsTest.testDistinctFreePorts_output_1590444591,1590445555,1590444947,608
251-nods-found-batch-output,JON_188_idf_sha_nods_p2_r100_t518400_5M_25d_17h_9m_48s_outbrain.aletheia-024a4b7=com.outbrain.aletheia.SampleDomainClassDatumTest.test_avro_route_output_1590444591,1590445311,1590444868,443
251-nods-found-batch-output,JON_188_idf_sha_nods_p2_r100_t518400_5M_25d_17h_9m_48s_outbrain.aletheia-024a4b7=com.outbrain.aletheia.SampleDomainClassDatumTest.testDatumRoutes_output_1590444591,1590445515,1590444944,571
251-nods-found-batch-output,JON_188_idf_sha_nods_p2_r100_t518400_5M_25d_17h_9m_48s_outbrain.aletheia-024a4b7=com.outbrain.aletheia.SampleDomainClassDatumTest.test_json_route_output_1590444591,1590445510,1590444944,566
251-nods-found-batch-output,JON_188_idf_sha_nods_p2_r100_t518400_5M_25d_17h_9m_48s_outbrain.aletheia-024a4b7=com.outbrain.aletheia.SampleDomainClassDatumTest.test_multiple_routes_output_1590444591,1590445493,1590444946,547
251-nods-found-batch-output,JON_188_idf_sha_nods_p2_r100_t518400_5M_25d_17h_9m_48s_pippo-java.pippo-ae898b6=ro.pippo.session.jedis.JedisSessionDataStorageTest.testDelete_output_1590444591,1590445292,1590444940,352
251-nods-found-batch-output,JON_188_idf_sha_nods_p2_r100_t518400_5M_25d_17h_9m_48s_pippo-java.pippo-ae898b6=ro.pippo.session.mongodb.MongoDBSessionDataStorageTest.testCreate_output_1590444591,1590445361,1590444947,414
251-nods-found-batch-output,JON_188_idf_sha_nods_p2_r100_t518400_5M_25d_17h_9m_48s_pippo-java.pippo-ae898b6=ro.pippo.session.mongodb.MongoDBSessionDataStorageTest.testDelete_output_1590444591,1590445301,1590444869,432
251-nods-found-batch-output,JON_188_idf_sha_nods_p2_r100_t518400_5M_25d_17h_9m_48s_pippo-java.pippo-ae898b6=ro.pippo.session.mongodb.MongoDBSessionDataStorageTest.testGet_output_1590444591,1590445400,1590444940,460
251-nods-found-batch-output,JON_188_idf_sha_nods_p2_r100_t518400_5M_25d_17h_9m_48s_pippo-java.pippo-ae898b6=ro.pippo.session.mongodb.MongoDBSessionDataStorageTest.testSave_output_1590444591,1590445411,1590444949,462
251-nods-found-batch-output,JON_188_idf_sha_nods_p2_r100_t518400_5M_25d_17h_9m_48s_ppiastucki.recast4j-01d478e=org.recast4j.detour.tilecache.TileCacheTest.testPerformance_output_1590444591,1590446917,1590444947,1970
251-nods-found-batch-output,JON_188_idf_sha_nods_p2_r100_t518400_5M_25d_17h_9m_48s_querydsl.querydsl-2bf234c=com.querydsl.hibernate.search.SearchQueryTest.count_output_1590444591,1590446201,1590444949,1252
251-nods-found-batch-output,JON_188_idf_sha_nods_p2_r100_t518400_5M_25d_17h_9m_48s_querydsl.querydsl-2bf234c=com.querydsl.hibernate.search.SearchQueryTest.listResults_output_1590444591,1590446170,1590444952,1218
251-nods-found-batch-output,JON_188_idf_sha_nods_p2_r100_t518400_5M_25d_17h_9m_48s_querydsl.querydsl-2bf234c=com.querydsl.hibernate.search.SearchQueryTest.paging_output_1590444591,1590446202,1590444947,1255
251-nods-found-batch-output,JON_188_idf_sha_nods_p2_r100_t518400_5M_25d_17h_9m_48s_spinn3r.noxy-d53a494=com.spinn3r.noxy.discovery.zookeeper.ZKTest.testBulkClusterJoining_output_1590444591,1590455595,1590444949,10646
251-nods-found-batch-output,JON_188_idf_sha_nods_p2_r100_t518400_5M_25d_17h_9m_48s_spinn3r.noxy-d53a494=com.spinn3r.noxy.discovery.zookeeper.ZKTest.testDiscoveryListener_output_1590444591,1590445643,1590444952,691
251-nods-found-batch-output,JON_188_idf_sha_nods_p2_r100_t518400_5M_25d_17h_9m_48s_spotify.helios-aebf68d=com.spotify.helios.testing.HeliosSoloDeploymentTest.testUndeployLeftoverJobs_output_1590444591,1590448567,1590444838,3729
251-nods-found-batch-output,JON_188_idf_sha_nods_p2_r100_t518400_5M_25d_18h_0m_48s_alibaba.fastjson-e05e9c5=com.alibaba.json.bvt.parser.deser.AbstractSerializeTest.test_mapping_1_output_1590447652,1590448341,1590447911,430
251-nods-found-batch-output,JON_188_idf_sha_nods_p2_r100_t518400_5M_25d_18h_0m_48s_alibaba.fastjson-e05e9c5=com.alibaba.json.bvt.parser.deser.AbstractSerializeTest.test_mapping_2_output_1590447652,1590448320,1590447914,406
251-nods-found-batch-output,JON_188_idf_sha_nods_p2_r100_t518400_5M_25d_18h_0m_48s_apache.hadoop-cc2babc=org.apache.hadoop.fs.http.server.TestHttpFSServer.testAllowSnapshot_output_1590447652,1590448211,1590447914,297
251-nods-found-batch-output,JON_188_idf_sha_nods_p2_r100_t518400_5M_25d_18h_0m_48s_apache.hadoop-cc2babc=org.apache.hadoop.fs.http.server.TestHttpFSServer.testCreateSnapshot_output_1590447652,1590448199,1590447916,283
251-nods-found-batch-output,JON_188_idf_sha_nods_p2_r100_t518400_5M_25d_18h_0m_48s_apache.hadoop-cc2babc=org.apache.hadoop.fs.http.server.TestHttpFSServer.testDelegationTokenOperationsSsl_output_1590447652,1590448196,1590447914,282
251-nods-found-batch-output,JON_188_idf_sha_nods_p2_r100_t518400_5M_25d_18h_0m_48s_apache.hadoop-cc2babc=org.apache.hadoop.fs.http.server.TestHttpFSServer.testDirAcls_output_1590447652,1590448196,1590447918,278
251-nods-found-batch-output,JON_188_idf_sha_nods_p2_r100_t518400_5M_25d_18h_0m_48s_apache.hadoop-cc2babc=org.apache.hadoop.fs.http.server.TestHttpFSServer.testDisallowSnapshotException_output_1590447652,1590448187,1590447916,271
251-nods-found-batch-output,JON_188_idf_sha_nods_p2_r100_t518400_5M_25d_18h_0m_48s_apache.hadoop-cc2babc=org.apache.hadoop.fs.http.server.TestHttpFSServer.testDisallowSnapshot_output_1590447652,1590448201,1590447916,285
251-nods-found-batch-output,JON_188_idf_sha_nods_p2_r100_t518400_5M_25d_18h_0m_48s_apache.hadoop-cc2babc=org.apache.hadoop.fs.http.server.TestHttpFSServer.testGetSnapshotDiffIllegalParam_output_1590447652,1590448200,1590447916,284
251-nods-found-batch-output,JON_188_idf_sha_nods_p2_r100_t518400_5M_25d_18h_0m_48s_apache.hadoop-cc2babc=org.apache.hadoop.lib.service.hadoop.TestFileSystemAccessService.fileSystemCache_output_1590447652,1590448204,1590447916,288
251-nods-found-batch-output,JON_188_idf_sha_nods_p2_r100_t518400_5M_25d_18h_0m_48s_apache.hadoop-cc2babc=org.apache.hadoop.lib.service.hadoop.TestFileSystemAccessService.fileSystemExecutor_output_1590447652,1590448208,1590447918,290
251-nods-found-batch-output,JON_188_idf_sha_nods_p2_r100_t518400_5M_25d_18h_0m_48s_apache.hadoop-cc2babc=org.apache.hadoop.lib.servlet.TestServerWebApp.getHomeDirNotDef_output_1590447652,1590448193,1590447921,272
251-nods-found-batch-output,JON_188_idf_sha_nods_p2_r100_t518400_5M_25d_18h_0m_48s_apache.hadoop-cc2babc=org.apache.hadoop.registry.client.impl.TestCuratorService.testRM_output_1590447652,1590448211,1590447921,290
251-nods-found-batch-output,JON_188_idf_sha_nods_p2_r100_t518400_5M_25d_18h_0m_48s_apache.hadoop-cc2babc=org.apache.hadoop.registry.secure.TestSecureLogins.testDefaultRealmValid_output_1590447652,1590448200,1590447928,272
251-nods-found-batch-output,JON_188_idf_sha_nods_p2_r100_t518400_5M_25d_18h_0m_48s_apache.hadoop-cc2babc=org.apache.hadoop.registry.secure.TestSecureLogins.testUGILogin_output_1590447652,1590448207,1590447923,284
251-nods-found-batch-output,JON_188_idf_sha_nods_p2_r100_t518400_5M_25d_18h_0m_48s_apache.hadoop-cc2babc=org.apache.hadoop.yarn.server.timelineservice.reader.TestTimelineReaderWebServices.testGetEntityDefaultView_output_1590447652,1590448205,1590447921,284
251-nods-found-batch-output,JON_188_idf_sha_nods_p2_r100_t518400_5M_25d_18h_0m_48s_apache.hadoop-cc2babc=org.apache.hadoop.yarn.server.timeline.TestEntityGroupFSTimelineStore.testGetEntityPluginRead_output_1590447652,1590448198,1590447918,280
251-nods-found-batch-output,JON_188_idf_sha_nods_p2_r100_t518400_5M_25d_18h_0m_48s_apache.hadoop-cc2babc=org.apache.hadoop.yarn.server.timeline.TestEntityGroupFSTimelineStore.testMoveToDone_output_1590447652,1590448221,1590447932,289
251-nods-found-batch-output,JON_188_idf_sha_nods_p2_r100_t518400_5M_25d_18h_0m_48s_apache.hadoop-cc2babc=org.apache.hadoop.yarn.server.timeline.TestEntityGroupFSTimelineStore.testParseSummaryLogs_output_1590447652,1590448208,1590447928,280
251-nods-found-batch-output,JON_188_idf_sha_nods_p2_r100_t518400_5M_25d_18h_0m_48s_apache.hadoop-cc2babc=org.apache.hadoop.yarn.server.timeline.TestLogInfo.testParseBrokenEntity_output_1590447652,1590448208,1590447928,280
251-nods-found-batch-output,JON_188_idf_sha_nods_p2_r100_t518400_5M_25d_18h_0m_48s_apache.hadoop-cc2babc=org.apache.hadoop.yarn.server.timeline.TestLogInfo.testParseEntity_output_1590447652,1590448209,1590447923,286
251-nods-found-batch-output,JON_188_idf_sha_nods_p2_r100_t518400_5M_25d_18h_0m_48s_apache.hbase-801fc05=org.apache.hadoop.hbase.procedure2.TestProcedureSkipPersistence.test_output_1590447652,1590449223,1590447928,1295
251-nods-found-batch-output,JON_188_idf_sha_nods_p2_r100_t518400_5M_25d_18h_0m_48s_apache.incubator-dubbo-737f7a7=org.apache.dubbo.remoting.exchange.support.header.HeartbeatHandlerTest.testHeartbeat_output_1590447652,1590449765,1590447925,1840
251-nods-found-batch-output,JON_188_idf_sha_nods_p2_r100_t518400_5M_25d_18h_0m_48s_apache.incubator-dubbo-737f7a7=org.apache.dubbo.rpc.protocol.dubbo.DubboLazyConnectTest.testSticky1_output_1590447652,1590448768,1590447928,840
251-nods-found-batch-output,JON_188_idf_sha_nods_p2_r100_t518400_5M_25d_18h_0m_48s_apache.incubator-dubbo-737f7a7=org.apache.dubbo.rpc.protocol.dubbo.DubboProtocolTest.testDemoProtocol_output_1590447652,1590448839,1590447932,907
251-nods-found-batch-output,JON_188_idf_sha_nods_p2_r100_t518400_5M_25d_18h_0m_48s_apache.incubator-dubbo-737f7a7=org.apache.dubbo.rpc.protocol.dubbo.DubboProtocolTest.testNonSerializedParameter_output_1590447652,1590448803,1590447932,871
251-nods-found-batch-output,JON_188_idf_sha_nods_p2_r100_t518400_5M_25d_18h_0m_48s_apache.incubator-dubbo-737f7a7=org.apache.dubbo.rpc.protocol.dubbo.DubboProtocolTest.testPerm_output_1590447652,1590449008,1590447923,1085
251-nods-found-batch-output,JON_188_idf_sha_nods_p2_r100_t518400_5M_25d_18h_0m_48s_apache.incubator-dubbo-737f7a7=org.apache.dubbo.rpc.protocol.dubbo.DubboProtocolTest.testReturnNonSerialized_output_1590447652,1590448796,1590447938,858
251-nods-found-batch-output,JON_188_idf_sha_nods_p2_r100_t518400_5M_25d_18h_0m_48s_apache.incubator-dubbo-737f7a7=org.apache.dubbo.rpc.protocol.dubbo.MultiThreadTest.testDubboMultiThreadInvoke_output_1590447652,1590449236,1590447937,1299
251-nods-found-batch-output,JON_188_idf_sha_nods_p2_r100_t518400_5M_25d_18h_0m_48s_apache.incubator-dubbo-737f7a7=org.apache.dubbo.rpc.protocol.dubbo.telnet.ChangeTelnetHandlerTest.testChangePath_output_1590447652,1590448893,1590447935,958
251-nods-found-batch-output,JON_188_idf_sha_nods_p2_r100_t518400_5M_25d_18h_0m_48s_apache.incubator-dubbo-737f7a7=org.apache.dubbo.rpc.protocol.dubbo.telnet.ListTelnetHandlerTest.testList_output_1590447652,1590448848,1590447938,910
251-nods-found-batch-output,JON_188_idf_sha_nods_p2_r100_t518400_5M_25d_18h_0m_48s_apache.incubator-dubbo-737f7a7=org.apache.dubbo.rpc.protocol.dubbo.telnet.ListTelnetHandlerTest.testListService_output_1590447652,1590448832,1590447932,900
251-nods-found-batch-output,JON_188_idf_sha_nods_p2_r100_t518400_5M_25d_18h_0m_48s_apache.incubator-dubbo-737f7a7=org.apache.dubbo.rpc.protocol.http.HttpProtocolTest.testGenericInvokeWithNativeJava_output_1590447652,1590448861,1590447938,923
251-nods-found-batch-output,JON_188_idf_sha_nods_p2_r100_t518400_5M_25d_18h_0m_48s_apache.incubator-dubbo-737f7a7=org.apache.dubbo.rpc.protocol.http.HttpProtocolTest.testTimeOut_output_1590447652,1590448826,1590447938,888
251-nods-found-batch-output,JON_188_idf_sha_nods_p2_r100_t518400_5M_25d_18h_0m_48s_apereo.java-cas-client-574b74f=org.jasig.cas.client.validation.AssertionImplTests.testAssertionValidity_output_1590447652,1590447958,1590447941,17
251-nods-found-batch-output,JON_188_idf_sha_nods_p2_r100_t518400_5M_25d_18h_0m_48s_c2mon.c2mon-d80687b=cern.c2mon.daq.filter.dynamic.DiffTimeDeadbandActivatorTest.testNoActivationOnFirstRecord_output_1590447652,1590448313,1590447941,372
251-nods-found-batch-output,JON_188_idf_sha_nods_p2_r100_t518400_5M_25d_18h_0m_48s_c2mon.c2mon-d80687b=cern.c2mon.server.common.republisher.RepublisherImplTest.testMultipleExceptions_output_1590447652,1590448407,1590447941,466
251-nods-found-batch-output,JON_188_idf_sha_nods_p2_r100_t518400_5M_25d_18h_0m_48s_cescoffier.vertx-completable-future-011d3cd=me.escoffier.vertx.completablefuture.VertxCompletableFutureTest.testAcceptEitherAsyncWithExecutor_output_1590447652,1590448351,1590447943,408
251-nods-found-batch-output,JON_188_idf_sha_nods_p2_r100_t518400_5M_25d_18h_0m_48s_codingchili.excelastic-6bb7884=com.codingchili.TestWriter.shouldWriteToElasticPort_output_1590447652,1590448523,1590447941,582
251-nods-found-batch-output,JON_188_idf_sha_nods_p2_r100_t518400_5M_25d_18h_0m_48s_crawlscript.webcollector-016b61a=cn.edu.hfut.dmic.webcollector.util.OkHttpRequesterTest.testHttpCode_output_1590447652,1590447979,1590447943,36
251-nods-found-batch-output,JON_188_idf_sha_nods_p2_r100_t518400_5M_25d_18h_0m_48s_davidmoten.rxjava2-extras-d0315b6=com.github.davidmoten.rx2.internal.flowable.FlowableServerSocketTest.testLoad_output_1590447652,1590449483,1590447943,1540
251-nods-found-batch-output,JON_188_idf_sha_nods_p2_r100_t518400_5M_25d_18h_0m_48s_doanduyhai.achilles-e3099bd=info.archinnov.achilles.embedded.PortFinderTest.try_to_find_first_port_output_1590447652,1590447955,1590447945,10
251-nods-found-batch-output,JON_188_idf_sha_nods_p2_r100_t518400_5M_25d_18h_0m_48s_dropwizard.dropwizard-07dfaed=io.dropwizard.logging.DefaultLoggingFactoryTest.testConfigure_output_1590447652,1590447996,1590447943,53
251-nods-found-batch-output,JON_188_idf_sha_nods_p2_r100_t518400_5M_25d_18h_0m_48s_eclipse-ee4j.tyrus-d86e0cb=org.glassfish.tyrus.test.e2e.non_deployable.ServerExecutorsManagementTest.testExecutorServicesGetClosed_output_1590447652,1590448521,1590447943,578
251-nods-found-batch-output,JON_188_idf_sha_nods_p2_r100_t518400_5M_25d_18h_0m_48s_elasticjob.elastic-job-lite-b022898=io.elasticjob.lite.event.rdb.JobEventRdbSearchTest.assertFindJobExecutionEventsWithTime_output_1590447652,1590448387,1590447943,444
251-nods-found-batch-output,JON_188_idf_sha_nods_p2_r100_t518400_5M_25d_18h_0m_48s_elasticjob.elastic-job-lite-b022898=io.elasticjob.lite.lifecycle.api.JobAPIFactoryTest.assertCreateJobStatisticsAPI_output_1590447652,1590448538,1590447945,593
251-nods-found-batch-output,JON_188_idf_sha_nods_p2_r100_t518400_5M_25d_18h_0m_48s_elasticjob.elastic-job-lite-b022898=io.elasticjob.lite.lifecycle.api.JobAPIFactoryTest.assertCreateServerStatisticsAPI_output_1590447652,1590448537,1590447945,592
251-nods-found-batch-output,JON_188_idf_sha_nods_p2_r100_t518400_5M_25d_18h_0m_48s_elasticjob.elastic-job-lite-b022898=io.elasticjob.lite.spring.job.JobSpringNamespaceWithEventTraceRdbTest.assertSpringJobBean_output_1590447652,1590452186,1590447955,4231
251-nods-found-batch-output,JON_188_idf_sha_nods_p2_r100_t518400_5M_25d_18h_0m_48s_elasticjob.elastic-job-lite-b022898=io.elasticjob.lite.spring.job.JobSpringNamespaceWithListenerAndJdkDynamicProxyTest.assertSpringJobBean_output_1590447652,1590452161,1590447943,4218
251-nods-found-batch-output,JON_188_idf_sha_nods_p2_r100_t518400_5M_25d_18h_0m_48s_elasticjob.elastic-job-lite-b022898=io.elasticjob.lite.spring.job.JobSpringNamespaceWithoutListenerTest.assertSpringJobBean_output_1590447652,1590452157,1590447943,4214
251-nods-found-batch-output,JON_188_idf_sha_nods_p2_r100_t518400_5M_25d_18h_0m_48s_espertechinc.esper-590fa9c=com.espertech.esper.example.rfidassetzone.TestLRMovingSimMain.testSim_output_1590447652,1590449021,1590447945,1076
251-nods-found-batch-output,JON_188_idf_sha_nods_p2_r100_t518400_5M_25d_18h_0m_48s_feroult.yawp-b3bcf9c=io.yawp.testing.appengine.pipes.flow.FlowDropsTest.testFlowDropsToSameSink_output_1590447652,1590448676,1590447948,728
251-nods-found-batch-output,JON_188_idf_sha_nods_p2_r100_t518400_5M_25d_18h_0m_48s_flaxsearch.luwak-c27ec08=uk.co.flax.luwak.matchers.TestParallelMatcher.testParallelSlowLog_output_1590447652,1590448358,1590447945,413
251-nods-found-batch-output,JON_188_idf_sha_nods_p2_r100_t518400_5M_25d_18h_0m_48s_flaxsearch.luwak-c27ec08=uk.co.flax.luwak.matchers.TestPartitionMatcher.testParallelSlowLog_output_1590447652,1590448371,1590447948,423
251-nods-found-batch-output,JON_188_idf_sha_nods_p2_r100_t518400_5M_25d_18h_0m_48s_fluent.fluent-logger-java-da14ec3=org.fluentd.logger.TestFluentLogger.testReconnection_output_1590447652,1590449064,1590447914,1150
251-nods-found-batch-output,JON_188_idf_sha_nods_p2_r100_t518400_5M_25d_18h_0m_48s_fromage.redpipe-0aff891=net.redpipe.discovery.DiscoveryTest.checkWebClient_output_1590447652,1590448477,1590447948,529
251-nods-found-batch-output,JON_188_idf_sha_nods_p2_r100_t518400_5M_25d_18h_0m_48s_fromage.redpipe-0aff891=net.redpipe.engine.swagger.SwaggerApiTest.checkSwagger_output_1590447652,1590448484,1590447950,534
251-nods-found-batch-output,JON_188_idf_sha_nods_p2_r100_t518400_5M_25d_18h_0m_48s_javadelight.delight-nashorn-sandbox-da35edc=delight.nashornsandbox.TestGetFunction.test_output_1590447652,1590448494,1590447950,544
251-nods-found-batch-output,JON_188_idf_sha_nods_p2_r100_t518400_5M_25d_18h_0m_48s_javadelight.delight-nashorn-sandbox-da35edc=delight.nashornsandbox.TestMemoryLimit.test_no_abuse_output_1590447652,1590448520,1590447952,568
251-nods-found-batch-output,JON_188_idf_sha_nods_p2_r100_t518400_5M_25d_18h_0m_48s_kagkarlsson.db-scheduler-4a8a28e=com.github.kagkarlsson.scheduler.compatibility.HsqlCompatibilityTest.test_compatibility_output_1590447652,1590449380,1590447957,1423
251-nods-found-batch-output,JON_188_idf_sha_nods_p2_r100_t518400_5M_25d_18h_0m_48s_kagkarlsson.db-scheduler-4a8a28e=com.github.kagkarlsson.scheduler.SchedulerTest.scheduler_should_execute_rescheduled_task_when_exactly_due_output_1590447652,1590448301,1590447952,349
251-nods-found-batch-output,JON_188_idf_sha_nods_p2_r100_t518400_5M_25d_18h_0m_48s_knightliao.disconf-2ac5c82=com.baidu.disconf.client.test.DisconfMgrTestCase.demo_output_1590447652,1590447991,1590447952,39
251-nods-found-batch-output,JON_188_idf_sha_nods_p2_r100_t518400_5M_25d_18h_0m_48s_lcw2004.one-7b9b249=com.lcw.one.main.EmailServiceTest.sendEmailList_output_1590447652,1590448649,1590447955,694
251-nods-found-batch-output,JON_188_idf_sha_nods_p2_r100_t518400_5M_25d_18h_0m_48s_logzio.sawmill-e493c2e=io.logz.sawmill.PipelineExecutorTest.testOnSuccessPipelineExecution_output_1590447652,1590447999,1590447972,27
251-nods-found-batch-output,JON_188_idf_sha_nods_p2_r100_t518400_5M_25d_18h_0m_48s_logzio.sawmill-e493c2e=io.logz.sawmill.PipelineExecutorTest.testWarnLongProcessingExecution_output_1590447652,1590447980,1590447952,28
251-nods-found-batch-output,JON_188_idf_sha_nods_p2_r100_t518400_5M_25d_18h_0m_48s_logzio.sawmill-e493c2e=io.logz.sawmill.processors.ConvertFieldProcessorTest.testConvertToBoolean_output_1590447652,1590447938,1590447911,27
251-nods-found-batch-output,JON_188_idf_sha_nods_p2_r100_t518400_5M_25d_18h_0m_48s_marcosbarbero.spring-cloud-zuul-ratelimit-ae9603f=com.marcosbarbero.tests.it.Bucket4jInfinispanApplicationTestIT.testExceedingQuotaCapacityRequest_output_1590447652,1590449950,1590447952,1998
251-nods-found-batch-output,JON_188_idf_sha_nods_p2_r100_t518400_5M_25d_18h_0m_48s_nationalsecurityagency.timely-3a8cbd3=timely.store.iterators.TimeSeriesGroupingIteratorTest.testMultipleTimeSeriesMovingAverage_output_1590447652,1590449043,1590447958,1085
251-nods-found-batch-output,JON_188_idf_sha_nods_p2_r100_t518400_5M_25d_18h_0m_48s_odrotbohm.sos-d4ed68a=example.sos.modulith.orders.EmailNotificationTest.completingAnOrderUpdatesInventory_output_1590447652,1590448882,1590447957,925
251-nods-found-batch-output,JON_188_idf_sha_nods_p2_r100_t518400_5M_25d_18h_0m_48s_openpojo.openpojo-9badbcc=com.openpojo.reflection.impl.PojoClassImplTest.shouldCreateInstanceOnAbstract_output_1590447652,1590449221,1590447957,1264
251-nods-found-batch-output,JON_188_idf_sha_nods_p2_r100_t518400_5M_25d_18h_0m_48s_oracle.oci-java-sdk-2e9982f=com.oracle.bmc.objectstorage.transfer.ProgressTrackerTest.multipartUploadProgressTrackerFactory_simulateRealLifeScenario_output_1590447652,1590448661,1590447958,703
251-nods-found-batch-output,JON_188_idf_sha_nods_p2_r100_t518400_5M_25d_18h_0m_48s_orbit.orbit-c4904af=cloud.orbit.actors.extensions.test.LengthFieldHandlerTest.randomMessages_output_1590447652,1590448466,1590447959,507
251-nods-found-batch-output,JON_188_idf_sha_nods_p2_r100_t518400_5M_25d_18h_0m_48s_oryxproject.oryx-72ae4bb=com.cloudera.oryx.common.io.IOUtilsTest.testDistinctFreePorts_output_1590447652,1590448572,1590447957,615
251-nods-found-batch-output,JON_188_idf_sha_nods_p2_r100_t518400_5M_25d_18h_0m_48s_outbrain.aletheia-024a4b7=com.outbrain.aletheia.SampleDomainClassDatumTest.test_avro_route_output_1590447652,1590448432,1590447963,469
251-nods-found-batch-output,JON_188_idf_sha_nods_p2_r100_t518400_5M_25d_18h_0m_48s_outbrain.aletheia-024a4b7=com.outbrain.aletheia.SampleDomainClassDatumTest.testDatumRoutes_output_1590447652,1590448466,1590447963,503
251-nods-found-batch-output,JON_188_idf_sha_nods_p2_r100_t518400_5M_25d_18h_0m_48s_outbrain.aletheia-024a4b7=com.outbrain.aletheia.SampleDomainClassDatumTest.test_json_route_output_1590447652,1590448445,1590447965,480
251-nods-found-batch-output,JON_188_idf_sha_nods_p2_r100_t518400_5M_25d_18h_0m_48s_outbrain.aletheia-024a4b7=com.outbrain.aletheia.SampleDomainClassDatumTest.test_multiple_routes_output_1590447652,1590448492,1590447960,532
251-nods-found-batch-output,JON_188_idf_sha_nods_p2_r100_t518400_5M_25d_18h_0m_48s_pippo-java.pippo-ae898b6=ro.pippo.session.jedis.JedisSessionDataStorageTest.testDelete_output_1590447652,1590448292,1590447967,325
251-nods-found-batch-output,JON_188_idf_sha_nods_p2_r100_t518400_5M_25d_18h_0m_48s_pippo-java.pippo-ae898b6=ro.pippo.session.mongodb.MongoDBSessionDataStorageTest.testCreate_output_1590447652,1590448366,1590447963,403
251-nods-found-batch-output,JON_188_idf_sha_nods_p2_r100_t518400_5M_25d_18h_0m_48s_pippo-java.pippo-ae898b6=ro.pippo.session.mongodb.MongoDBSessionDataStorageTest.testDelete_output_1590447652,1590448353,1590447970,383
251-nods-found-batch-output,JON_188_idf_sha_nods_p2_r100_t518400_5M_25d_18h_0m_48s_pippo-java.pippo-ae898b6=ro.pippo.session.mongodb.MongoDBSessionDataStorageTest.testGet_output_1590447652,1590448424,1590447970,454
251-nods-found-batch-output,JON_188_idf_sha_nods_p2_r100_t518400_5M_25d_18h_0m_48s_pippo-java.pippo-ae898b6=ro.pippo.session.mongodb.MongoDBSessionDataStorageTest.testSave_output_1590447652,1590448421,1590447982,439
251-nods-found-batch-output,JON_188_idf_sha_nods_p2_r100_t518400_5M_25d_18h_0m_48s_ppiastucki.recast4j-01d478e=org.recast4j.detour.tilecache.TileCacheTest.testPerformance_output_1590447652,1590449813,1590447967,1846
251-nods-found-batch-output,JON_188_idf_sha_nods_p2_r100_t518400_5M_25d_18h_0m_48s_querydsl.querydsl-2bf234c=com.querydsl.hibernate.search.SearchQueryTest.count_output_1590447652,1590449188,1590447970,1218
251-nods-found-batch-output,JON_188_idf_sha_nods_p2_r100_t518400_5M_25d_18h_0m_48s_querydsl.querydsl-2bf234c=com.querydsl.hibernate.search.SearchQueryTest.listResults_output_1590447652,1590449165,1590447974,1191
251-nods-found-batch-output,JON_188_idf_sha_nods_p2_r100_t518400_5M_25d_18h_0m_48s_querydsl.querydsl-2bf234c=com.querydsl.hibernate.search.SearchQueryTest.paging_output_1590447652,1590449131,1590447972,1159
251-nods-found-batch-output,JON_188_idf_sha_nods_p2_r100_t518400_5M_25d_18h_0m_48s_spinn3r.noxy-d53a494=com.spinn3r.noxy.discovery.zookeeper.ZKTest.testBulkClusterJoining_output_1590447652,1590458805,1590447974,10831
251-nods-found-batch-output,JON_188_idf_sha_nods_p2_r100_t518400_5M_25d_18h_0m_48s_spinn3r.noxy-d53a494=com.spinn3r.noxy.discovery.zookeeper.ZKTest.testDiscoveryListener_output_1590447652,1590448642,1590447982,660
251-nods-found-batch-output,JON_188_idf_sha_nods_p2_r100_t518400_5M_25d_18h_0m_48s_spotify.helios-aebf68d=com.spotify.helios.testing.HeliosSoloDeploymentTest.testUndeployLeftoverJobs_output_1590447652,1590451666,1590447914,3752
251-nods-found-batch-output,JON_63_soa_only_nods_r100_t518400_5M_25d_19h_20m_49s_apache.hbase-801fc05=org.apache.hadoop.hbase.procedure2.store.wal.TestWALProcedureStore.testEmptyRoll_output_1590452452,1590453592,1590452700,892
251-nods-found-batch-output,JON_63_soa_only_nods_r100_t518400_5M_25d_19h_20m_49s_apache.hbase-801fc05=org.apache.hadoop.hbase.procedure2.store.wal.TestWALProcedureStore.testRestartWithoutData_output_1590452452,1590453769,1590452714,1055
251-nods-found-batch-output,JON_63_soa_only_nods_r100_t518400_5M_25d_19h_20m_49s_apache.incubator-dubbo-737f7a7=org.apache.dubbo.remoting.transport.netty.ThreadNameTest.testThreadName_output_1590452452,1590453971,1590452714,1257
251-nods-found-batch-output,JON_63_soa_only_nods_r100_t518400_5M_25d_19h_20m_49s_apache.incubator-dubbo-737f7a7=org.apache.dubbo.rpc.protocol.dubbo.ExplicitCallbackTest.TestCallbackMultiInstans_output_1590452452,1590453811,1590452716,1095
251-nods-found-batch-output,JON_63_soa_only_nods_r100_t518400_5M_25d_19h_20m_49s_apache.incubator-dubbo-737f7a7=org.apache.dubbo.rpc.protocol.dubbo.telnet.InvokerTelnetHandlerTest.testInvokeAutoFindMethod_output_1590452452,1590453586,1590452716,870
251-nods-found-batch-output,JON_63_soa_only_nods_r100_t518400_5M_25d_19h_20m_49s_apache.incubator-dubbo-737f7a7=org.apache.dubbo.rpc.protocol.dubbo.telnet.InvokerTelnetHandlerTest.testInvokeByPassingNullValue_output_1590452452,1590453665,1590452716,949
251-nods-found-batch-output,JON_63_soa_only_nods_r100_t518400_5M_25d_19h_20m_49s_apache.incubator-dubbo-737f7a7=org.apache.dubbo.rpc.protocol.dubbo.telnet.InvokerTelnetHandlerTest.testInvokeDefaultSService_output_1590452452,1590453678,1590452721,957
251-nods-found-batch-output,JON_63_soa_only_nods_r100_t518400_5M_25d_19h_20m_49s_apache.incubator-dubbo-737f7a7=org.apache.dubbo.rpc.protocol.dubbo.telnet.PortTelnetHandlerTest.testListAllPort_output_1590452452,1590453653,1590452721,932
251-nods-found-batch-output,JON_63_soa_only_nods_r100_t518400_5M_25d_19h_20m_49s_apache.incubator-dubbo-737f7a7=org.apache.dubbo.rpc.protocol.dubbo.telnet.PortTelnetHandlerTest.testListDetail_output_1590452452,1590453684,1590452721,963
251-nods-found-batch-output,JON_63_soa_only_nods_r100_t518400_5M_25d_19h_20m_49s_c2mon.c2mon-d80687b=cern.c2mon.daq.filter.dynamic.DiffMovingAverageTest.testAverage_output_1590452452,1590453098,1590452719,379
251-nods-found-batch-output,JON_63_soa_only_nods_r100_t518400_5M_25d_19h_20m_49s_c2mon.c2mon-d80687b=cern.c2mon.server.common.republisher.RepublisherImplTest.testMultiplePublicationsWithExceptions_output_1590452452,1590453151,1590452724,427
251-nods-found-batch-output,JON_63_soa_only_nods_r100_t518400_5M_25d_19h_20m_49s_davidmoten.rxjava2-extras-d0315b6=com.github.davidmoten.rx2.buffertofile.FlowableOnBackpressureBufferToFileTest.testCancel_output_1590452452,1590453207,1590452727,480
251-nods-found-batch-output,JON_63_soa_only_nods_r100_t518400_5M_25d_19h_20m_49s_elasticjob.elastic-job-lite-b022898=io.elasticjob.lite.internal.failover.FailoverServiceTest.assertGetLocalFailoverItemsIfShutdown_output_1590452452,1590453271,1590452722,549
251-nods-found-batch-output,JON_63_soa_only_nods_r100_t518400_5M_25d_19h_20m_49s_fluent.fluent-logger-java-da14ec3=org.fluentd.logger.TestFluentLogger.testClose_output_1590452452,1590453034,1590452728,306
251-nods-found-batch-output,JON_63_soa_only_nods_r100_t518400_5M_25d_19h_20m_49s_fluent.fluent-logger-java-da14ec3=org.fluentd.logger.TestFluentLogger.testFlushOnClose_output_1590452452,1590453075,1590452725,350
251-nods-found-batch-output,JON_63_soa_only_nods_r100_t518400_5M_25d_19h_20m_49s_fluent.fluent-logger-java-da14ec3=org.fluentd.logger.TestFluentLogger.testInMultiThreading_output_1590452452,1590453447,1590452724,723
251-nods-found-batch-output,JON_63_soa_only_nods_r100_t518400_5M_25d_19h_20m_49s_fluent.fluent-logger-java-da14ec3=org.fluentd.logger.TestFluentLogger.testNormal01_output_1590452452,1590453288,1590452727,561
251-nods-found-batch-output,JON_63_soa_only_nods_r100_t518400_5M_25d_19h_20m_49s_fluent.fluent-logger-java-da14ec3=org.fluentd.logger.TestFluentLogger.testNormal02_output_1590452452,1590453246,1590452708,538
251-nods-found-batch-output,JON_63_soa_only_nods_r100_t518400_5M_25d_19h_20m_49s_kagkarlsson.db-scheduler-4a8a28e=com.github.kagkarlsson.scheduler.compatibility.HsqlCompatibilityTest.test_jdbc_repository_compatibility_with_data_output_1590452452,1590453113,1590452733,380
251-nods-found-batch-output,JON_63_soa_only_nods_r100_t518400_5M_25d_19h_20m_49s_kagkarlsson.db-scheduler-4a8a28e=com.github.kagkarlsson.scheduler.DeadExecutionsTest.scheduler_should_detect_dead_execution_that_never_updated_heartbeat_output_1590452452,1590453114,1590452733,381
251-nods-found-batch-output,JON_63_soa_only_nods_r100_t518400_5M_25d_19h_20m_49s_kagkarlsson.db-scheduler-4a8a28e=com.github.kagkarlsson.scheduler.DeadExecutionsTest.scheduler_should_handle_dead_executions_output_1590452452,1590453079,1590452729,350
251-nods-found-batch-output,JON_63_soa_only_nods_r100_t518400_5M_25d_19h_20m_49s_kagkarlsson.db-scheduler-4a8a28e=com.github.kagkarlsson.scheduler.SchedulerClientTest.client_should_be_able_to_fetch_executions_for_task_output_1590452452,1590453117,1590452727,390
251-nods-found-batch-output,JON_63_soa_only_nods_r100_t518400_5M_25d_19h_20m_49s_kagkarlsson.db-scheduler-4a8a28e=com.github.kagkarlsson.scheduler.SchedulerClientTest.client_should_be_able_to_schedule_executions_output_1590452452,1590453117,1590452733,384
251-nods-found-batch-output,JON_63_soa_only_nods_r100_t518400_5M_25d_19h_20m_49s_kagkarlsson.db-scheduler-4a8a28e=com.github.kagkarlsson.scheduler.SchedulerClientTest.should_be_able_to_schedule_other_executions_from_an_executionhandler_output_1590452452,1590453116,1590452733,383
251-nods-found-batch-output,JON_63_soa_only_nods_r100_t518400_5M_25d_19h_20m_49s_nationalsecurityagency.timely-3a8cbd3=timely.store.iterators.TimeSeriesGroupingIteratorTest.testAdditionalTimeSeries_output_1590452452,1590453826,1590452733,1093
251-nods-found-batch-output,JON_63_soa_only_nods_r100_t518400_5M_25d_19h_20m_49s_nationalsecurityagency.timely-3a8cbd3=timely.store.iterators.TimeSeriesGroupingIteratorTest.testManySparseTimeSeries_output_1590452452,1590453912,1590452733,1179
251-nods-found-batch-output,JON_63_soa_only_nods_r100_t518400_5M_25d_19h_20m_49s_nationalsecurityagency.timely-3a8cbd3=timely.store.iterators.TimeSeriesGroupingIteratorTest.testTimeSeriesDropOff_output_1590452452,1590453875,1590452736,1139
251-nods-found-batch-output,JON_63_soa_only_nods_r100_t518400_5M_25d_19h_20m_49s_openpojo.openpojo-9badbcc=com.openpojo.issues.issue112.IssueTest.shouldNotFail_output_1590452452,1590454101,1590452736,1365
251-nods-found-batch-output,JON_63_soa_only_nods_r100_t518400_5M_25d_19h_20m_49s_openpojo.openpojo-9badbcc=com.openpojo.validation.rule.impl.TestClassMustEndWithRuleTest.aTestNGClassThatDoesntEndWithTestShouldFail_output_1590452452,1590453751,1590452733,1018
251-nods-found-batch-output,JON_63_soa_only_nods_r100_t518400_5M_25d_19h_20m_49s_openpojo.openpojo-9badbcc=com.openpojo.validation.test.impl.GetterTesterAndSetterTesterTest.shouldPassSetterTest_output_1590452452,1590453899,1590452749,1150
251-nods-found-batch-output,JON_63_soa_only_nods_r100_t518400_5M_25d_19h_20m_49s_openpojo.openpojo-9badbcc=com.openpojo.validation.test.impl.GetterTesterTest.shouldSuccessfullyValidateEvenIfLoggingFails_output_1590452452,1590453750,1590452736,1014
251-nods-found-batch-output,JON_63_soa_only_nods_r100_t518400_5M_25d_19h_20m_49s_openpojo.openpojo-9badbcc=com.openpojo.validation.test.impl.SerializableTesterTest.shouldFailNonSerializableObject_output_1590452452,1590454045,1590452738,1307
251-nods-found-batch-output,JON_63_soa_only_nods_r100_t518400_5M_25d_19h_20m_49s_openpojo.openpojo-9badbcc=com.openpojo.validation.test.impl.SerializableTesterTest.shouldFailOnObjectWrite_output_1590452452,1590454011,1590452738,1273
251-nods-found-batch-output,JON_63_soa_only_nods_r100_t518400_5M_25d_19h_20m_49s_openpojo.openpojo-9badbcc=com.openpojo.validation.test.impl.SerializableTesterTest.shouldFailOnReadObject_output_1590452452,1590453958,1590452741,1217
251-nods-found-batch-output,JON_63_soa_only_nods_r100_t518400_5M_25d_19h_20m_49s_openpojo.openpojo-9badbcc=com.openpojo.validation.test.impl.SerializableTesterTest.shouldFailSerializingSerializableChildOfSerializableParentWithNonSerializableField_output_1590452452,1590453914,1590452738,1176
251-nods-found-batch-output,JON_63_soa_only_nods_r100_t518400_5M_25d_19h_20m_49s_openpojo.openpojo-9badbcc=com.openpojo.validation.test.impl.SerializableTesterTest.shouldNotFailIfNonSerializableIsTransient_output_1590452452,1590453950,1590452738,1212
251-nods-found-batch-output,JON_63_soa_only_nods_r100_t518400_5M_25d_19h_20m_49s_openpojo.openpojo-9badbcc=com.openpojo.validation.test.impl.SerializableTesterTest.shouldPassSerializationTest_output_1590452452,1590453875,1590452744,1131
251-nods-found-batch-output,JON_63_soa_only_nods_r100_t518400_5M_25d_19h_20m_49s_openpojo.openpojo-9badbcc=com.openpojo.validation.test.impl.SerializableTesterTest.shouldSkipOverNonSerializableClass_output_1590452452,1590453892,1590452738,1154
251-nods-found-batch-output,JON_63_soa_only_nods_r100_t518400_5M_25d_19h_20m_49s_openpojo.openpojo-9badbcc=com.openpojo.validation.test.impl.SetterTesterTest.shouldSuccessfullyValidateEvenIfLoggingFails_output_1590452452,1590453913,1590452749,1164
251-nods-found-batch-output,JON_63_soa_only_nods_r100_t518400_5M_25d_19h_20m_49s_openpojo.openpojo-9badbcc=com.openpojo.validation.utils.ValidationHelperTest.shouldReportMissingASMProperly_output_1590452452,1590453972,1590452762,1210
251-nods-found-batch-output,JON_63_soa_only_nods_r100_t518400_5M_25d_19h_20m_49s_openpojo.openpojo-9badbcc=com.openpojo.validation.ValidatorBuilderTest.build_returnsValidator_output_1590452452,1590453793,1590452773,1020
251-nods-found-batch-output,JON_63_soa_only_nods_r100_t518400_5M_25d_19h_20m_49s_openpojo.openpojo-9badbcc=com.openpojo.validation.ValidatorBuilderTest.withRules_persistRules_output_1590452452,1590453934,1590452757,1177
251-nods-found-batch-output,JON_63_soa_only_nods_r100_t518400_5M_25d_19h_20m_49s_openpojo.openpojo-9badbcc=com.openpojo.validation.ValidatorBuilderTest.withTesters_persistRules_output_1590452452,1590453929,1590452773,1156
251-nods-found-batch-output,JON_63_soa_only_nods_r100_t518400_5M_25d_19h_20m_49s_oracle.oci-java-sdk-2e9982f=com.oracle.bmc.objectstorage.transfer.ProgressTrackerTest.singleUploadProgressTrackerFactory_resetProgressTracker_output_1590452452,1590453361,1590452787,574
251-nods-found-batch-output,JON_63_soa_only_nods_r100_t518400_5M_25d_19h_20m_49s_spinn3r.noxy-d53a494=com.spinn3r.noxy.discovery.zookeeper.ZKTest.testMembershipJoinAndLeave_output_1590452452,1590453377,1590452754,623
251-nods-found-batch-output,JON_63_soa_only_nods_r100_t518400_5M_25d_19h_20m_49s_spotify.helios-aebf68d=com.spotify.helios.testing.SimpleTest.simpleTest_output_1590452452,1590459696,1590452792,6904
251-nods-found-batch-output,JON_63_soa_only_nods_r100_t518400_5M_25d_19h_20m_49s_spotify.helios-aebf68d=com.spotify.helios.testing.TempJobFailureTest.testDeploymentFailure_output_1590452452,1590455827,1590452787,3040
251-nods-found-batch-output,JON_63_soa_only_nods_r100_t518400_5M_25d_19h_20m_49s_tootallnate.java-websocket-fa3909c=org.java_websocket.issues.Issue621Test.testIssue_output_1590452452,1590453185,1590452795,390
251-nods-found-batch-output,JON_63_soa_only_nods_r100_t518400_5M_25d_19h_20m_49s_undertow-io.undertow-d0efffa=io.undertow.websockets.jsr.test.extension.JsrWebsocketExtensionTestCase.testLongTextMessage_output_1590452452,1590454113,1590452795,1318
251-nods-found-batch-output,JON_63_soa_only_nods_r100_t518400_5M_25d_19h_20m_49s_undertow-io.undertow-d0efffa=io.undertow.websockets.jsr.test.JsrWebSocketServer13Test.testTextUsingWriter_output_1590452452,1590453649,1590452795,854
251-nods-found-batch-output,JON_63_soa_only_nods_r100_t518400_5M_25d_19h_20m_49s_undertow-io.undertow-d0efffa=io.undertow.websockets.jsr.test.stress.WebsocketStressTestCase.webSocketStringStressTestCase_output_1590452452,1590453933,1590452790,1143
251-nods-found-batch-output,JON_63_soa_only_nods_r100_t518400_5M_25d_19h_20m_49s_wro4j.wro4j-185ab60=ro.isdc.wro.extensions.processor.support.sass.TestRubySassEngine.shouldProcessValidCss_output_1590452452,1590453736,1590452795,941
251-nods-found-batch-output,JON_63_soa_only_nods_r100_t518400_5M_25d_19h_20m_49s_wro4j.wro4j-185ab60=ro.isdc.wro.extensions.processor.support.sass.TestRubySassEngine.shouldProcessValidNonAsciiSass_output_1590452452,1590453813,1590452792,1021
251-nods-found-batch-output,JON_63_soa_only_nods_r100_t518400_5M_25d_19h_20m_49s_wro4j.wro4j-185ab60=ro.isdc.wro.extensions.processor.support.sass.TestRubySassEngine.shouldProcessValidSass_output_1590452452,1590453856,1590452800,1056
251-nods-found-batch-output,JON_63_soa_only_nods_r100_t518400_5M_25d_19h_20m_49s_wro4j.wro4j-185ab60=ro.isdc.wro.extensions.processor.TestRubySassCssProcessor.executeMultipleTimesDoesntThrowOutOfMemoryException_output_1590452452,1590453946,1590452800,1146
251-nods-found-batch-output,JON_63_soa_only_nods_r100_t518400_5M_25d_19h_20m_49s_wro4j.wro4j-185ab60=ro.isdc.wro.extensions.processor.TestRubySassCssProcessor.shouldBeThreadSafe_output_1590452452,1590453907,1590452800,1107
251-nods-found-batch-output,JON_63_soa_only_nods_r100_t518400_5M_25d_19h_20m_49s_wro4j.wro4j-185ab60=ro.isdc.wro.extensions.processor.TestRubySassCssProcessor.shouldSucceedAfterAFailure_output_1590452452,1590453790,1590452790,1000
251-nods-found-batch-output,JON_63_soa_only_nods_r100_t518400_5M_25d_19h_20m_49s_wro4j.wro4j-185ab60=ro.isdc.wro.extensions.processor.TestRubySassCssProcessor.shouldTestFromFolder_output_1590452452,1590453798,1590452798,1000
251-nods-found-batch-output,JON_63_soa_only_nods_r100_t518400_5M_25d_19h_20m_49s_wso2.carbon-apimgt-a82213e=org.wso2.carbon.apimgt.throttling.siddhi.extension.ThrottleTimeBatchWindowTestCase.throttleTimeWindowBatchTest2_output_1590452452,1590454794,1590452798,1996
251-nods-found-batch-output,JON_63_soa_only_nods_r100_t518400_5M_25d_19h_20m_49s_zalando.riptide-8277e11=org.zalando.riptide.failsafe.RetryAfterDelayFunctionTest.shouldRetryWithDynamicDelayDate_output_1590452452,1590453738,1590452803,935
251-nods-found-batch-output,JON_63_soa_only_nods_r100_t518400_5M_25d_19h_23m_49s_apache.hbase-801fc05=org.apache.hadoop.hbase.procedure2.store.wal.TestWALProcedureStore.testEmptyRoll_output_1590452632,1590454017,1590452916,1101
251-nods-found-batch-output,JON_63_soa_only_nods_r100_t518400_5M_25d_19h_23m_49s_apache.hbase-801fc05=org.apache.hadoop.hbase.procedure2.store.wal.TestWALProcedureStore.testRestartWithoutData_output_1590452632,1590454086,1590452932,1154
251-nods-found-batch-output,JON_63_soa_only_nods_r100_t518400_5M_25d_19h_23m_49s_apache.incubator-dubbo-737f7a7=org.apache.dubbo.remoting.transport.netty.ThreadNameTest.testThreadName_output_1590452632,1590454261,1590452932,1329
251-nods-found-batch-output,JON_63_soa_only_nods_r100_t518400_5M_25d_19h_23m_49s_apache.incubator-dubbo-737f7a7=org.apache.dubbo.rpc.protocol.dubbo.ExplicitCallbackTest.TestCallbackMultiInstans_output_1590452632,1590453960,1590452932,1028
251-nods-found-batch-output,JON_63_soa_only_nods_r100_t518400_5M_25d_19h_23m_49s_apache.incubator-dubbo-737f7a7=org.apache.dubbo.rpc.protocol.dubbo.telnet.InvokerTelnetHandlerTest.testInvokeAutoFindMethod_output_1590452632,1590453914,1590452932,982
251-nods-found-batch-output,JON_63_soa_only_nods_r100_t518400_5M_25d_19h_23m_49s_apache.incubator-dubbo-737f7a7=org.apache.dubbo.rpc.protocol.dubbo.telnet.InvokerTelnetHandlerTest.testInvokeByPassingNullValue_output_1590452632,1590453910,1590452933,977
251-nods-found-batch-output,JON_63_soa_only_nods_r100_t518400_5M_25d_19h_23m_49s_apache.incubator-dubbo-737f7a7=org.apache.dubbo.rpc.protocol.dubbo.telnet.InvokerTelnetHandlerTest.testInvokeDefaultSService_output_1590452632,1590453908,1590452932,976
251-nods-found-batch-output,JON_63_soa_only_nods_r100_t518400_5M_25d_19h_23m_49s_apache.incubator-dubbo-737f7a7=org.apache.dubbo.rpc.protocol.dubbo.telnet.PortTelnetHandlerTest.testListAllPort_output_1590452632,1590453802,1590452934,868
251-nods-found-batch-output,JON_63_soa_only_nods_r100_t518400_5M_25d_19h_23m_49s_apache.incubator-dubbo-737f7a7=org.apache.dubbo.rpc.protocol.dubbo.telnet.PortTelnetHandlerTest.testListDetail_output_1590452632,1590453884,1590452933,951
251-nods-found-batch-output,JON_63_soa_only_nods_r100_t518400_5M_25d_19h_23m_49s_c2mon.c2mon-d80687b=cern.c2mon.daq.filter.dynamic.DiffMovingAverageTest.testAverage_output_1590452632,1590453323,1590452932,391
251-nods-found-batch-output,JON_63_soa_only_nods_r100_t518400_5M_25d_19h_23m_49s_c2mon.c2mon-d80687b=cern.c2mon.server.common.republisher.RepublisherImplTest.testMultiplePublicationsWithExceptions_output_1590452632,1590453417,1590452934,483
251-nods-found-batch-output,JON_63_soa_only_nods_r100_t518400_5M_25d_19h_23m_49s_davidmoten.rxjava2-extras-d0315b6=com.github.davidmoten.rx2.buffertofile.FlowableOnBackpressureBufferToFileTest.testCancel_output_1590452632,1590453517,1590452946,571
251-nods-found-batch-output,JON_63_soa_only_nods_r100_t518400_5M_25d_19h_23m_49s_elasticjob.elastic-job-lite-b022898=io.elasticjob.lite.internal.failover.FailoverServiceTest.assertGetLocalFailoverItemsIfShutdown_output_1590452632,1590453418,1590452934,484
251-nods-found-batch-output,JON_63_soa_only_nods_r100_t518400_5M_25d_19h_23m_49s_fluent.fluent-logger-java-da14ec3=org.fluentd.logger.TestFluentLogger.testClose_output_1590452632,1590453193,1590452941,252
251-nods-found-batch-output,JON_63_soa_only_nods_r100_t518400_5M_25d_19h_23m_49s_fluent.fluent-logger-java-da14ec3=org.fluentd.logger.TestFluentLogger.testFlushOnClose_output_1590452632,1590453275,1590452918,357
251-nods-found-batch-output,JON_63_soa_only_nods_r100_t518400_5M_25d_19h_23m_49s_fluent.fluent-logger-java-da14ec3=org.fluentd.logger.TestFluentLogger.testInMultiThreading_output_1590452632,1590453656,1590452941,715
251-nods-found-batch-output,JON_63_soa_only_nods_r100_t518400_5M_25d_19h_23m_49s_fluent.fluent-logger-java-da14ec3=org.fluentd.logger.TestFluentLogger.testNormal01_output_1590452632,1590453506,1590452951,555
251-nods-found-batch-output,JON_63_soa_only_nods_r100_t518400_5M_25d_19h_23m_49s_fluent.fluent-logger-java-da14ec3=org.fluentd.logger.TestFluentLogger.testNormal02_output_1590452632,1590453541,1590452988,553
251-nods-found-batch-output,JON_63_soa_only_nods_r100_t518400_5M_25d_19h_23m_49s_kagkarlsson.db-scheduler-4a8a28e=com.github.kagkarlsson.scheduler.compatibility.HsqlCompatibilityTest.test_jdbc_repository_compatibility_with_data_output_1590452632,1590453324,1590452943,381
251-nods-found-batch-output,JON_63_soa_only_nods_r100_t518400_5M_25d_19h_23m_49s_kagkarlsson.db-scheduler-4a8a28e=com.github.kagkarlsson.scheduler.DeadExecutionsTest.scheduler_should_detect_dead_execution_that_never_updated_heartbeat_output_1590452632,1590453308,1590452957,351
251-nods-found-batch-output,JON_63_soa_only_nods_r100_t518400_5M_25d_19h_23m_49s_kagkarlsson.db-scheduler-4a8a28e=com.github.kagkarlsson.scheduler.DeadExecutionsTest.scheduler_should_handle_dead_executions_output_1590452632,1590453248,1590452951,297
251-nods-found-batch-output,JON_63_soa_only_nods_r100_t518400_5M_25d_19h_23m_49s_kagkarlsson.db-scheduler-4a8a28e=com.github.kagkarlsson.scheduler.SchedulerClientTest.client_should_be_able_to_fetch_executions_for_task_output_1590452632,1590453325,1590452943,382
251-nods-found-batch-output,JON_63_soa_only_nods_r100_t518400_5M_25d_19h_23m_49s_kagkarlsson.db-scheduler-4a8a28e=com.github.kagkarlsson.scheduler.SchedulerClientTest.client_should_be_able_to_schedule_executions_output_1590452632,1590453318,1590452946,372
251-nods-found-batch-output,JON_63_soa_only_nods_r100_t518400_5M_25d_19h_23m_49s_kagkarlsson.db-scheduler-4a8a28e=com.github.kagkarlsson.scheduler.SchedulerClientTest.should_be_able_to_schedule_other_executions_from_an_executionhandler_output_1590452632,1590453323,1590452946,377
251-nods-found-batch-output,JON_63_soa_only_nods_r100_t518400_5M_25d_19h_23m_49s_nationalsecurityagency.timely-3a8cbd3=timely.store.iterators.TimeSeriesGroupingIteratorTest.testAdditionalTimeSeries_output_1590452632,1590454105,1590452949,1156
251-nods-found-batch-output,JON_63_soa_only_nods_r100_t518400_5M_25d_19h_23m_49s_nationalsecurityagency.timely-3a8cbd3=timely.store.iterators.TimeSeriesGroupingIteratorTest.testManySparseTimeSeries_output_1590452632,1590454140,1590452960,1180
251-nods-found-batch-output,JON_63_soa_only_nods_r100_t518400_5M_25d_19h_23m_49s_nationalsecurityagency.timely-3a8cbd3=timely.store.iterators.TimeSeriesGroupingIteratorTest.testTimeSeriesDropOff_output_1590452632,1590454115,1590452960,1155
251-nods-found-batch-output,JON_63_soa_only_nods_r100_t518400_5M_25d_19h_23m_49s_openpojo.openpojo-9badbcc=com.openpojo.issues.issue112.IssueTest.shouldNotFail_output_1590452632,1590454296,1590452957,1339
251-nods-found-batch-output,JON_63_soa_only_nods_r100_t518400_5M_25d_19h_23m_49s_openpojo.openpojo-9badbcc=com.openpojo.validation.rule.impl.TestClassMustEndWithRuleTest.aTestNGClassThatDoesntEndWithTestShouldFail_output_1590452632,1590454127,1590452962,1165
251-nods-found-batch-output,JON_63_soa_only_nods_r100_t518400_5M_25d_19h_23m_49s_openpojo.openpojo-9badbcc=com.openpojo.validation.test.impl.GetterTesterAndSetterTesterTest.shouldPassSetterTest_output_1590452632,1590454187,1590452962,1225
251-nods-found-batch-output,JON_63_soa_only_nods_r100_t518400_5M_25d_19h_23m_49s_openpojo.openpojo-9badbcc=com.openpojo.validation.test.impl.GetterTesterTest.shouldSuccessfullyValidateEvenIfLoggingFails_output_1590452632,1590454146,1590452968,1178
251-nods-found-batch-output,JON_63_soa_only_nods_r100_t518400_5M_25d_19h_23m_49s_openpojo.openpojo-9badbcc=com.openpojo.validation.test.impl.SerializableTesterTest.shouldFailNonSerializableObject_output_1590452632,1590454145,1590452968,1177
251-nods-found-batch-output,JON_63_soa_only_nods_r100_t518400_5M_25d_19h_23m_49s_openpojo.openpojo-9badbcc=com.openpojo.validation.test.impl.SerializableTesterTest.shouldFailOnObjectWrite_output_1590452632,1590454095,1590452968,1127
251-nods-found-batch-output,JON_63_soa_only_nods_r100_t518400_5M_25d_19h_23m_49s_openpojo.openpojo-9badbcc=com.openpojo.validation.test.impl.SerializableTesterTest.shouldFailOnReadObject_output_1590452632,1590454129,1590452970,1159
251-nods-found-batch-output,JON_63_soa_only_nods_r100_t518400_5M_25d_19h_23m_49s_openpojo.openpojo-9badbcc=com.openpojo.validation.test.impl.SerializableTesterTest.shouldFailSerializingSerializableChildOfSerializableParentWithNonSerializableField_output_1590452632,1590454107,1590452968,1139
251-nods-found-batch-output,JON_63_soa_only_nods_r100_t518400_5M_25d_19h_23m_49s_openpojo.openpojo-9badbcc=com.openpojo.validation.test.impl.SerializableTesterTest.shouldNotFailIfNonSerializableIsTransient_output_1590452632,1590454094,1590452970,1124
251-nods-found-batch-output,JON_63_soa_only_nods_r100_t518400_5M_25d_19h_23m_49s_openpojo.openpojo-9badbcc=com.openpojo.validation.test.impl.SerializableTesterTest.shouldPassSerializationTest_output_1590452632,1590454165,1590452968,1197
251-nods-found-batch-output,JON_63_soa_only_nods_r100_t518400_5M_25d_19h_23m_49s_openpojo.openpojo-9badbcc=com.openpojo.validation.test.impl.SerializableTesterTest.shouldSkipOverNonSerializableClass_output_1590452632,1590454108,1590452973,1135
251-nods-found-batch-output,JON_63_soa_only_nods_r100_t518400_5M_25d_19h_23m_49s_openpojo.openpojo-9badbcc=com.openpojo.validation.test.impl.SetterTesterTest.shouldSuccessfullyValidateEvenIfLoggingFails_output_1590452632,1590454121,1590452990,1131
251-nods-found-batch-output,JON_63_soa_only_nods_r100_t518400_5M_25d_19h_23m_49s_openpojo.openpojo-9badbcc=com.openpojo.validation.utils.ValidationHelperTest.shouldReportMissingASMProperly_output_1590452632,1590454109,1590452979,1130
251-nods-found-batch-output,JON_63_soa_only_nods_r100_t518400_5M_25d_19h_23m_49s_openpojo.openpojo-9badbcc=com.openpojo.validation.ValidatorBuilderTest.build_returnsValidator_output_1590452632,1590454162,1590452976,1186
251-nods-found-batch-output,JON_63_soa_only_nods_r100_t518400_5M_25d_19h_23m_49s_openpojo.openpojo-9badbcc=com.openpojo.validation.ValidatorBuilderTest.withRules_persistRules_output_1590452632,1590454137,1590452985,1152
251-nods-found-batch-output,JON_63_soa_only_nods_r100_t518400_5M_25d_19h_23m_49s_openpojo.openpojo-9badbcc=com.openpojo.validation.ValidatorBuilderTest.withTesters_persistRules_output_1590452632,1590454147,1590452976,1171
251-nods-found-batch-output,JON_63_soa_only_nods_r100_t518400_5M_25d_19h_23m_49s_oracle.oci-java-sdk-2e9982f=com.oracle.bmc.objectstorage.transfer.ProgressTrackerTest.singleUploadProgressTrackerFactory_resetProgressTracker_output_1590452632,1590453550,1590452981,569
251-nods-found-batch-output,JON_63_soa_only_nods_r100_t518400_5M_25d_19h_23m_49s_spinn3r.noxy-d53a494=com.spinn3r.noxy.discovery.zookeeper.ZKTest.testMembershipJoinAndLeave_output_1590452632,1590453626,1590452981,645
251-nods-found-batch-output,JON_63_soa_only_nods_r100_t518400_5M_25d_19h_23m_49s_spotify.helios-aebf68d=com.spotify.helios.testing.SimpleTest.simpleTest_output_1590452632,1590459350,1590452990,6360
251-nods-found-batch-output,JON_63_soa_only_nods_r100_t518400_5M_25d_19h_23m_49s_spotify.helios-aebf68d=com.spotify.helios.testing.TempJobFailureTest.testDeploymentFailure_output_1590452632,1590456045,1590452990,3055
251-nods-found-batch-output,JON_63_soa_only_nods_r100_t518400_5M_25d_19h_23m_49s_tootallnate.java-websocket-fa3909c=org.java_websocket.issues.Issue621Test.testIssue_output_1590452632,1590453441,1590452993,448
251-nods-found-batch-output,JON_63_soa_only_nods_r100_t518400_5M_25d_19h_23m_49s_undertow-io.undertow-d0efffa=io.undertow.websockets.jsr.test.extension.JsrWebsocketExtensionTestCase.testLongTextMessage_output_1590452632,1590454387,1590452993,1394
251-nods-found-batch-output,JON_63_soa_only_nods_r100_t518400_5M_25d_19h_23m_49s_undertow-io.undertow-d0efffa=io.undertow.websockets.jsr.test.JsrWebSocketServer13Test.testTextUsingWriter_output_1590452632,1590453797,1590452993,804
251-nods-found-batch-output,JON_63_soa_only_nods_r100_t518400_5M_25d_19h_23m_49s_undertow-io.undertow-d0efffa=io.undertow.websockets.jsr.test.stress.WebsocketStressTestCase.webSocketStringStressTestCase_output_1590452632,1590454168,1590452993,1175
251-nods-found-batch-output,JON_63_soa_only_nods_r100_t518400_5M_25d_19h_23m_49s_wro4j.wro4j-185ab60=ro.isdc.wro.extensions.processor.support.sass.TestRubySassEngine.shouldProcessValidCss_output_1590452632,1590453969,1590452993,976
251-nods-found-batch-output,JON_63_soa_only_nods_r100_t518400_5M_25d_19h_23m_49s_wro4j.wro4j-185ab60=ro.isdc.wro.extensions.processor.support.sass.TestRubySassEngine.shouldProcessValidNonAsciiSass_output_1590452632,1590454044,1590452993,1051
251-nods-found-batch-output,JON_63_soa_only_nods_r100_t518400_5M_25d_19h_23m_49s_wro4j.wro4j-185ab60=ro.isdc.wro.extensions.processor.support.sass.TestRubySassEngine.shouldProcessValidSass_output_1590452632,1590454043,1590452996,1047
251-nods-found-batch-output,JON_63_soa_only_nods_r100_t518400_5M_25d_19h_23m_49s_wro4j.wro4j-185ab60=ro.isdc.wro.extensions.processor.TestRubySassCssProcessor.executeMultipleTimesDoesntThrowOutOfMemoryException_output_1590452632,1590454045,1590452996,1049
251-nods-found-batch-output,JON_63_soa_only_nods_r100_t518400_5M_25d_19h_23m_49s_wro4j.wro4j-185ab60=ro.isdc.wro.extensions.processor.TestRubySassCssProcessor.shouldBeThreadSafe_output_1590452632,1590454052,1590452932,1120
251-nods-found-batch-output,JON_63_soa_only_nods_r100_t518400_5M_25d_19h_23m_49s_wro4j.wro4j-185ab60=ro.isdc.wro.extensions.processor.TestRubySassCssProcessor.shouldSucceedAfterAFailure_output_1590452632,1590454052,1590452998,1054
251-nods-found-batch-output,JON_63_soa_only_nods_r100_t518400_5M_25d_19h_23m_49s_wro4j.wro4j-185ab60=ro.isdc.wro.extensions.processor.TestRubySassCssProcessor.shouldTestFromFolder_output_1590452632,1590454121,1590452996,1125
251-nods-found-batch-output,JON_63_soa_only_nods_r100_t518400_5M_25d_19h_23m_49s_wso2.carbon-apimgt-a82213e=org.wso2.carbon.apimgt.throttling.siddhi.extension.ThrottleTimeBatchWindowTestCase.throttleTimeWindowBatchTest2_output_1590452632,1590455019,1590452996,2023
251-nods-found-batch-output,JON_63_soa_only_nods_r100_t518400_5M_25d_19h_23m_49s_zalando.riptide-8277e11=org.zalando.riptide.failsafe.RetryAfterDelayFunctionTest.shouldRetryWithDynamicDelayDate_output_1590452632,1590453930,1590452998,932
251-nods-found-batch-output,JON_63_soa_only_nods_r100_t518400_5M_25d_19h_26m_49s_apache.hbase-801fc05=org.apache.hadoop.hbase.procedure2.store.wal.TestWALProcedureStore.testEmptyRoll_output_1590452812,1590454166,1590453068,1098
251-nods-found-batch-output,JON_63_soa_only_nods_r100_t518400_5M_25d_19h_26m_49s_apache.hbase-801fc05=org.apache.hadoop.hbase.procedure2.store.wal.TestWALProcedureStore.testRestartWithoutData_output_1590452812,1590454252,1590453071,1181
251-nods-found-batch-output,JON_63_soa_only_nods_r100_t518400_5M_25d_19h_26m_49s_apache.incubator-dubbo-737f7a7=org.apache.dubbo.remoting.transport.netty.ThreadNameTest.testThreadName_output_1590452812,1590454497,1590453076,1421
251-nods-found-batch-output,JON_63_soa_only_nods_r100_t518400_5M_25d_19h_26m_49s_apache.incubator-dubbo-737f7a7=org.apache.dubbo.rpc.protocol.dubbo.ExplicitCallbackTest.TestCallbackMultiInstans_output_1590452812,1590454243,1590453073,1170
251-nods-found-batch-output,JON_63_soa_only_nods_r100_t518400_5M_25d_19h_26m_49s_apache.incubator-dubbo-737f7a7=org.apache.dubbo.rpc.protocol.dubbo.telnet.InvokerTelnetHandlerTest.testInvokeAutoFindMethod_output_1590452812,1590454090,1590453076,1014
251-nods-found-batch-output,JON_63_soa_only_nods_r100_t518400_5M_25d_19h_26m_49s_apache.incubator-dubbo-737f7a7=org.apache.dubbo.rpc.protocol.dubbo.telnet.InvokerTelnetHandlerTest.testInvokeByPassingNullValue_output_1590452812,1590454120,1590453076,1044
251-nods-found-batch-output,JON_63_soa_only_nods_r100_t518400_5M_25d_19h_26m_49s_apache.incubator-dubbo-737f7a7=org.apache.dubbo.rpc.protocol.dubbo.telnet.InvokerTelnetHandlerTest.testInvokeDefaultSService_output_1590452812,1590454038,1590453076,962
251-nods-found-batch-output,JON_63_soa_only_nods_r100_t518400_5M_25d_19h_26m_49s_apache.incubator-dubbo-737f7a7=org.apache.dubbo.rpc.protocol.dubbo.telnet.PortTelnetHandlerTest.testListAllPort_output_1590452812,1590454160,1590453079,1081
251-nods-found-batch-output,JON_63_soa_only_nods_r100_t518400_5M_25d_19h_26m_49s_apache.incubator-dubbo-737f7a7=org.apache.dubbo.rpc.protocol.dubbo.telnet.PortTelnetHandlerTest.testListDetail_output_1590452812,1590454030,1590453079,951
251-nods-found-batch-output,JON_63_soa_only_nods_r100_t518400_5M_25d_19h_26m_49s_c2mon.c2mon-d80687b=cern.c2mon.daq.filter.dynamic.DiffMovingAverageTest.testAverage_output_1590452812,1590453472,1590453071,401
251-nods-found-batch-output,JON_63_soa_only_nods_r100_t518400_5M_25d_19h_26m_49s_c2mon.c2mon-d80687b=cern.c2mon.server.common.republisher.RepublisherImplTest.testMultiplePublicationsWithExceptions_output_1590452812,1590453568,1590453081,487
251-nods-found-batch-output,JON_63_soa_only_nods_r100_t518400_5M_25d_19h_26m_49s_davidmoten.rxjava2-extras-d0315b6=com.github.davidmoten.rx2.buffertofile.FlowableOnBackpressureBufferToFileTest.testCancel_output_1590452812,1590453709,1590453079,630
251-nods-found-batch-output,JON_63_soa_only_nods_r100_t518400_5M_25d_19h_26m_49s_elasticjob.elastic-job-lite-b022898=io.elasticjob.lite.internal.failover.FailoverServiceTest.assertGetLocalFailoverItemsIfShutdown_output_1590452812,1590453625,1590453079,546
251-nods-found-batch-output,JON_63_soa_only_nods_r100_t518400_5M_25d_19h_26m_49s_fluent.fluent-logger-java-da14ec3=org.fluentd.logger.TestFluentLogger.testClose_output_1590452812,1590453397,1590453079,318
251-nods-found-batch-output,JON_63_soa_only_nods_r100_t518400_5M_25d_19h_26m_49s_fluent.fluent-logger-java-da14ec3=org.fluentd.logger.TestFluentLogger.testFlushOnClose_output_1590452812,1590453460,1590453081,379
251-nods-found-batch-output,JON_63_soa_only_nods_r100_t518400_5M_25d_19h_26m_49s_fluent.fluent-logger-java-da14ec3=org.fluentd.logger.TestFluentLogger.testInMultiThreading_output_1590452812,1590453848,1590453081,767
251-nods-found-batch-output,JON_63_soa_only_nods_r100_t518400_5M_25d_19h_26m_49s_fluent.fluent-logger-java-da14ec3=org.fluentd.logger.TestFluentLogger.testNormal01_output_1590452812,1590453679,1590453084,595
251-nods-found-batch-output,JON_63_soa_only_nods_r100_t518400_5M_25d_19h_26m_49s_fluent.fluent-logger-java-da14ec3=org.fluentd.logger.TestFluentLogger.testNormal02_output_1590452812,1590453688,1590453084,604
251-nods-found-batch-output,JON_63_soa_only_nods_r100_t518400_5M_25d_19h_26m_49s_kagkarlsson.db-scheduler-4a8a28e=com.github.kagkarlsson.scheduler.compatibility.HsqlCompatibilityTest.test_jdbc_repository_compatibility_with_data_output_1590452812,1590453530,1590453084,446
251-nods-found-batch-output,JON_63_soa_only_nods_r100_t518400_5M_25d_19h_26m_49s_kagkarlsson.db-scheduler-4a8a28e=com.github.kagkarlsson.scheduler.DeadExecutionsTest.scheduler_should_detect_dead_execution_that_never_updated_heartbeat_output_1590452812,1590453519,1590453084,435
251-nods-found-batch-output,JON_63_soa_only_nods_r100_t518400_5M_25d_19h_26m_49s_kagkarlsson.db-scheduler-4a8a28e=com.github.kagkarlsson.scheduler.DeadExecutionsTest.scheduler_should_handle_dead_executions_output_1590452812,1590453475,1590453084,391
251-nods-found-batch-output,JON_63_soa_only_nods_r100_t518400_5M_25d_19h_26m_49s_kagkarlsson.db-scheduler-4a8a28e=com.github.kagkarlsson.scheduler.SchedulerClientTest.client_should_be_able_to_fetch_executions_for_task_output_1590452812,1590453495,1590453090,405
251-nods-found-batch-output,JON_63_soa_only_nods_r100_t518400_5M_25d_19h_26m_49s_kagkarlsson.db-scheduler-4a8a28e=com.github.kagkarlsson.scheduler.SchedulerClientTest.client_should_be_able_to_schedule_executions_output_1590452812,1590453534,1590453087,447
251-nods-found-batch-output,JON_63_soa_only_nods_r100_t518400_5M_25d_19h_26m_49s_kagkarlsson.db-scheduler-4a8a28e=com.github.kagkarlsson.scheduler.SchedulerClientTest.should_be_able_to_schedule_other_executions_from_an_executionhandler_output_1590452812,1590453521,1590453084,437
251-nods-found-batch-output,JON_63_soa_only_nods_r100_t518400_5M_25d_19h_26m_49s_nationalsecurityagency.timely-3a8cbd3=timely.store.iterators.TimeSeriesGroupingIteratorTest.testAdditionalTimeSeries_output_1590452812,1590454306,1590453090,1216
251-nods-found-batch-output,JON_63_soa_only_nods_r100_t518400_5M_25d_19h_26m_49s_nationalsecurityagency.timely-3a8cbd3=timely.store.iterators.TimeSeriesGroupingIteratorTest.testManySparseTimeSeries_output_1590452812,1590454347,1590453090,1257
251-nods-found-batch-output,JON_63_soa_only_nods_r100_t518400_5M_25d_19h_26m_49s_nationalsecurityagency.timely-3a8cbd3=timely.store.iterators.TimeSeriesGroupingIteratorTest.testTimeSeriesDropOff_output_1590452812,1590454300,1590453134,1166
251-nods-found-batch-output,JON_63_soa_only_nods_r100_t518400_5M_25d_19h_26m_49s_openpojo.openpojo-9badbcc=com.openpojo.issues.issue112.IssueTest.shouldNotFail_output_1590452812,1590454589,1590453090,1499
251-nods-found-batch-output,JON_63_soa_only_nods_r100_t518400_5M_25d_19h_26m_49s_openpojo.openpojo-9badbcc=com.openpojo.validation.rule.impl.TestClassMustEndWithRuleTest.aTestNGClassThatDoesntEndWithTestShouldFail_output_1590452812,1590454324,1590453090,1234
251-nods-found-batch-output,JON_63_soa_only_nods_r100_t518400_5M_25d_19h_26m_49s_openpojo.openpojo-9badbcc=com.openpojo.validation.test.impl.GetterTesterAndSetterTesterTest.shouldPassSetterTest_output_1590452812,1590454314,1590453073,1241
251-nods-found-batch-output,JON_63_soa_only_nods_r100_t518400_5M_25d_19h_26m_49s_openpojo.openpojo-9badbcc=com.openpojo.validation.test.impl.GetterTesterTest.shouldSuccessfullyValidateEvenIfLoggingFails_output_1590452812,1590454311,1590453090,1221
251-nods-found-batch-output,JON_63_soa_only_nods_r100_t518400_5M_25d_19h_26m_49s_openpojo.openpojo-9badbcc=com.openpojo.validation.test.impl.SerializableTesterTest.shouldFailNonSerializableObject_output_1590452812,1590454318,1590453075,1243
251-nods-found-batch-output,JON_63_soa_only_nods_r100_t518400_5M_25d_19h_26m_49s_openpojo.openpojo-9badbcc=com.openpojo.validation.test.impl.SerializableTesterTest.shouldFailOnObjectWrite_output_1590452812,1590454396,1590453090,1306
251-nods-found-batch-output,JON_63_soa_only_nods_r100_t518400_5M_25d_19h_26m_49s_openpojo.openpojo-9badbcc=com.openpojo.validation.test.impl.SerializableTesterTest.shouldFailOnReadObject_output_1590452812,1590454261,1590453090,1171
251-nods-found-batch-output,JON_63_soa_only_nods_r100_t518400_5M_25d_19h_26m_49s_openpojo.openpojo-9badbcc=com.openpojo.validation.test.impl.SerializableTesterTest.shouldFailSerializingSerializableChildOfSerializableParentWithNonSerializableField_output_1590452812,1590454409,1590453095,1314
251-nods-found-batch-output,JON_63_soa_only_nods_r100_t518400_5M_25d_19h_26m_49s_openpojo.openpojo-9badbcc=com.openpojo.validation.test.impl.SerializableTesterTest.shouldNotFailIfNonSerializableIsTransient_output_1590452812,1590454325,1590453090,1235
251-nods-found-batch-output,JON_63_soa_only_nods_r100_t518400_5M_25d_19h_26m_49s_openpojo.openpojo-9badbcc=com.openpojo.validation.test.impl.SerializableTesterTest.shouldPassSerializationTest_output_1590452812,1590454382,1590453095,1287
251-nods-found-batch-output,JON_63_soa_only_nods_r100_t518400_5M_25d_19h_26m_49s_openpojo.openpojo-9badbcc=com.openpojo.validation.test.impl.SerializableTesterTest.shouldSkipOverNonSerializableClass_output_1590452812,1590454400,1590453115,1285
251-nods-found-batch-output,JON_63_soa_only_nods_r100_t518400_5M_25d_19h_26m_49s_openpojo.openpojo-9badbcc=com.openpojo.validation.test.impl.SetterTesterTest.shouldSuccessfullyValidateEvenIfLoggingFails_output_1590452812,1590454304,1590453109,1195
251-nods-found-batch-output,JON_63_soa_only_nods_r100_t518400_5M_25d_19h_26m_49s_openpojo.openpojo-9badbcc=com.openpojo.validation.utils.ValidationHelperTest.shouldReportMissingASMProperly_output_1590452812,1590454364,1590453092,1272
251-nods-found-batch-output,JON_63_soa_only_nods_r100_t518400_5M_25d_19h_26m_49s_openpojo.openpojo-9badbcc=com.openpojo.validation.ValidatorBuilderTest.build_returnsValidator_output_1590452812,1590454343,1590453107,1236
251-nods-found-batch-output,JON_63_soa_only_nods_r100_t518400_5M_25d_19h_26m_49s_openpojo.openpojo-9badbcc=com.openpojo.validation.ValidatorBuilderTest.withRules_persistRules_output_1590452812,1590454461,1590453112,1349
251-nods-found-batch-output,JON_63_soa_only_nods_r100_t518400_5M_25d_19h_26m_49s_openpojo.openpojo-9badbcc=com.openpojo.validation.ValidatorBuilderTest.withTesters_persistRules_output_1590452812,1590454375,1590453115,1260
251-nods-found-batch-output,JON_63_soa_only_nods_r100_t518400_5M_25d_19h_26m_49s_oracle.oci-java-sdk-2e9982f=com.oracle.bmc.objectstorage.transfer.ProgressTrackerTest.singleUploadProgressTrackerFactory_resetProgressTracker_output_1590452812,1590453732,1590453106,626
251-nods-found-batch-output,JON_63_soa_only_nods_r100_t518400_5M_25d_19h_26m_49s_spinn3r.noxy-d53a494=com.spinn3r.noxy.discovery.zookeeper.ZKTest.testMembershipJoinAndLeave_output_1590452812,1590453787,1590453115,672
251-nods-found-batch-output,JON_63_soa_only_nods_r100_t518400_5M_25d_19h_26m_49s_spotify.helios-aebf68d=com.spotify.helios.testing.SimpleTest.simpleTest_output_1590452812,1590460286,1590453120,7166
251-nods-found-batch-output,JON_63_soa_only_nods_r100_t518400_5M_25d_19h_26m_49s_spotify.helios-aebf68d=com.spotify.helios.testing.TempJobFailureTest.testDeploymentFailure_output_1590452812,1590456655,1590453109,3546
251-nods-found-batch-output,JON_63_soa_only_nods_r100_t518400_5M_25d_19h_26m_49s_tootallnate.java-websocket-fa3909c=org.java_websocket.issues.Issue621Test.testIssue_output_1590452812,1590453547,1590453101,446
251-nods-found-batch-output,JON_63_soa_only_nods_r100_t518400_5M_25d_19h_26m_49s_undertow-io.undertow-d0efffa=io.undertow.websockets.jsr.test.extension.JsrWebsocketExtensionTestCase.testLongTextMessage_output_1590452812,1590454705,1590453101,1604
251-nods-found-batch-output,JON_63_soa_only_nods_r100_t518400_5M_25d_19h_26m_49s_undertow-io.undertow-d0efffa=io.undertow.websockets.jsr.test.JsrWebSocketServer13Test.testTextUsingWriter_output_1590452812,1590454060,1590453115,945
251-nods-found-batch-output,JON_63_soa_only_nods_r100_t518400_5M_25d_19h_26m_49s_undertow-io.undertow-d0efffa=io.undertow.websockets.jsr.test.stress.WebsocketStressTestCase.webSocketStringStressTestCase_output_1590452812,1590454567,1590453117,1450
251-nods-found-batch-output,JON_63_soa_only_nods_r100_t518400_5M_25d_19h_26m_49s_wro4j.wro4j-185ab60=ro.isdc.wro.extensions.processor.support.sass.TestRubySassEngine.shouldProcessValidCss_output_1590452812,1590454216,1590453117,1099
251-nods-found-batch-output,JON_63_soa_only_nods_r100_t518400_5M_25d_19h_26m_49s_wro4j.wro4j-185ab60=ro.isdc.wro.extensions.processor.support.sass.TestRubySassEngine.shouldProcessValidNonAsciiSass_output_1590452812,1590454315,1590453117,1198
251-nods-found-batch-output,JON_63_soa_only_nods_r100_t518400_5M_25d_19h_26m_49s_wro4j.wro4j-185ab60=ro.isdc.wro.extensions.processor.support.sass.TestRubySassEngine.shouldProcessValidSass_output_1590452812,1590454252,1590453120,1132
251-nods-found-batch-output,JON_63_soa_only_nods_r100_t518400_5M_25d_19h_26m_49s_wro4j.wro4j-185ab60=ro.isdc.wro.extensions.processor.TestRubySassCssProcessor.executeMultipleTimesDoesntThrowOutOfMemoryException_output_1590452812,1590454352,1590453125,1227
251-nods-found-batch-output,JON_63_soa_only_nods_r100_t518400_5M_25d_19h_26m_49s_wro4j.wro4j-185ab60=ro.isdc.wro.extensions.processor.TestRubySassCssProcessor.shouldBeThreadSafe_output_1590452812,1590454459,1590453131,1328
251-nods-found-batch-output,JON_63_soa_only_nods_r100_t518400_5M_25d_19h_26m_49s_wro4j.wro4j-185ab60=ro.isdc.wro.extensions.processor.TestRubySassCssProcessor.shouldSucceedAfterAFailure_output_1590452812,1590454423,1590453125,1298
251-nods-found-batch-output,JON_63_soa_only_nods_r100_t518400_5M_25d_19h_26m_49s_wro4j.wro4j-185ab60=ro.isdc.wro.extensions.processor.TestRubySassCssProcessor.shouldTestFromFolder_output_1590452812,1590454367,1590453120,1247
251-nods-found-batch-output,JON_63_soa_only_nods_r100_t518400_5M_25d_19h_26m_49s_wso2.carbon-apimgt-a82213e=org.wso2.carbon.apimgt.throttling.siddhi.extension.ThrottleTimeBatchWindowTestCase.throttleTimeWindowBatchTest2_output_1590452812,1590455248,1590453123,2125
251-nods-found-batch-output,JON_63_soa_only_nods_r100_t518400_5M_25d_19h_26m_49s_zalando.riptide-8277e11=org.zalando.riptide.failsafe.RetryAfterDelayFunctionTest.shouldRetryWithDynamicDelayDate_output_1590452812,1590454123,1590453125,998
251-nods-found-batch-output,JON_63_soa_only_nods_r100_t518400_5M_25d_19h_29m_49s_apache.hbase-801fc05=org.apache.hadoop.hbase.procedure2.store.wal.TestWALProcedureStore.testEmptyRoll_output_1590452992,1590454311,1590453251,1060
251-nods-found-batch-output,JON_63_soa_only_nods_r100_t518400_5M_25d_19h_29m_49s_apache.hbase-801fc05=org.apache.hadoop.hbase.procedure2.store.wal.TestWALProcedureStore.testRestartWithoutData_output_1590452992,1590454424,1590453251,1173
251-nods-found-batch-output,JON_63_soa_only_nods_r100_t518400_5M_25d_19h_29m_49s_apache.incubator-dubbo-737f7a7=org.apache.dubbo.remoting.transport.netty.ThreadNameTest.testThreadName_output_1590452992,1590454678,1590453264,1414
251-nods-found-batch-output,JON_63_soa_only_nods_r100_t518400_5M_25d_19h_29m_49s_apache.incubator-dubbo-737f7a7=org.apache.dubbo.rpc.protocol.dubbo.ExplicitCallbackTest.TestCallbackMultiInstans_output_1590452992,1590454353,1590453264,1089
251-nods-found-batch-output,JON_63_soa_only_nods_r100_t518400_5M_25d_19h_29m_49s_apache.incubator-dubbo-737f7a7=org.apache.dubbo.rpc.protocol.dubbo.telnet.InvokerTelnetHandlerTest.testInvokeAutoFindMethod_output_1590452992,1590454144,1590453264,880
251-nods-found-batch-output,JON_63_soa_only_nods_r100_t518400_5M_25d_19h_29m_49s_apache.incubator-dubbo-737f7a7=org.apache.dubbo.rpc.protocol.dubbo.telnet.InvokerTelnetHandlerTest.testInvokeByPassingNullValue_output_1590452992,1590454241,1590453270,971
251-nods-found-batch-output,JON_63_soa_only_nods_r100_t518400_5M_25d_19h_29m_49s_apache.incubator-dubbo-737f7a7=org.apache.dubbo.rpc.protocol.dubbo.telnet.InvokerTelnetHandlerTest.testInvokeDefaultSService_output_1590452992,1590454312,1590453262,1050
251-nods-found-batch-output,JON_63_soa_only_nods_r100_t518400_5M_25d_19h_29m_49s_apache.incubator-dubbo-737f7a7=org.apache.dubbo.rpc.protocol.dubbo.telnet.PortTelnetHandlerTest.testListAllPort_output_1590452992,1590454220,1590453273,947
251-nods-found-batch-output,JON_63_soa_only_nods_r100_t518400_5M_25d_19h_29m_49s_apache.incubator-dubbo-737f7a7=org.apache.dubbo.rpc.protocol.dubbo.telnet.PortTelnetHandlerTest.testListDetail_output_1590452992,1590454293,1590453277,1016
251-nods-found-batch-output,JON_63_soa_only_nods_r100_t518400_5M_25d_19h_29m_49s_c2mon.c2mon-d80687b=cern.c2mon.daq.filter.dynamic.DiffMovingAverageTest.testAverage_output_1590452992,1590453729,1590453326,403
251-nods-found-batch-output,JON_63_soa_only_nods_r100_t518400_5M_25d_19h_29m_49s_c2mon.c2mon-d80687b=cern.c2mon.server.common.republisher.RepublisherImplTest.testMultiplePublicationsWithExceptions_output_1590452992,1590453826,1590453333,493
251-nods-found-batch-output,JON_63_soa_only_nods_r100_t518400_5M_25d_19h_29m_49s_davidmoten.rxjava2-extras-d0315b6=com.github.davidmoten.rx2.buffertofile.FlowableOnBackpressureBufferToFileTest.testCancel_output_1590452992,1590453973,1590453434,539
251-nods-found-batch-output,JON_63_soa_only_nods_r100_t518400_5M_25d_19h_29m_49s_elasticjob.elastic-job-lite-b022898=io.elasticjob.lite.internal.failover.FailoverServiceTest.assertGetLocalFailoverItemsIfShutdown_output_1590452992,1590453909,1590453411,498
251-nods-found-batch-output,JON_63_soa_only_nods_r100_t518400_5M_25d_19h_29m_49s_fluent.fluent-logger-java-da14ec3=org.fluentd.logger.TestFluentLogger.testClose_output_1590452992,1590453787,1590453470,317
251-nods-found-batch-output,JON_63_soa_only_nods_r100_t518400_5M_25d_19h_29m_49s_fluent.fluent-logger-java-da14ec3=org.fluentd.logger.TestFluentLogger.testFlushOnClose_output_1590452992,1590453763,1590453342,421
251-nods-found-batch-output,JON_63_soa_only_nods_r100_t518400_5M_25d_19h_29m_49s_fluent.fluent-logger-java-da14ec3=org.fluentd.logger.TestFluentLogger.testInMultiThreading_output_1590452992,1590454158,1590453434,724
251-nods-found-batch-output,JON_63_soa_only_nods_r100_t518400_5M_25d_19h_29m_49s_fluent.fluent-logger-java-da14ec3=org.fluentd.logger.TestFluentLogger.testNormal01_output_1590452992,1590454012,1590453445,567
251-nods-found-batch-output,JON_63_soa_only_nods_r100_t518400_5M_25d_19h_29m_49s_fluent.fluent-logger-java-da14ec3=org.fluentd.logger.TestFluentLogger.testNormal02_output_1590452992,1590453835,1590453264,571
251-nods-found-batch-output,JON_63_soa_only_nods_r100_t518400_5M_25d_19h_29m_49s_kagkarlsson.db-scheduler-4a8a28e=com.github.kagkarlsson.scheduler.compatibility.HsqlCompatibilityTest.test_jdbc_repository_compatibility_with_data_output_1590452992,1590453826,1590453471,355
251-nods-found-batch-output,JON_63_soa_only_nods_r100_t518400_5M_25d_19h_29m_49s_kagkarlsson.db-scheduler-4a8a28e=com.github.kagkarlsson.scheduler.DeadExecutionsTest.scheduler_should_detect_dead_execution_that_never_updated_heartbeat_output_1590452992,1590453878,1590453473,405
251-nods-found-batch-output,JON_63_soa_only_nods_r100_t518400_5M_25d_19h_29m_49s_kagkarlsson.db-scheduler-4a8a28e=com.github.kagkarlsson.scheduler.DeadExecutionsTest.scheduler_should_handle_dead_executions_output_1590452992,1590453897,1590453491,406
251-nods-found-batch-output,JON_63_soa_only_nods_r100_t518400_5M_25d_19h_29m_49s_kagkarlsson.db-scheduler-4a8a28e=com.github.kagkarlsson.scheduler.SchedulerClientTest.client_should_be_able_to_fetch_executions_for_task_output_1590452992,1590453877,1590453479,398
251-nods-found-batch-output,JON_63_soa_only_nods_r100_t518400_5M_25d_19h_29m_49s_kagkarlsson.db-scheduler-4a8a28e=com.github.kagkarlsson.scheduler.SchedulerClientTest.client_should_be_able_to_schedule_executions_output_1590452992,1590453845,1590453476,369
251-nods-found-batch-output,JON_63_soa_only_nods_r100_t518400_5M_25d_19h_29m_49s_kagkarlsson.db-scheduler-4a8a28e=com.github.kagkarlsson.scheduler.SchedulerClientTest.should_be_able_to_schedule_other_executions_from_an_executionhandler_output_1590452992,1590453844,1590453491,353
251-nods-found-batch-output,JON_63_soa_only_nods_r100_t518400_5M_25d_19h_29m_49s_nationalsecurityagency.timely-3a8cbd3=timely.store.iterators.TimeSeriesGroupingIteratorTest.testAdditionalTimeSeries_output_1590452992,1590454654,1590453488,1166
251-nods-found-batch-output,JON_63_soa_only_nods_r100_t518400_5M_25d_19h_29m_49s_nationalsecurityagency.timely-3a8cbd3=timely.store.iterators.TimeSeriesGroupingIteratorTest.testManySparseTimeSeries_output_1590452992,1590454689,1590453476,1213
251-nods-found-batch-output,JON_63_soa_only_nods_r100_t518400_5M_25d_19h_29m_49s_nationalsecurityagency.timely-3a8cbd3=timely.store.iterators.TimeSeriesGroupingIteratorTest.testTimeSeriesDropOff_output_1590452992,1590454706,1590453499,1207
251-nods-found-batch-output,JON_63_soa_only_nods_r100_t518400_5M_25d_19h_29m_49s_openpojo.openpojo-9badbcc=com.openpojo.issues.issue112.IssueTest.shouldNotFail_output_1590452992,1590454987,1590453499,1488
251-nods-found-batch-output,JON_63_soa_only_nods_r100_t518400_5M_25d_19h_29m_49s_openpojo.openpojo-9badbcc=com.openpojo.validation.rule.impl.TestClassMustEndWithRuleTest.aTestNGClassThatDoesntEndWithTestShouldFail_output_1590452992,1590454631,1590453491,1140
251-nods-found-batch-output,JON_63_soa_only_nods_r100_t518400_5M_25d_19h_29m_49s_openpojo.openpojo-9badbcc=com.openpojo.validation.test.impl.GetterTesterAndSetterTesterTest.shouldPassSetterTest_output_1590452992,1590454878,1590453499,1379
251-nods-found-batch-output,JON_63_soa_only_nods_r100_t518400_5M_25d_19h_29m_49s_openpojo.openpojo-9badbcc=com.openpojo.validation.test.impl.GetterTesterTest.shouldSuccessfullyValidateEvenIfLoggingFails_output_1590452992,1590454576,1590453493,1083
251-nods-found-batch-output,JON_63_soa_only_nods_r100_t518400_5M_25d_19h_29m_49s_openpojo.openpojo-9badbcc=com.openpojo.validation.test.impl.SerializableTesterTest.shouldFailNonSerializableObject_output_1590452992,1590454756,1590453499,1257
251-nods-found-batch-output,JON_63_soa_only_nods_r100_t518400_5M_25d_19h_29m_49s_openpojo.openpojo-9badbcc=com.openpojo.validation.test.impl.SerializableTesterTest.shouldFailOnObjectWrite_output_1590452992,1590454805,1590453493,1312
251-nods-found-batch-output,JON_63_soa_only_nods_r100_t518400_5M_25d_19h_29m_49s_openpojo.openpojo-9badbcc=com.openpojo.validation.test.impl.SerializableTesterTest.shouldFailOnReadObject_output_1590452992,1590454851,1590453491,1360
251-nods-found-batch-output,JON_63_soa_only_nods_r100_t518400_5M_25d_19h_29m_49s_openpojo.openpojo-9badbcc=com.openpojo.validation.test.impl.SerializableTesterTest.shouldFailSerializingSerializableChildOfSerializableParentWithNonSerializableField_output_1590452992,1590454725,1590453500,1225
251-nods-found-batch-output,JON_63_soa_only_nods_r100_t518400_5M_25d_19h_29m_49s_openpojo.openpojo-9badbcc=com.openpojo.validation.test.impl.SerializableTesterTest.shouldNotFailIfNonSerializableIsTransient_output_1590452992,1590454815,1590453499,1316
251-nods-found-batch-output,JON_63_soa_only_nods_r100_t518400_5M_25d_19h_29m_49s_openpojo.openpojo-9badbcc=com.openpojo.validation.test.impl.SerializableTesterTest.shouldPassSerializationTest_output_1590452992,1590454833,1590453499,1334
251-nods-found-batch-output,JON_63_soa_only_nods_r100_t518400_5M_25d_19h_29m_49s_openpojo.openpojo-9badbcc=com.openpojo.validation.test.impl.SerializableTesterTest.shouldSkipOverNonSerializableClass_output_1590452992,1590454565,1590453513,1052
251-nods-found-batch-output,JON_63_soa_only_nods_r100_t518400_5M_25d_19h_29m_49s_openpojo.openpojo-9badbcc=com.openpojo.validation.test.impl.SetterTesterTest.shouldSuccessfullyValidateEvenIfLoggingFails_output_1590452992,1590454377,1590453264,1113
251-nods-found-batch-output,JON_63_soa_only_nods_r100_t518400_5M_25d_19h_29m_49s_openpojo.openpojo-9badbcc=com.openpojo.validation.utils.ValidationHelperTest.shouldReportMissingASMProperly_output_1590452992,1590454671,1590453504,1167
251-nods-found-batch-output,JON_63_soa_only_nods_r100_t518400_5M_25d_19h_29m_49s_openpojo.openpojo-9badbcc=com.openpojo.validation.ValidatorBuilderTest.build_returnsValidator_output_1590452992,1590454817,1590453513,1304
251-nods-found-batch-output,JON_63_soa_only_nods_r100_t518400_5M_25d_19h_29m_49s_openpojo.openpojo-9badbcc=com.openpojo.validation.ValidatorBuilderTest.withRules_persistRules_output_1590452992,1590454662,1590453510,1152
251-nods-found-batch-output,JON_63_soa_only_nods_r100_t518400_5M_25d_19h_29m_49s_openpojo.openpojo-9badbcc=com.openpojo.validation.ValidatorBuilderTest.withTesters_persistRules_output_1590452992,1590454886,1590453547,1339
251-nods-found-batch-output,JON_63_soa_only_nods_r100_t518400_5M_25d_19h_29m_49s_oracle.oci-java-sdk-2e9982f=com.oracle.bmc.objectstorage.transfer.ProgressTrackerTest.singleUploadProgressTrackerFactory_resetProgressTracker_output_1590452992,1590454185,1590453503,682
251-nods-found-batch-output,JON_63_soa_only_nods_r100_t518400_5M_25d_19h_29m_49s_spinn3r.noxy-d53a494=com.spinn3r.noxy.discovery.zookeeper.ZKTest.testMembershipJoinAndLeave_output_1590452992,1590454182,1590453518,664
251-nods-found-batch-output,JON_63_soa_only_nods_r100_t518400_5M_25d_19h_29m_49s_spotify.helios-aebf68d=com.spotify.helios.testing.SimpleTest.simpleTest_output_1590452992,1590460453,1590453522,6931
251-nods-found-batch-output,JON_63_soa_only_nods_r100_t518400_5M_25d_19h_29m_49s_spotify.helios-aebf68d=com.spotify.helios.testing.TempJobFailureTest.testDeploymentFailure_output_1590452992,1590456485,1590453514,2971
251-nods-found-batch-output,JON_63_soa_only_nods_r100_t518400_5M_25d_19h_29m_49s_tootallnate.java-websocket-fa3909c=org.java_websocket.issues.Issue621Test.testIssue_output_1590452992,1590453918,1590453528,390
251-nods-found-batch-output,JON_63_soa_only_nods_r100_t518400_5M_25d_19h_29m_49s_undertow-io.undertow-d0efffa=io.undertow.websockets.jsr.test.extension.JsrWebsocketExtensionTestCase.testLongTextMessage_output_1590452992,1590455246,1590453544,1702
251-nods-found-batch-output,JON_63_soa_only_nods_r100_t518400_5M_25d_19h_29m_49s_undertow-io.undertow-d0efffa=io.undertow.websockets.jsr.test.JsrWebSocketServer13Test.testTextUsingWriter_output_1590452992,1590454421,1590453533,888
251-nods-found-batch-output,JON_63_soa_only_nods_r100_t518400_5M_25d_19h_29m_49s_undertow-io.undertow-d0efffa=io.undertow.websockets.jsr.test.stress.WebsocketStressTestCase.webSocketStringStressTestCase_output_1590452992,1590454908,1590453527,1381
251-nods-found-batch-output,JON_63_soa_only_nods_r100_t518400_5M_25d_19h_29m_49s_wro4j.wro4j-185ab60=ro.isdc.wro.extensions.processor.support.sass.TestRubySassEngine.shouldProcessValidCss_output_1590452992,1590454699,1590453547,1152
251-nods-found-batch-output,JON_63_soa_only_nods_r100_t518400_5M_25d_19h_29m_49s_wro4j.wro4j-185ab60=ro.isdc.wro.extensions.processor.support.sass.TestRubySassEngine.shouldProcessValidNonAsciiSass_output_1590452992,1590454697,1590453539,1158
251-nods-found-batch-output,JON_63_soa_only_nods_r100_t518400_5M_25d_19h_29m_49s_wro4j.wro4j-185ab60=ro.isdc.wro.extensions.processor.support.sass.TestRubySassEngine.shouldProcessValidSass_output_1590452992,1590454647,1590453547,1100
251-nods-found-batch-output,JON_63_soa_only_nods_r100_t518400_5M_25d_19h_29m_49s_wro4j.wro4j-185ab60=ro.isdc.wro.extensions.processor.TestRubySassCssProcessor.executeMultipleTimesDoesntThrowOutOfMemoryException_output_1590452992,1590454812,1590453547,1265
251-nods-found-batch-output,JON_63_soa_only_nods_r100_t518400_5M_25d_19h_29m_49s_wro4j.wro4j-185ab60=ro.isdc.wro.extensions.processor.TestRubySassCssProcessor.shouldBeThreadSafe_output_1590452992,1590454742,1590453547,1195
251-nods-found-batch-output,JON_63_soa_only_nods_r100_t518400_5M_25d_19h_29m_49s_wro4j.wro4j-185ab60=ro.isdc.wro.extensions.processor.TestRubySassCssProcessor.shouldSucceedAfterAFailure_output_1590452992,1590454614,1590453544,1070
251-nods-found-batch-output,JON_63_soa_only_nods_r100_t518400_5M_25d_19h_29m_49s_wro4j.wro4j-185ab60=ro.isdc.wro.extensions.processor.TestRubySassCssProcessor.shouldTestFromFolder_output_1590452992,1590454878,1590453550,1328
251-nods-found-batch-output,JON_63_soa_only_nods_r100_t518400_5M_25d_19h_29m_49s_wso2.carbon-apimgt-a82213e=org.wso2.carbon.apimgt.throttling.siddhi.extension.ThrottleTimeBatchWindowTestCase.throttleTimeWindowBatchTest2_output_1590452992,1590455513,1590453539,1974
251-nods-found-batch-output,JON_63_soa_only_nods_r100_t518400_5M_25d_19h_29m_49s_zalando.riptide-8277e11=org.zalando.riptide.failsafe.RetryAfterDelayFunctionTest.shouldRetryWithDynamicDelayDate_output_1590452992,1590454428,1590453533,895
251-nods-found-batch-output,JON_63_soa_only_nods_r100_t518400_5M_25d_19h_32m_49s_apache.hbase-801fc05=org.apache.hadoop.hbase.procedure2.store.wal.TestWALProcedureStore.testEmptyRoll_output_1590453172,1590454587,1590453621,966
251-nods-found-batch-output,JON_63_soa_only_nods_r100_t518400_5M_25d_19h_32m_49s_apache.hbase-801fc05=org.apache.hadoop.hbase.procedure2.store.wal.TestWALProcedureStore.testRestartWithoutData_output_1590453172,1590454685,1590453623,1062
251-nods-found-batch-output,JON_63_soa_only_nods_r100_t518400_5M_25d_19h_32m_49s_apache.incubator-dubbo-737f7a7=org.apache.dubbo.remoting.transport.netty.ThreadNameTest.testThreadName_output_1590453172,1590454927,1590453635,1292
251-nods-found-batch-output,JON_63_soa_only_nods_r100_t518400_5M_25d_19h_32m_49s_apache.incubator-dubbo-737f7a7=org.apache.dubbo.rpc.protocol.dubbo.ExplicitCallbackTest.TestCallbackMultiInstans_output_1590453172,1590454715,1590453635,1080
251-nods-found-batch-output,JON_63_soa_only_nods_r100_t518400_5M_25d_19h_32m_49s_apache.incubator-dubbo-737f7a7=org.apache.dubbo.rpc.protocol.dubbo.telnet.InvokerTelnetHandlerTest.testInvokeAutoFindMethod_output_1590453172,1590454673,1590453637,1036
251-nods-found-batch-output,JON_63_soa_only_nods_r100_t518400_5M_25d_19h_32m_49s_apache.incubator-dubbo-737f7a7=org.apache.dubbo.rpc.protocol.dubbo.telnet.InvokerTelnetHandlerTest.testInvokeByPassingNullValue_output_1590453172,1590454571,1590453629,942
251-nods-found-batch-output,JON_63_soa_only_nods_r100_t518400_5M_25d_19h_32m_49s_apache.incubator-dubbo-737f7a7=org.apache.dubbo.rpc.protocol.dubbo.telnet.InvokerTelnetHandlerTest.testInvokeDefaultSService_output_1590453172,1590454565,1590453640,925
251-nods-found-batch-output,JON_63_soa_only_nods_r100_t518400_5M_25d_19h_32m_49s_apache.incubator-dubbo-737f7a7=org.apache.dubbo.rpc.protocol.dubbo.telnet.PortTelnetHandlerTest.testListAllPort_output_1590453172,1590454559,1590453629,930
251-nods-found-batch-output,JON_63_soa_only_nods_r100_t518400_5M_25d_19h_32m_49s_apache.incubator-dubbo-737f7a7=org.apache.dubbo.rpc.protocol.dubbo.telnet.PortTelnetHandlerTest.testListDetail_output_1590453172,1590454685,1590453649,1036
251-nods-found-batch-output,JON_63_soa_only_nods_r100_t518400_5M_25d_19h_32m_49s_c2mon.c2mon-d80687b=cern.c2mon.daq.filter.dynamic.DiffMovingAverageTest.testAverage_output_1590453172,1590454050,1590453649,401
251-nods-found-batch-output,JON_63_soa_only_nods_r100_t518400_5M_25d_19h_32m_49s_c2mon.c2mon-d80687b=cern.c2mon.server.common.republisher.RepublisherImplTest.testMultiplePublicationsWithExceptions_output_1590453172,1590454125,1590453632,493
251-nods-found-batch-output,JON_63_soa_only_nods_r100_t518400_5M_25d_19h_32m_49s_davidmoten.rxjava2-extras-d0315b6=com.github.davidmoten.rx2.buffertofile.FlowableOnBackpressureBufferToFileTest.testCancel_output_1590453172,1590454226,1590453632,594
251-nods-found-batch-output,JON_63_soa_only_nods_r100_t518400_5M_25d_19h_32m_49s_elasticjob.elastic-job-lite-b022898=io.elasticjob.lite.internal.failover.FailoverServiceTest.assertGetLocalFailoverItemsIfShutdown_output_1590453172,1590454209,1590453651,558
251-nods-found-batch-output,JON_63_soa_only_nods_r100_t518400_5M_25d_19h_32m_49s_fluent.fluent-logger-java-da14ec3=org.fluentd.logger.TestFluentLogger.testClose_output_1590453172,1590453982,1590453654,328
251-nods-found-batch-output,JON_63_soa_only_nods_r100_t518400_5M_25d_19h_32m_49s_fluent.fluent-logger-java-da14ec3=org.fluentd.logger.TestFluentLogger.testFlushOnClose_output_1590453172,1590454034,1590453658,376
251-nods-found-batch-output,JON_63_soa_only_nods_r100_t518400_5M_25d_19h_32m_49s_fluent.fluent-logger-java-da14ec3=org.fluentd.logger.TestFluentLogger.testInMultiThreading_output_1590453172,1590454407,1590453654,753
251-nods-found-batch-output,JON_63_soa_only_nods_r100_t518400_5M_25d_19h_32m_49s_fluent.fluent-logger-java-da14ec3=org.fluentd.logger.TestFluentLogger.testNormal01_output_1590453172,1590454237,1590453655,582
251-nods-found-batch-output,JON_63_soa_only_nods_r100_t518400_5M_25d_19h_32m_49s_fluent.fluent-logger-java-da14ec3=org.fluentd.logger.TestFluentLogger.testNormal02_output_1590453172,1590454234,1590453658,576
251-nods-found-batch-output,JON_63_soa_only_nods_r100_t518400_5M_25d_19h_32m_49s_kagkarlsson.db-scheduler-4a8a28e=com.github.kagkarlsson.scheduler.compatibility.HsqlCompatibilityTest.test_jdbc_repository_compatibility_with_data_output_1590453172,1590454056,1590453658,398
251-nods-found-batch-output,JON_63_soa_only_nods_r100_t518400_5M_25d_19h_32m_49s_kagkarlsson.db-scheduler-4a8a28e=com.github.kagkarlsson.scheduler.DeadExecutionsTest.scheduler_should_detect_dead_execution_that_never_updated_heartbeat_output_1590453172,1590454078,1590453658,420
251-nods-found-batch-output,JON_63_soa_only_nods_r100_t518400_5M_25d_19h_32m_49s_kagkarlsson.db-scheduler-4a8a28e=com.github.kagkarlsson.scheduler.DeadExecutionsTest.scheduler_should_handle_dead_executions_output_1590453172,1590454043,1590453640,403
251-nods-found-batch-output,JON_63_soa_only_nods_r100_t518400_5M_25d_19h_32m_49s_kagkarlsson.db-scheduler-4a8a28e=com.github.kagkarlsson.scheduler.SchedulerClientTest.client_should_be_able_to_fetch_executions_for_task_output_1590453172,1590454062,1590453658,404
251-nods-found-batch-output,JON_63_soa_only_nods_r100_t518400_5M_25d_19h_32m_49s_kagkarlsson.db-scheduler-4a8a28e=com.github.kagkarlsson.scheduler.SchedulerClientTest.client_should_be_able_to_schedule_executions_output_1590453172,1590454071,1590453661,410
251-nods-found-batch-output,JON_63_soa_only_nods_r100_t518400_5M_25d_19h_32m_49s_kagkarlsson.db-scheduler-4a8a28e=com.github.kagkarlsson.scheduler.SchedulerClientTest.should_be_able_to_schedule_other_executions_from_an_executionhandler_output_1590453172,1590454067,1590453663,404
251-nods-found-batch-output,JON_63_soa_only_nods_r100_t518400_5M_25d_19h_32m_49s_nationalsecurityagency.timely-3a8cbd3=timely.store.iterators.TimeSeriesGroupingIteratorTest.testAdditionalTimeSeries_output_1590453172,1590454784,1590453643,1141
251-nods-found-batch-output,JON_63_soa_only_nods_r100_t518400_5M_25d_19h_32m_49s_nationalsecurityagency.timely-3a8cbd3=timely.store.iterators.TimeSeriesGroupingIteratorTest.testManySparseTimeSeries_output_1590453172,1590454873,1590453646,1227
251-nods-found-batch-output,JON_63_soa_only_nods_r100_t518400_5M_25d_19h_32m_49s_nationalsecurityagency.timely-3a8cbd3=timely.store.iterators.TimeSeriesGroupingIteratorTest.testTimeSeriesDropOff_output_1590453172,1590454820,1590453646,1174
251-nods-found-batch-output,JON_63_soa_only_nods_r100_t518400_5M_25d_19h_32m_49s_openpojo.openpojo-9badbcc=com.openpojo.issues.issue112.IssueTest.shouldNotFail_output_1590453172,1590455072,1590453646,1426
251-nods-found-batch-output,JON_63_soa_only_nods_r100_t518400_5M_25d_19h_32m_49s_openpojo.openpojo-9badbcc=com.openpojo.validation.rule.impl.TestClassMustEndWithRuleTest.aTestNGClassThatDoesntEndWithTestShouldFail_output_1590453172,1590454914,1590453663,1251
251-nods-found-batch-output,JON_63_soa_only_nods_r100_t518400_5M_25d_19h_32m_49s_openpojo.openpojo-9badbcc=com.openpojo.validation.test.impl.GetterTesterAndSetterTesterTest.shouldPassSetterTest_output_1590453172,1590454805,1590453646,1159
251-nods-found-batch-output,JON_63_soa_only_nods_r100_t518400_5M_25d_19h_32m_49s_openpojo.openpojo-9badbcc=com.openpojo.validation.test.impl.GetterTesterTest.shouldSuccessfullyValidateEvenIfLoggingFails_output_1590453172,1590454908,1590453669,1239
251-nods-found-batch-output,JON_63_soa_only_nods_r100_t518400_5M_25d_19h_32m_49s_openpojo.openpojo-9badbcc=com.openpojo.validation.test.impl.SerializableTesterTest.shouldFailNonSerializableObject_output_1590453172,1590454964,1590453669,1295
251-nods-found-batch-output,JON_63_soa_only_nods_r100_t518400_5M_25d_19h_32m_49s_openpojo.openpojo-9badbcc=com.openpojo.validation.test.impl.SerializableTesterTest.shouldFailOnObjectWrite_output_1590453172,1590454783,1590453669,1114
251-nods-found-batch-output,JON_63_soa_only_nods_r100_t518400_5M_25d_19h_32m_49s_openpojo.openpojo-9badbcc=com.openpojo.validation.test.impl.SerializableTesterTest.shouldFailOnReadObject_output_1590453172,1590454838,1590453675,1163
251-nods-found-batch-output,JON_63_soa_only_nods_r100_t518400_5M_25d_19h_32m_49s_openpojo.openpojo-9badbcc=com.openpojo.validation.test.impl.SerializableTesterTest.shouldFailSerializingSerializableChildOfSerializableParentWithNonSerializableField_output_1590453172,1590454755,1590453672,1083
251-nods-found-batch-output,JON_63_soa_only_nods_r100_t518400_5M_25d_19h_32m_49s_openpojo.openpojo-9badbcc=com.openpojo.validation.test.impl.SerializableTesterTest.shouldNotFailIfNonSerializableIsTransient_output_1590453172,1590454823,1590453677,1146
251-nods-found-batch-output,JON_63_soa_only_nods_r100_t518400_5M_25d_19h_32m_49s_openpojo.openpojo-9badbcc=com.openpojo.validation.test.impl.SerializableTesterTest.shouldPassSerializationTest_output_1590453172,1590454868,1590453675,1193
251-nods-found-batch-output,JON_63_soa_only_nods_r100_t518400_5M_25d_19h_32m_49s_openpojo.openpojo-9badbcc=com.openpojo.validation.test.impl.SerializableTesterTest.shouldSkipOverNonSerializableClass_output_1590453172,1590454899,1590453677,1222
251-nods-found-batch-output,JON_63_soa_only_nods_r100_t518400_5M_25d_19h_32m_49s_openpojo.openpojo-9badbcc=com.openpojo.validation.test.impl.SetterTesterTest.shouldSuccessfullyValidateEvenIfLoggingFails_output_1590453172,1590454980,1590453651,1329
251-nods-found-batch-output,JON_63_soa_only_nods_r100_t518400_5M_25d_19h_32m_49s_openpojo.openpojo-9badbcc=com.openpojo.validation.utils.ValidationHelperTest.shouldReportMissingASMProperly_output_1590453172,1590454812,1590453651,1161
251-nods-found-batch-output,JON_63_soa_only_nods_r100_t518400_5M_25d_19h_32m_49s_openpojo.openpojo-9badbcc=com.openpojo.validation.ValidatorBuilderTest.build_returnsValidator_output_1590453172,1590454899,1590453654,1245
251-nods-found-batch-output,JON_63_soa_only_nods_r100_t518400_5M_25d_19h_32m_49s_openpojo.openpojo-9badbcc=com.openpojo.validation.ValidatorBuilderTest.withRules_persistRules_output_1590453172,1590454928,1590453655,1273
251-nods-found-batch-output,JON_63_soa_only_nods_r100_t518400_5M_25d_19h_32m_49s_openpojo.openpojo-9badbcc=com.openpojo.validation.ValidatorBuilderTest.withTesters_persistRules_output_1590453172,1590454717,1590453677,1040
251-nods-found-batch-output,JON_63_soa_only_nods_r100_t518400_5M_25d_19h_32m_49s_oracle.oci-java-sdk-2e9982f=com.oracle.bmc.objectstorage.transfer.ProgressTrackerTest.singleUploadProgressTrackerFactory_resetProgressTracker_output_1590453172,1590454227,1590453677,550
251-nods-found-batch-output,JON_63_soa_only_nods_r100_t518400_5M_25d_19h_32m_49s_spinn3r.noxy-d53a494=com.spinn3r.noxy.discovery.zookeeper.ZKTest.testMembershipJoinAndLeave_output_1590453172,1590454317,1590453654,663
251-nods-found-batch-output,JON_63_soa_only_nods_r100_t518400_5M_25d_19h_32m_49s_spotify.helios-aebf68d=com.spotify.helios.testing.SimpleTest.simpleTest_output_1590453172,1590460459,1590453677,6782
251-nods-found-batch-output,JON_63_soa_only_nods_r100_t518400_5M_25d_19h_32m_49s_spotify.helios-aebf68d=com.spotify.helios.testing.TempJobFailureTest.testDeploymentFailure_output_1590453172,1590456996,1590453680,3316
251-nods-found-batch-output,JON_63_soa_only_nods_r100_t518400_5M_25d_19h_32m_49s_tootallnate.java-websocket-fa3909c=org.java_websocket.issues.Issue621Test.testIssue_output_1590453172,1590454199,1590453677,522
251-nods-found-batch-output,JON_63_soa_only_nods_r100_t518400_5M_25d_19h_32m_49s_undertow-io.undertow-d0efffa=io.undertow.websockets.jsr.test.extension.JsrWebsocketExtensionTestCase.testLongTextMessage_output_1590453172,1590455322,1590453677,1645
251-nods-found-batch-output,JON_63_soa_only_nods_r100_t518400_5M_25d_19h_32m_49s_undertow-io.undertow-d0efffa=io.undertow.websockets.jsr.test.JsrWebSocketServer13Test.testTextUsingWriter_output_1590453172,1590454577,1590453654,923
251-nods-found-batch-output,JON_63_soa_only_nods_r100_t518400_5M_25d_19h_32m_49s_undertow-io.undertow-d0efffa=io.undertow.websockets.jsr.test.stress.WebsocketStressTestCase.webSocketStringStressTestCase_output_1590453172,1590454980,1590453680,1300
251-nods-found-batch-output,JON_63_soa_only_nods_r100_t518400_5M_25d_19h_32m_49s_wro4j.wro4j-185ab60=ro.isdc.wro.extensions.processor.support.sass.TestRubySassEngine.shouldProcessValidCss_output_1590453172,1590454810,1590453677,1133
251-nods-found-batch-output,JON_63_soa_only_nods_r100_t518400_5M_25d_19h_32m_49s_wro4j.wro4j-185ab60=ro.isdc.wro.extensions.processor.support.sass.TestRubySassEngine.shouldProcessValidNonAsciiSass_output_1590453172,1590454750,1590453677,1073
251-nods-found-batch-output,JON_63_soa_only_nods_r100_t518400_5M_25d_19h_32m_49s_wro4j.wro4j-185ab60=ro.isdc.wro.extensions.processor.support.sass.TestRubySassEngine.shouldProcessValidSass_output_1590453172,1590454704,1590453677,1027
251-nods-found-batch-output,JON_63_soa_only_nods_r100_t518400_5M_25d_19h_32m_49s_wro4j.wro4j-185ab60=ro.isdc.wro.extensions.processor.TestRubySassCssProcessor.executeMultipleTimesDoesntThrowOutOfMemoryException_output_1590453172,1590454894,1590453677,1217
251-nods-found-batch-output,JON_63_soa_only_nods_r100_t518400_5M_25d_19h_32m_49s_wro4j.wro4j-185ab60=ro.isdc.wro.extensions.processor.TestRubySassCssProcessor.shouldBeThreadSafe_output_1590453172,1590454848,1590453680,1168
251-nods-found-batch-output,JON_63_soa_only_nods_r100_t518400_5M_25d_19h_32m_49s_wro4j.wro4j-185ab60=ro.isdc.wro.extensions.processor.TestRubySassCssProcessor.shouldSucceedAfterAFailure_output_1590453172,1590454831,1590453683,1148
251-nods-found-batch-output,JON_63_soa_only_nods_r100_t518400_5M_25d_19h_32m_49s_wro4j.wro4j-185ab60=ro.isdc.wro.extensions.processor.TestRubySassCssProcessor.shouldTestFromFolder_output_1590453172,1590454877,1590453683,1194
251-nods-found-batch-output,JON_63_soa_only_nods_r100_t518400_5M_25d_19h_32m_49s_wso2.carbon-apimgt-a82213e=org.wso2.carbon.apimgt.throttling.siddhi.extension.ThrottleTimeBatchWindowTestCase.throttleTimeWindowBatchTest2_output_1590453172,1590455729,1590453680,2049
251-nods-found-batch-output,JON_63_soa_only_nods_r100_t518400_5M_25d_19h_32m_49s_zalando.riptide-8277e11=org.zalando.riptide.failsafe.RetryAfterDelayFunctionTest.shouldRetryWithDynamicDelayDate_output_1590453172,1590454655,1590453680,975
251-nods-found-batch-output,JON_63_soa_only_nods_r100_t518400_5M_25d_19h_35m_49s_apache.hbase-801fc05=org.apache.hadoop.hbase.procedure2.store.wal.TestWALProcedureStore.testEmptyRoll_output_1590453352,1590454832,1590453683,1149
251-nods-found-batch-output,JON_63_soa_only_nods_r100_t518400_5M_25d_19h_35m_49s_apache.hbase-801fc05=org.apache.hadoop.hbase.procedure2.store.wal.TestWALProcedureStore.testRestartWithoutData_output_1590453352,1590454908,1590453683,1225
251-nods-found-batch-output,JON_63_soa_only_nods_r100_t518400_5M_25d_19h_35m_49s_apache.incubator-dubbo-737f7a7=org.apache.dubbo.remoting.transport.netty.ThreadNameTest.testThreadName_output_1590453352,1590455090,1590453701,1389
251-nods-found-batch-output,JON_63_soa_only_nods_r100_t518400_5M_25d_19h_35m_49s_apache.incubator-dubbo-737f7a7=org.apache.dubbo.rpc.protocol.dubbo.ExplicitCallbackTest.TestCallbackMultiInstans_output_1590453352,1590454901,1590453691,1210
251-nods-found-batch-output,JON_63_soa_only_nods_r100_t518400_5M_25d_19h_35m_49s_apache.incubator-dubbo-737f7a7=org.apache.dubbo.rpc.protocol.dubbo.telnet.InvokerTelnetHandlerTest.testInvokeAutoFindMethod_output_1590453352,1590454657,1590453698,959
251-nods-found-batch-output,JON_63_soa_only_nods_r100_t518400_5M_25d_19h_35m_49s_apache.incubator-dubbo-737f7a7=org.apache.dubbo.rpc.protocol.dubbo.telnet.InvokerTelnetHandlerTest.testInvokeByPassingNullValue_output_1590453352,1590454675,1590453701,974
251-nods-found-batch-output,JON_63_soa_only_nods_r100_t518400_5M_25d_19h_35m_49s_apache.incubator-dubbo-737f7a7=org.apache.dubbo.rpc.protocol.dubbo.telnet.InvokerTelnetHandlerTest.testInvokeDefaultSService_output_1590453352,1590454756,1590453706,1050
251-nods-found-batch-output,JON_63_soa_only_nods_r100_t518400_5M_25d_19h_35m_49s_apache.incubator-dubbo-737f7a7=org.apache.dubbo.rpc.protocol.dubbo.telnet.PortTelnetHandlerTest.testListAllPort_output_1590453352,1590454608,1590453691,917
251-nods-found-batch-output,JON_63_soa_only_nods_r100_t518400_5M_25d_19h_35m_49s_apache.incubator-dubbo-737f7a7=org.apache.dubbo.rpc.protocol.dubbo.telnet.PortTelnetHandlerTest.testListDetail_output_1590453352,1590454657,1590453703,954
251-nods-found-batch-output,JON_63_soa_only_nods_r100_t518400_5M_25d_19h_35m_49s_c2mon.c2mon-d80687b=cern.c2mon.daq.filter.dynamic.DiffMovingAverageTest.testAverage_output_1590453352,1590454107,1590453703,404
251-nods-found-batch-output,JON_63_soa_only_nods_r100_t518400_5M_25d_19h_35m_49s_c2mon.c2mon-d80687b=cern.c2mon.server.common.republisher.RepublisherImplTest.testMultiplePublicationsWithExceptions_output_1590453352,1590454162,1590453694,468
251-nods-found-batch-output,JON_63_soa_only_nods_r100_t518400_5M_25d_19h_35m_49s_davidmoten.rxjava2-extras-d0315b6=com.github.davidmoten.rx2.buffertofile.FlowableOnBackpressureBufferToFileTest.testCancel_output_1590453352,1590454289,1590453709,580
251-nods-found-batch-output,JON_63_soa_only_nods_r100_t518400_5M_25d_19h_35m_49s_elasticjob.elastic-job-lite-b022898=io.elasticjob.lite.internal.failover.FailoverServiceTest.assertGetLocalFailoverItemsIfShutdown_output_1590453352,1590454238,1590453709,529
251-nods-found-batch-output,JON_63_soa_only_nods_r100_t518400_5M_25d_19h_35m_49s_fluent.fluent-logger-java-da14ec3=org.fluentd.logger.TestFluentLogger.testClose_output_1590453352,1590454043,1590453709,334
251-nods-found-batch-output,JON_63_soa_only_nods_r100_t518400_5M_25d_19h_35m_49s_fluent.fluent-logger-java-da14ec3=org.fluentd.logger.TestFluentLogger.testFlushOnClose_output_1590453352,1590454063,1590453709,354
251-nods-found-batch-output,JON_63_soa_only_nods_r100_t518400_5M_25d_19h_35m_49s_fluent.fluent-logger-java-da14ec3=org.fluentd.logger.TestFluentLogger.testInMultiThreading_output_1590453352,1590454470,1590453712,758
251-nods-found-batch-output,JON_63_soa_only_nods_r100_t518400_5M_25d_19h_35m_49s_fluent.fluent-logger-java-da14ec3=org.fluentd.logger.TestFluentLogger.testNormal01_output_1590453352,1590454296,1590453712,584
251-nods-found-batch-output,JON_63_soa_only_nods_r100_t518400_5M_25d_19h_35m_49s_fluent.fluent-logger-java-da14ec3=org.fluentd.logger.TestFluentLogger.testNormal02_output_1590453352,1590454289,1590453715,574
251-nods-found-batch-output,JON_63_soa_only_nods_r100_t518400_5M_25d_19h_35m_49s_kagkarlsson.db-scheduler-4a8a28e=com.github.kagkarlsson.scheduler.compatibility.HsqlCompatibilityTest.test_jdbc_repository_compatibility_with_data_output_1590453352,1590454118,1590453717,401
251-nods-found-batch-output,JON_63_soa_only_nods_r100_t518400_5M_25d_19h_35m_49s_kagkarlsson.db-scheduler-4a8a28e=com.github.kagkarlsson.scheduler.DeadExecutionsTest.scheduler_should_detect_dead_execution_that_never_updated_heartbeat_output_1590453352,1590454105,1590453712,393
251-nods-found-batch-output,JON_63_soa_only_nods_r100_t518400_5M_25d_19h_35m_49s_kagkarlsson.db-scheduler-4a8a28e=com.github.kagkarlsson.scheduler.DeadExecutionsTest.scheduler_should_handle_dead_executions_output_1590453352,1590454103,1590453715,388
251-nods-found-batch-output,JON_63_soa_only_nods_r100_t518400_5M_25d_19h_35m_49s_kagkarlsson.db-scheduler-4a8a28e=com.github.kagkarlsson.scheduler.SchedulerClientTest.client_should_be_able_to_fetch_executions_for_task_output_1590453352,1590454104,1590453700,404
251-nods-found-batch-output,JON_63_soa_only_nods_r100_t518400_5M_25d_19h_35m_49s_kagkarlsson.db-scheduler-4a8a28e=com.github.kagkarlsson.scheduler.SchedulerClientTest.client_should_be_able_to_schedule_executions_output_1590453352,1590454117,1590453723,394
251-nods-found-batch-output,JON_63_soa_only_nods_r100_t518400_5M_25d_19h_35m_49s_kagkarlsson.db-scheduler-4a8a28e=com.github.kagkarlsson.scheduler.SchedulerClientTest.should_be_able_to_schedule_other_executions_from_an_executionhandler_output_1590453352,1590454110,1590453720,390
251-nods-found-batch-output,JON_63_soa_only_nods_r100_t518400_5M_25d_19h_35m_49s_nationalsecurityagency.timely-3a8cbd3=timely.store.iterators.TimeSeriesGroupingIteratorTest.testAdditionalTimeSeries_output_1590453352,1590454874,1590453715,1159
251-nods-found-batch-output,JON_63_soa_only_nods_r100_t518400_5M_25d_19h_35m_49s_nationalsecurityagency.timely-3a8cbd3=timely.store.iterators.TimeSeriesGroupingIteratorTest.testManySparseTimeSeries_output_1590453352,1590454946,1590453723,1223
251-nods-found-batch-output,JON_63_soa_only_nods_r100_t518400_5M_25d_19h_35m_49s_nationalsecurityagency.timely-3a8cbd3=timely.store.iterators.TimeSeriesGroupingIteratorTest.testTimeSeriesDropOff_output_1590453352,1590454860,1590453720,1140
251-nods-found-batch-output,JON_63_soa_only_nods_r100_t518400_5M_25d_19h_35m_49s_openpojo.openpojo-9badbcc=com.openpojo.issues.issue112.IssueTest.shouldNotFail_output_1590453352,1590455210,1590453723,1487
251-nods-found-batch-output,JON_63_soa_only_nods_r100_t518400_5M_25d_19h_35m_49s_openpojo.openpojo-9badbcc=com.openpojo.validation.rule.impl.TestClassMustEndWithRuleTest.aTestNGClassThatDoesntEndWithTestShouldFail_output_1590453352,1590454889,1590453723,1166
251-nods-found-batch-output,JON_63_soa_only_nods_r100_t518400_5M_25d_19h_35m_49s_openpojo.openpojo-9badbcc=com.openpojo.validation.test.impl.GetterTesterAndSetterTesterTest.shouldPassSetterTest_output_1590453352,1590454928,1590453726,1202
251-nods-found-batch-output,JON_63_soa_only_nods_r100_t518400_5M_25d_19h_35m_49s_openpojo.openpojo-9badbcc=com.openpojo.validation.test.impl.GetterTesterTest.shouldSuccessfullyValidateEvenIfLoggingFails_output_1590453352,1590454848,1590453733,1115
251-nods-found-batch-output,JON_63_soa_only_nods_r100_t518400_5M_25d_19h_35m_49s_openpojo.openpojo-9badbcc=com.openpojo.validation.test.impl.SerializableTesterTest.shouldFailNonSerializableObject_output_1590453352,1590454940,1590453726,1214
251-nods-found-batch-output,JON_63_soa_only_nods_r100_t518400_5M_25d_19h_35m_49s_openpojo.openpojo-9badbcc=com.openpojo.validation.test.impl.SerializableTesterTest.shouldFailOnObjectWrite_output_1590453352,1590454957,1590453737,1220
251-nods-found-batch-output,JON_63_soa_only_nods_r100_t518400_5M_25d_19h_35m_49s_openpojo.openpojo-9badbcc=com.openpojo.validation.test.impl.SerializableTesterTest.shouldFailOnReadObject_output_1590453352,1590454913,1590453733,1180
251-nods-found-batch-output,JON_63_soa_only_nods_r100_t518400_5M_25d_19h_35m_49s_openpojo.openpojo-9badbcc=com.openpojo.validation.test.impl.SerializableTesterTest.shouldFailSerializingSerializableChildOfSerializableParentWithNonSerializableField_output_1590453352,1590454966,1590453728,1238
251-nods-found-batch-output,JON_63_soa_only_nods_r100_t518400_5M_25d_19h_35m_49s_openpojo.openpojo-9badbcc=com.openpojo.validation.test.impl.SerializableTesterTest.shouldNotFailIfNonSerializableIsTransient_output_1590453352,1590454984,1590453731,1253
251-nods-found-batch-output,JON_63_soa_only_nods_r100_t518400_5M_25d_19h_35m_49s_openpojo.openpojo-9badbcc=com.openpojo.validation.test.impl.SerializableTesterTest.shouldPassSerializationTest_output_1590453352,1590454988,1590453732,1256
251-nods-found-batch-output,JON_63_soa_only_nods_r100_t518400_5M_25d_19h_35m_49s_openpojo.openpojo-9badbcc=com.openpojo.validation.test.impl.SerializableTesterTest.shouldSkipOverNonSerializableClass_output_1590453352,1590454922,1590453737,1185
251-nods-found-batch-output,JON_63_soa_only_nods_r100_t518400_5M_25d_19h_35m_49s_openpojo.openpojo-9badbcc=com.openpojo.validation.test.impl.SetterTesterTest.shouldSuccessfullyValidateEvenIfLoggingFails_output_1590453352,1590454837,1590453728,1109
251-nods-found-batch-output,JON_63_soa_only_nods_r100_t518400_5M_25d_19h_35m_49s_openpojo.openpojo-9badbcc=com.openpojo.validation.utils.ValidationHelperTest.shouldReportMissingASMProperly_output_1590453352,1590454859,1590453731,1128
251-nods-found-batch-output,JON_63_soa_only_nods_r100_t518400_5M_25d_19h_35m_49s_openpojo.openpojo-9badbcc=com.openpojo.validation.ValidatorBuilderTest.build_returnsValidator_output_1590453352,1590454849,1590453734,1115
251-nods-found-batch-output,JON_63_soa_only_nods_r100_t518400_5M_25d_19h_35m_49s_openpojo.openpojo-9badbcc=com.openpojo.validation.ValidatorBuilderTest.withRules_persistRules_output_1590453352,1590454946,1590453745,1201
251-nods-found-batch-output,JON_63_soa_only_nods_r100_t518400_5M_25d_19h_35m_49s_openpojo.openpojo-9badbcc=com.openpojo.validation.ValidatorBuilderTest.withTesters_persistRules_output_1590453352,1590454930,1590453734,1196
251-nods-found-batch-output,JON_63_soa_only_nods_r100_t518400_5M_25d_19h_35m_49s_oracle.oci-java-sdk-2e9982f=com.oracle.bmc.objectstorage.transfer.ProgressTrackerTest.singleUploadProgressTrackerFactory_resetProgressTracker_output_1590453352,1590454336,1590453734,602
251-nods-found-batch-output,JON_63_soa_only_nods_r100_t518400_5M_25d_19h_35m_49s_spinn3r.noxy-d53a494=com.spinn3r.noxy.discovery.zookeeper.ZKTest.testMembershipJoinAndLeave_output_1590453352,1590454457,1590453742,715
251-nods-found-batch-output,JON_63_soa_only_nods_r100_t518400_5M_25d_19h_35m_49s_spotify.helios-aebf68d=com.spotify.helios.testing.SimpleTest.simpleTest_output_1590453352,1590460712,1590453737,6975
251-nods-found-batch-output,JON_63_soa_only_nods_r100_t518400_5M_25d_19h_35m_49s_spotify.helios-aebf68d=com.spotify.helios.testing.TempJobFailureTest.testDeploymentFailure_output_1590453352,1590456960,1590453734,3226
251-nods-found-batch-output,JON_63_soa_only_nods_r100_t518400_5M_25d_19h_35m_49s_tootallnate.java-websocket-fa3909c=org.java_websocket.issues.Issue621Test.testIssue_output_1590453352,1590454176,1590453742,434
251-nods-found-batch-output,JON_63_soa_only_nods_r100_t518400_5M_25d_19h_35m_49s_undertow-io.undertow-d0efffa=io.undertow.websockets.jsr.test.extension.JsrWebsocketExtensionTestCase.testLongTextMessage_output_1590453352,1590455543,1590453758,1785
251-nods-found-batch-output,JON_63_soa_only_nods_r100_t518400_5M_25d_19h_35m_49s_undertow-io.undertow-d0efffa=io.undertow.websockets.jsr.test.JsrWebSocketServer13Test.testTextUsingWriter_output_1590453352,1590454623,1590453701,922
251-nods-found-batch-output,JON_63_soa_only_nods_r100_t518400_5M_25d_19h_35m_49s_undertow-io.undertow-d0efffa=io.undertow.websockets.jsr.test.stress.WebsocketStressTestCase.webSocketStringStressTestCase_output_1590453352,1590454973,1590453740,1233
251-nods-found-batch-output,JON_63_soa_only_nods_r100_t518400_5M_25d_19h_35m_49s_wro4j.wro4j-185ab60=ro.isdc.wro.extensions.processor.support.sass.TestRubySassEngine.shouldProcessValidCss_output_1590453352,1590454774,1590453742,1032
251-nods-found-batch-output,JON_63_soa_only_nods_r100_t518400_5M_25d_19h_35m_49s_wro4j.wro4j-185ab60=ro.isdc.wro.extensions.processor.support.sass.TestRubySassEngine.shouldProcessValidNonAsciiSass_output_1590453352,1590454858,1590453746,1112
251-nods-found-batch-output,JON_63_soa_only_nods_r100_t518400_5M_25d_19h_35m_49s_wro4j.wro4j-185ab60=ro.isdc.wro.extensions.processor.support.sass.TestRubySassEngine.shouldProcessValidSass_output_1590453352,1590454969,1590453749,1220
251-nods-found-batch-output,JON_63_soa_only_nods_r100_t518400_5M_25d_19h_35m_49s_wro4j.wro4j-185ab60=ro.isdc.wro.extensions.processor.TestRubySassCssProcessor.executeMultipleTimesDoesntThrowOutOfMemoryException_output_1590453352,1590454949,1590453740,1209
251-nods-found-batch-output,JON_63_soa_only_nods_r100_t518400_5M_25d_19h_35m_49s_wro4j.wro4j-185ab60=ro.isdc.wro.extensions.processor.TestRubySassCssProcessor.shouldBeThreadSafe_output_1590453352,1590455092,1590453749,1343
251-nods-found-batch-output,JON_63_soa_only_nods_r100_t518400_5M_25d_19h_35m_49s_wro4j.wro4j-185ab60=ro.isdc.wro.extensions.processor.TestRubySassCssProcessor.shouldSucceedAfterAFailure_output_1590453352,1590454849,1590453752,1097
251-nods-found-batch-output,JON_63_soa_only_nods_r100_t518400_5M_25d_19h_35m_49s_wro4j.wro4j-185ab60=ro.isdc.wro.extensions.processor.TestRubySassCssProcessor.shouldTestFromFolder_output_1590453352,1590454984,1590453746,1238
251-nods-found-batch-output,JON_63_soa_only_nods_r100_t518400_5M_25d_19h_35m_49s_wso2.carbon-apimgt-a82213e=org.wso2.carbon.apimgt.throttling.siddhi.extension.ThrottleTimeBatchWindowTestCase.throttleTimeWindowBatchTest2_output_1590453352,1590455875,1590453749,2126
251-nods-found-batch-output,JON_63_soa_only_nods_r100_t518400_5M_25d_19h_35m_49s_zalando.riptide-8277e11=org.zalando.riptide.failsafe.RetryAfterDelayFunctionTest.shouldRetryWithDynamicDelayDate_output_1590453352,1590454690,1590453746,944
251-nods-found-batch-output,JON_63_soa_only_nods_r100_t518400_5M_25d_19h_38m_49s_apache.hbase-801fc05=org.apache.hadoop.hbase.procedure2.store.wal.TestWALProcedureStore.testEmptyRoll_output_1590453532,1590455007,1590453803,1204
251-nods-found-batch-output,JON_63_soa_only_nods_r100_t518400_5M_25d_19h_38m_49s_apache.hbase-801fc05=org.apache.hadoop.hbase.procedure2.store.wal.TestWALProcedureStore.testRestartWithoutData_output_1590453532,1590455125,1590453812,1313
251-nods-found-batch-output,JON_63_soa_only_nods_r100_t518400_5M_25d_19h_38m_49s_apache.incubator-dubbo-737f7a7=org.apache.dubbo.remoting.transport.netty.ThreadNameTest.testThreadName_output_1590453532,1590455005,1590453812,1193
251-nods-found-batch-output,JON_63_soa_only_nods_r100_t518400_5M_25d_19h_38m_49s_apache.incubator-dubbo-737f7a7=org.apache.dubbo.rpc.protocol.dubbo.ExplicitCallbackTest.TestCallbackMultiInstans_output_1590453532,1590454676,1590453815,861
251-nods-found-batch-output,JON_63_soa_only_nods_r100_t518400_5M_25d_19h_38m_49s_apache.incubator-dubbo-737f7a7=org.apache.dubbo.rpc.protocol.dubbo.telnet.InvokerTelnetHandlerTest.testInvokeAutoFindMethod_output_1590453532,1590454566,1590453815,751
251-nods-found-batch-output,JON_63_soa_only_nods_r100_t518400_5M_25d_19h_38m_49s_apache.incubator-dubbo-737f7a7=org.apache.dubbo.rpc.protocol.dubbo.telnet.InvokerTelnetHandlerTest.testInvokeByPassingNullValue_output_1590453532,1590454786,1590453823,963
251-nods-found-batch-output,JON_63_soa_only_nods_r100_t518400_5M_25d_19h_38m_49s_apache.incubator-dubbo-737f7a7=org.apache.dubbo.rpc.protocol.dubbo.telnet.InvokerTelnetHandlerTest.testInvokeDefaultSService_output_1590453532,1590454793,1590453823,970
251-nods-found-batch-output,JON_63_soa_only_nods_r100_t518400_5M_25d_19h_38m_49s_apache.incubator-dubbo-737f7a7=org.apache.dubbo.rpc.protocol.dubbo.telnet.PortTelnetHandlerTest.testListAllPort_output_1590453532,1590454782,1590453829,953
251-nods-found-batch-output,JON_63_soa_only_nods_r100_t518400_5M_25d_19h_38m_49s_apache.incubator-dubbo-737f7a7=org.apache.dubbo.rpc.protocol.dubbo.telnet.PortTelnetHandlerTest.testListDetail_output_1590453532,1590454607,1590453829,778
251-nods-found-batch-output,JON_63_soa_only_nods_r100_t518400_5M_25d_19h_38m_49s_c2mon.c2mon-d80687b=cern.c2mon.daq.filter.dynamic.DiffMovingAverageTest.testAverage_output_1590453532,1590454184,1590453829,355
251-nods-found-batch-output,JON_63_soa_only_nods_r100_t518400_5M_25d_19h_38m_49s_c2mon.c2mon-d80687b=cern.c2mon.server.common.republisher.RepublisherImplTest.testMultiplePublicationsWithExceptions_output_1590453532,1590454299,1590453829,470
251-nods-found-batch-output,JON_63_soa_only_nods_r100_t518400_5M_25d_19h_38m_49s_davidmoten.rxjava2-extras-d0315b6=com.github.davidmoten.rx2.buffertofile.FlowableOnBackpressureBufferToFileTest.testCancel_output_1590453532,1590454253,1590453809,444
251-nods-found-batch-output,JON_63_soa_only_nods_r100_t518400_5M_25d_19h_38m_49s_elasticjob.elastic-job-lite-b022898=io.elasticjob.lite.internal.failover.FailoverServiceTest.assertGetLocalFailoverItemsIfShutdown_output_1590453532,1590454363,1590453834,529
251-nods-found-batch-output,JON_63_soa_only_nods_r100_t518400_5M_25d_19h_38m_49s_fluent.fluent-logger-java-da14ec3=org.fluentd.logger.TestFluentLogger.testClose_output_1590453532,1590454138,1590453831,307
251-nods-found-batch-output,JON_63_soa_only_nods_r100_t518400_5M_25d_19h_38m_49s_fluent.fluent-logger-java-da14ec3=org.fluentd.logger.TestFluentLogger.testFlushOnClose_output_1590453532,1590454180,1590453834,346
251-nods-found-batch-output,JON_63_soa_only_nods_r100_t518400_5M_25d_19h_38m_49s_fluent.fluent-logger-java-da14ec3=org.fluentd.logger.TestFluentLogger.testInMultiThreading_output_1590453532,1590454551,1590453834,717
251-nods-found-batch-output,JON_63_soa_only_nods_r100_t518400_5M_25d_19h_38m_49s_fluent.fluent-logger-java-da14ec3=org.fluentd.logger.TestFluentLogger.testNormal01_output_1590453532,1590454401,1590453834,567
251-nods-found-batch-output,JON_63_soa_only_nods_r100_t518400_5M_25d_19h_38m_49s_fluent.fluent-logger-java-da14ec3=org.fluentd.logger.TestFluentLogger.testNormal02_output_1590453532,1590454414,1590453843,571
251-nods-found-batch-output,JON_63_soa_only_nods_r100_t518400_5M_25d_19h_38m_49s_kagkarlsson.db-scheduler-4a8a28e=com.github.kagkarlsson.scheduler.compatibility.HsqlCompatibilityTest.test_jdbc_repository_compatibility_with_data_output_1590453532,1590454237,1590453844,393
251-nods-found-batch-output,JON_63_soa_only_nods_r100_t518400_5M_25d_19h_38m_49s_kagkarlsson.db-scheduler-4a8a28e=com.github.kagkarlsson.scheduler.DeadExecutionsTest.scheduler_should_detect_dead_execution_that_never_updated_heartbeat_output_1590453532,1590454237,1590453847,390
251-nods-found-batch-output,JON_63_soa_only_nods_r100_t518400_5M_25d_19h_38m_49s_kagkarlsson.db-scheduler-4a8a28e=com.github.kagkarlsson.scheduler.DeadExecutionsTest.scheduler_should_handle_dead_executions_output_1590453532,1590454235,1590453843,392
251-nods-found-batch-output,JON_63_soa_only_nods_r100_t518400_5M_25d_19h_38m_49s_kagkarlsson.db-scheduler-4a8a28e=com.github.kagkarlsson.scheduler.SchedulerClientTest.client_should_be_able_to_fetch_executions_for_task_output_1590453532,1590454213,1590453843,370
251-nods-found-batch-output,JON_63_soa_only_nods_r100_t518400_5M_25d_19h_38m_49s_kagkarlsson.db-scheduler-4a8a28e=com.github.kagkarlsson.scheduler.SchedulerClientTest.client_should_be_able_to_schedule_executions_output_1590453532,1590454218,1590453843,375
251-nods-found-batch-output,JON_63_soa_only_nods_r100_t518400_5M_25d_19h_38m_49s_kagkarlsson.db-scheduler-4a8a28e=com.github.kagkarlsson.scheduler.SchedulerClientTest.should_be_able_to_schedule_other_executions_from_an_executionhandler_output_1590453532,1590454201,1590453843,358
251-nods-found-batch-output,JON_63_soa_only_nods_r100_t518400_5M_25d_19h_38m_49s_nationalsecurityagency.timely-3a8cbd3=timely.store.iterators.TimeSeriesGroupingIteratorTest.testAdditionalTimeSeries_output_1590453532,1590454975,1590453849,1126
251-nods-found-batch-output,JON_63_soa_only_nods_r100_t518400_5M_25d_19h_38m_49s_nationalsecurityagency.timely-3a8cbd3=timely.store.iterators.TimeSeriesGroupingIteratorTest.testManySparseTimeSeries_output_1590453532,1590454746,1590453809,937
251-nods-found-batch-output,JON_63_soa_only_nods_r100_t518400_5M_25d_19h_38m_49s_nationalsecurityagency.timely-3a8cbd3=timely.store.iterators.TimeSeriesGroupingIteratorTest.testTimeSeriesDropOff_output_1590453532,1590455017,1590453847,1170
251-nods-found-batch-output,JON_63_soa_only_nods_r100_t518400_5M_25d_19h_38m_49s_openpojo.openpojo-9badbcc=com.openpojo.issues.issue112.IssueTest.shouldNotFail_output_1590453532,1590455210,1590453849,1361
251-nods-found-batch-output,JON_63_soa_only_nods_r100_t518400_5M_25d_19h_38m_49s_openpojo.openpojo-9badbcc=com.openpojo.validation.rule.impl.TestClassMustEndWithRuleTest.aTestNGClassThatDoesntEndWithTestShouldFail_output_1590453532,1590455019,1590453847,1172
251-nods-found-batch-output,JON_63_soa_only_nods_r100_t518400_5M_25d_19h_38m_49s_openpojo.openpojo-9badbcc=com.openpojo.validation.test.impl.GetterTesterAndSetterTesterTest.shouldPassSetterTest_output_1590453532,1590455079,1590453857,1222
251-nods-found-batch-output,JON_63_soa_only_nods_r100_t518400_5M_25d_19h_38m_49s_openpojo.openpojo-9badbcc=com.openpojo.validation.test.impl.GetterTesterTest.shouldSuccessfullyValidateEvenIfLoggingFails_output_1590453532,1590454979,1590453846,1133
251-nods-found-batch-output,JON_63_soa_only_nods_r100_t518400_5M_25d_19h_38m_49s_openpojo.openpojo-9badbcc=com.openpojo.validation.test.impl.SerializableTesterTest.shouldFailNonSerializableObject_output_1590453532,1590455051,1590453849,1202
251-nods-found-batch-output,JON_63_soa_only_nods_r100_t518400_5M_25d_19h_38m_49s_openpojo.openpojo-9badbcc=com.openpojo.validation.test.impl.SerializableTesterTest.shouldFailOnObjectWrite_output_1590453532,1590455093,1590453852,1241
251-nods-found-batch-output,JON_63_soa_only_nods_r100_t518400_5M_25d_19h_38m_49s_openpojo.openpojo-9badbcc=com.openpojo.validation.test.impl.SerializableTesterTest.shouldFailOnReadObject_output_1590453532,1590454994,1590453849,1145
251-nods-found-batch-output,JON_63_soa_only_nods_r100_t518400_5M_25d_19h_38m_49s_openpojo.openpojo-9badbcc=com.openpojo.validation.test.impl.SerializableTesterTest.shouldFailSerializingSerializableChildOfSerializableParentWithNonSerializableField_output_1590453532,1590455085,1590453855,1230
251-nods-found-batch-output,JON_63_soa_only_nods_r100_t518400_5M_25d_19h_38m_49s_openpojo.openpojo-9badbcc=com.openpojo.validation.test.impl.SerializableTesterTest.shouldNotFailIfNonSerializableIsTransient_output_1590453532,1590455054,1590453858,1196
251-nods-found-batch-output,JON_63_soa_only_nods_r100_t518400_5M_25d_19h_38m_49s_openpojo.openpojo-9badbcc=com.openpojo.validation.test.impl.SerializableTesterTest.shouldPassSerializationTest_output_1590453532,1590454987,1590453858,1129
251-nods-found-batch-output,JON_63_soa_only_nods_r100_t518400_5M_25d_19h_38m_49s_openpojo.openpojo-9badbcc=com.openpojo.validation.test.impl.SerializableTesterTest.shouldSkipOverNonSerializableClass_output_1590453532,1590454956,1590453855,1101
251-nods-found-batch-output,JON_63_soa_only_nods_r100_t518400_5M_25d_19h_38m_49s_openpojo.openpojo-9badbcc=com.openpojo.validation.test.impl.SetterTesterTest.shouldSuccessfullyValidateEvenIfLoggingFails_output_1590453532,1590455048,1590453855,1193
251-nods-found-batch-output,JON_63_soa_only_nods_r100_t518400_5M_25d_19h_38m_49s_openpojo.openpojo-9badbcc=com.openpojo.validation.utils.ValidationHelperTest.shouldReportMissingASMProperly_output_1590453532,1590455029,1590453861,1168
251-nods-found-batch-output,JON_63_soa_only_nods_r100_t518400_5M_25d_19h_38m_49s_openpojo.openpojo-9badbcc=com.openpojo.validation.ValidatorBuilderTest.build_returnsValidator_output_1590453532,1590455052,1590453855,1197
251-nods-found-batch-output,JON_63_soa_only_nods_r100_t518400_5M_25d_19h_38m_49s_openpojo.openpojo-9badbcc=com.openpojo.validation.ValidatorBuilderTest.withRules_persistRules_output_1590453532,1590455046,1590453858,1188
251-nods-found-batch-output,JON_63_soa_only_nods_r100_t518400_5M_25d_19h_38m_49s_openpojo.openpojo-9badbcc=com.openpojo.validation.ValidatorBuilderTest.withTesters_persistRules_output_1590453532,1590455082,1590453858,1224
251-nods-found-batch-output,JON_63_soa_only_nods_r100_t518400_5M_25d_19h_38m_49s_oracle.oci-java-sdk-2e9982f=com.oracle.bmc.objectstorage.transfer.ProgressTrackerTest.singleUploadProgressTrackerFactory_resetProgressTracker_output_1590453532,1590454390,1590453863,527
251-nods-found-batch-output,JON_63_soa_only_nods_r100_t518400_5M_25d_19h_38m_49s_spinn3r.noxy-d53a494=com.spinn3r.noxy.discovery.zookeeper.ZKTest.testMembershipJoinAndLeave_output_1590453532,1590454472,1590453863,609
251-nods-found-batch-output,JON_63_soa_only_nods_r100_t518400_5M_25d_19h_38m_49s_spotify.helios-aebf68d=com.spotify.helios.testing.SimpleTest.simpleTest_output_1590453532,1590460692,1590453866,6826
251-nods-found-batch-output,JON_63_soa_only_nods_r100_t518400_5M_25d_19h_38m_49s_spotify.helios-aebf68d=com.spotify.helios.testing.TempJobFailureTest.testDeploymentFailure_output_1590453532,1590457026,1590453866,3160
251-nods-found-batch-output,JON_63_soa_only_nods_r100_t518400_5M_25d_19h_38m_49s_tootallnate.java-websocket-fa3909c=org.java_websocket.issues.Issue621Test.testIssue_output_1590453532,1590454291,1590453866,425
251-nods-found-batch-output,JON_63_soa_only_nods_r100_t518400_5M_25d_19h_38m_49s_undertow-io.undertow-d0efffa=io.undertow.websockets.jsr.test.extension.JsrWebsocketExtensionTestCase.testLongTextMessage_output_1590453532,1590455549,1590453872,1677
251-nods-found-batch-output,JON_63_soa_only_nods_r100_t518400_5M_25d_19h_38m_49s_undertow-io.undertow-d0efffa=io.undertow.websockets.jsr.test.JsrWebSocketServer13Test.testTextUsingWriter_output_1590453532,1590454785,1590453869,916
251-nods-found-batch-output,JON_63_soa_only_nods_r100_t518400_5M_25d_19h_38m_49s_undertow-io.undertow-d0efffa=io.undertow.websockets.jsr.test.stress.WebsocketStressTestCase.webSocketStringStressTestCase_output_1590453532,1590455203,1590453878,1325
251-nods-found-batch-output,JON_63_soa_only_nods_r100_t518400_5M_25d_19h_38m_49s_wro4j.wro4j-185ab60=ro.isdc.wro.extensions.processor.support.sass.TestRubySassEngine.shouldProcessValidCss_output_1590453532,1590455029,1590453878,1151
251-nods-found-batch-output,JON_63_soa_only_nods_r100_t518400_5M_25d_19h_38m_49s_wro4j.wro4j-185ab60=ro.isdc.wro.extensions.processor.support.sass.TestRubySassEngine.shouldProcessValidNonAsciiSass_output_1590453532,1590454946,1590453878,1068
251-nods-found-batch-output,JON_63_soa_only_nods_r100_t518400_5M_25d_19h_38m_49s_wro4j.wro4j-185ab60=ro.isdc.wro.extensions.processor.support.sass.TestRubySassEngine.shouldProcessValidSass_output_1590453532,1590454985,1590453869,1116
251-nods-found-batch-output,JON_63_soa_only_nods_r100_t518400_5M_25d_19h_38m_49s_wro4j.wro4j-185ab60=ro.isdc.wro.extensions.processor.TestRubySassCssProcessor.executeMultipleTimesDoesntThrowOutOfMemoryException_output_1590453532,1590455230,1590453881,1349
251-nods-found-batch-output,JON_63_soa_only_nods_r100_t518400_5M_25d_19h_38m_49s_wro4j.wro4j-185ab60=ro.isdc.wro.extensions.processor.TestRubySassCssProcessor.shouldBeThreadSafe_output_1590453532,1590455125,1590453872,1253
251-nods-found-batch-output,JON_63_soa_only_nods_r100_t518400_5M_25d_19h_38m_49s_wro4j.wro4j-185ab60=ro.isdc.wro.extensions.processor.TestRubySassCssProcessor.shouldSucceedAfterAFailure_output_1590453532,1590454953,1590453872,1081
251-nods-found-batch-output,JON_63_soa_only_nods_r100_t518400_5M_25d_19h_38m_49s_wro4j.wro4j-185ab60=ro.isdc.wro.extensions.processor.TestRubySassCssProcessor.shouldTestFromFolder_output_1590453532,1590455164,1590453875,1289
251-nods-found-batch-output,JON_63_soa_only_nods_r100_t518400_5M_25d_19h_38m_49s_wso2.carbon-apimgt-a82213e=org.wso2.carbon.apimgt.throttling.siddhi.extension.ThrottleTimeBatchWindowTestCase.throttleTimeWindowBatchTest2_output_1590453532,1590455978,1590453878,2100
251-nods-found-batch-output,JON_63_soa_only_nods_r100_t518400_5M_25d_19h_38m_49s_zalando.riptide-8277e11=org.zalando.riptide.failsafe.RetryAfterDelayFunctionTest.shouldRetryWithDynamicDelayDate_output_1590453532,1590454937,1590453880,1057
251-nods-found-batch-output,JON_63_soa_only_nods_r100_t518400_5M_25d_19h_41m_49s_apache.hbase-801fc05=org.apache.hadoop.hbase.procedure2.store.wal.TestWALProcedureStore.testEmptyRoll_output_1590453712,1590455045,1590453936,1109
251-nods-found-batch-output,JON_63_soa_only_nods_r100_t518400_5M_25d_19h_41m_49s_apache.hbase-801fc05=org.apache.hadoop.hbase.procedure2.store.wal.TestWALProcedureStore.testRestartWithoutData_output_1590453712,1590455220,1590453947,1273
251-nods-found-batch-output,JON_63_soa_only_nods_r100_t518400_5M_25d_19h_41m_49s_apache.incubator-dubbo-737f7a7=org.apache.dubbo.remoting.transport.netty.ThreadNameTest.testThreadName_output_1590453712,1590455311,1590453947,1364
251-nods-found-batch-output,JON_63_soa_only_nods_r100_t518400_5M_25d_19h_41m_49s_apache.incubator-dubbo-737f7a7=org.apache.dubbo.rpc.protocol.dubbo.ExplicitCallbackTest.TestCallbackMultiInstans_output_1590453712,1590455071,1590453947,1124
251-nods-found-batch-output,JON_63_soa_only_nods_r100_t518400_5M_25d_19h_41m_49s_apache.incubator-dubbo-737f7a7=org.apache.dubbo.rpc.protocol.dubbo.telnet.InvokerTelnetHandlerTest.testInvokeAutoFindMethod_output_1590453712,1590454942,1590453947,995
251-nods-found-batch-output,JON_63_soa_only_nods_r100_t518400_5M_25d_19h_41m_49s_c2mon.c2mon-d80687b=cern.c2mon.daq.filter.dynamic.DiffMovingAverageTest.testAverage_output_1590453712,1590454350,1590453953,397
251-nods-found-batch-output,JON_63_soa_only_nods_r100_t518400_5M_25d_19h_41m_49s_apache.incubator-dubbo-737f7a7=org.apache.dubbo.rpc.protocol.dubbo.telnet.InvokerTelnetHandlerTest.testInvokeByPassingNullValue_output_1590453712,1590455038,1590453947,1091
251-nods-found-batch-output,JON_63_soa_only_nods_r100_t518400_5M_25d_19h_41m_49s_apache.incubator-dubbo-737f7a7=org.apache.dubbo.rpc.protocol.dubbo.telnet.InvokerTelnetHandlerTest.testInvokeDefaultSService_output_1590453712,1590454934,1590453950,984
251-nods-found-batch-output,JON_63_soa_only_nods_r100_t518400_5M_25d_19h_41m_49s_apache.incubator-dubbo-737f7a7=org.apache.dubbo.rpc.protocol.dubbo.telnet.PortTelnetHandlerTest.testListAllPort_output_1590453712,1590454937,1590453950,987
251-nods-found-batch-output,JON_63_soa_only_nods_r100_t518400_5M_25d_19h_41m_49s_apache.incubator-dubbo-737f7a7=org.apache.dubbo.rpc.protocol.dubbo.telnet.PortTelnetHandlerTest.testListDetail_output_1590453712,1590454877,1590453947,930
251-nods-found-batch-output,JON_63_soa_only_nods_r100_t518400_5M_25d_19h_41m_49s_c2mon.c2mon-d80687b=cern.c2mon.server.common.republisher.RepublisherImplTest.testMultiplePublicationsWithExceptions_output_1590453712,1590454454,1590453961,493
251-nods-found-batch-output,JON_63_soa_only_nods_r100_t518400_5M_25d_19h_41m_49s_davidmoten.rxjava2-extras-d0315b6=com.github.davidmoten.rx2.buffertofile.FlowableOnBackpressureBufferToFileTest.testCancel_output_1590453712,1590454571,1590453950,621
251-nods-found-batch-output,JON_63_soa_only_nods_r100_t518400_5M_25d_19h_41m_49s_elasticjob.elastic-job-lite-b022898=io.elasticjob.lite.internal.failover.FailoverServiceTest.assertGetLocalFailoverItemsIfShutdown_output_1590453712,1590454499,1590453953,546
251-nods-found-batch-output,JON_63_soa_only_nods_r100_t518400_5M_25d_19h_41m_49s_fluent.fluent-logger-java-da14ec3=org.fluentd.logger.TestFluentLogger.testClose_output_1590453712,1590454309,1590453967,342
251-nods-found-batch-output,JON_63_soa_only_nods_r100_t518400_5M_25d_19h_41m_49s_fluent.fluent-logger-java-da14ec3=org.fluentd.logger.TestFluentLogger.testFlushOnClose_output_1590453712,1590454330,1590453967,363
251-nods-found-batch-output,JON_63_soa_only_nods_r100_t518400_5M_25d_19h_41m_49s_fluent.fluent-logger-java-da14ec3=org.fluentd.logger.TestFluentLogger.testInMultiThreading_output_1590453712,1590454709,1590453956,753
251-nods-found-batch-output,JON_63_soa_only_nods_r100_t518400_5M_25d_19h_41m_49s_fluent.fluent-logger-java-da14ec3=org.fluentd.logger.TestFluentLogger.testNormal01_output_1590453712,1590454565,1590453967,598
251-nods-found-batch-output,JON_63_soa_only_nods_r100_t518400_5M_25d_19h_41m_49s_fluent.fluent-logger-java-da14ec3=org.fluentd.logger.TestFluentLogger.testNormal02_output_1590453712,1590454571,1590453970,601
251-nods-found-batch-output,JON_63_soa_only_nods_r100_t518400_5M_25d_19h_41m_49s_kagkarlsson.db-scheduler-4a8a28e=com.github.kagkarlsson.scheduler.compatibility.HsqlCompatibilityTest.test_jdbc_repository_compatibility_with_data_output_1590453712,1590454384,1590453970,414
251-nods-found-batch-output,JON_63_soa_only_nods_r100_t518400_5M_25d_19h_41m_49s_kagkarlsson.db-scheduler-4a8a28e=com.github.kagkarlsson.scheduler.DeadExecutionsTest.scheduler_should_detect_dead_execution_that_never_updated_heartbeat_output_1590453712,1590454363,1590453947,416
251-nods-found-batch-output,JON_63_soa_only_nods_r100_t518400_5M_25d_19h_41m_49s_kagkarlsson.db-scheduler-4a8a28e=com.github.kagkarlsson.scheduler.DeadExecutionsTest.scheduler_should_handle_dead_executions_output_1590453712,1590454368,1590453970,398
251-nods-found-batch-output,JON_63_soa_only_nods_r100_t518400_5M_25d_19h_41m_49s_kagkarlsson.db-scheduler-4a8a28e=com.github.kagkarlsson.scheduler.SchedulerClientTest.client_should_be_able_to_fetch_executions_for_task_output_1590453712,1590454388,1590453970,418
251-nods-found-batch-output,JON_63_soa_only_nods_r100_t518400_5M_25d_19h_41m_49s_kagkarlsson.db-scheduler-4a8a28e=com.github.kagkarlsson.scheduler.SchedulerClientTest.client_should_be_able_to_schedule_executions_output_1590453712,1590454374,1590453970,404
251-nods-found-batch-output,JON_63_soa_only_nods_r100_t518400_5M_25d_19h_41m_49s_kagkarlsson.db-scheduler-4a8a28e=com.github.kagkarlsson.scheduler.SchedulerClientTest.should_be_able_to_schedule_other_executions_from_an_executionhandler_output_1590453712,1590454384,1590453973,411
251-nods-found-batch-output,JON_63_soa_only_nods_r100_t518400_5M_25d_19h_41m_49s_nationalsecurityagency.timely-3a8cbd3=timely.store.iterators.TimeSeriesGroupingIteratorTest.testAdditionalTimeSeries_output_1590453712,1590455232,1590453975,1257
251-nods-found-batch-output,JON_63_soa_only_nods_r100_t518400_5M_25d_19h_41m_49s_nationalsecurityagency.timely-3a8cbd3=timely.store.iterators.TimeSeriesGroupingIteratorTest.testManySparseTimeSeries_output_1590453712,1590455265,1590453973,1292
251-nods-found-batch-output,JON_63_soa_only_nods_r100_t518400_5M_25d_19h_41m_49s_nationalsecurityagency.timely-3a8cbd3=timely.store.iterators.TimeSeriesGroupingIteratorTest.testTimeSeriesDropOff_output_1590453712,1590455185,1590453975,1210
251-nods-found-batch-output,JON_63_soa_only_nods_r100_t518400_5M_25d_19h_41m_49s_openpojo.openpojo-9badbcc=com.openpojo.issues.issue112.IssueTest.shouldNotFail_output_1590453712,1590455477,1590453973,1504
251-nods-found-batch-output,JON_63_soa_only_nods_r100_t518400_5M_25d_19h_41m_49s_openpojo.openpojo-9badbcc=com.openpojo.validation.rule.impl.TestClassMustEndWithRuleTest.aTestNGClassThatDoesntEndWithTestShouldFail_output_1590453712,1590455263,1590453975,1288
251-nods-found-batch-output,JON_63_soa_only_nods_r100_t518400_5M_25d_19h_41m_49s_openpojo.openpojo-9badbcc=com.openpojo.validation.test.impl.GetterTesterAndSetterTesterTest.shouldPassSetterTest_output_1590453712,1590455287,1590453973,1314
251-nods-found-batch-output,JON_63_soa_only_nods_r100_t518400_5M_25d_19h_41m_49s_openpojo.openpojo-9badbcc=com.openpojo.validation.test.impl.GetterTesterTest.shouldSuccessfullyValidateEvenIfLoggingFails_output_1590453712,1590455281,1590453970,1311
251-nods-found-batch-output,JON_63_soa_only_nods_r100_t518400_5M_25d_19h_41m_49s_openpojo.openpojo-9badbcc=com.openpojo.validation.test.impl.SerializableTesterTest.shouldFailNonSerializableObject_output_1590453712,1590455341,1590453985,1356
251-nods-found-batch-output,JON_63_soa_only_nods_r100_t518400_5M_25d_19h_41m_49s_openpojo.openpojo-9badbcc=com.openpojo.validation.test.impl.SerializableTesterTest.shouldFailOnObjectWrite_output_1590453712,1590455098,1590453982,1116
251-nods-found-batch-output,JON_63_soa_only_nods_r100_t518400_5M_25d_19h_41m_49s_openpojo.openpojo-9badbcc=com.openpojo.validation.test.impl.SerializableTesterTest.shouldFailOnReadObject_output_1590453712,1590455267,1590453982,1285
251-nods-found-batch-output,JON_63_soa_only_nods_r100_t518400_5M_25d_19h_41m_49s_openpojo.openpojo-9badbcc=com.openpojo.validation.test.impl.SerializableTesterTest.shouldFailSerializingSerializableChildOfSerializableParentWithNonSerializableField_output_1590453712,1590455350,1590453979,1371
251-nods-found-batch-output,JON_63_soa_only_nods_r100_t518400_5M_25d_19h_41m_49s_openpojo.openpojo-9badbcc=com.openpojo.validation.test.impl.SerializableTesterTest.shouldNotFailIfNonSerializableIsTransient_output_1590453712,1590455364,1590453985,1379
251-nods-found-batch-output,JON_63_soa_only_nods_r100_t518400_5M_25d_19h_41m_49s_openpojo.openpojo-9badbcc=com.openpojo.validation.test.impl.SerializableTesterTest.shouldPassSerializationTest_output_1590453712,1590455241,1590453990,1251
251-nods-found-batch-output,JON_63_soa_only_nods_r100_t518400_5M_25d_19h_41m_49s_openpojo.openpojo-9badbcc=com.openpojo.validation.test.impl.SerializableTesterTest.shouldSkipOverNonSerializableClass_output_1590453712,1590455217,1590453990,1227
251-nods-found-batch-output,JON_63_soa_only_nods_r100_t518400_5M_25d_19h_41m_49s_openpojo.openpojo-9badbcc=com.openpojo.validation.test.impl.SetterTesterTest.shouldSuccessfullyValidateEvenIfLoggingFails_output_1590453712,1590455338,1590453996,1342
251-nods-found-batch-output,JON_63_soa_only_nods_r100_t518400_5M_25d_19h_41m_49s_openpojo.openpojo-9badbcc=com.openpojo.validation.utils.ValidationHelperTest.shouldReportMissingASMProperly_output_1590453712,1590455265,1590453985,1280
251-nods-found-batch-output,JON_63_soa_only_nods_r100_t518400_5M_25d_19h_41m_49s_openpojo.openpojo-9badbcc=com.openpojo.validation.ValidatorBuilderTest.build_returnsValidator_output_1590453712,1590455278,1590453993,1285
251-nods-found-batch-output,JON_63_soa_only_nods_r100_t518400_5M_25d_19h_41m_49s_openpojo.openpojo-9badbcc=com.openpojo.validation.ValidatorBuilderTest.withRules_persistRules_output_1590453712,1590455224,1590453990,1234
251-nods-found-batch-output,JON_63_soa_only_nods_r100_t518400_5M_25d_19h_41m_49s_openpojo.openpojo-9badbcc=com.openpojo.validation.ValidatorBuilderTest.withTesters_persistRules_output_1590453712,1590455310,1590454028,1282
251-nods-found-batch-output,JON_63_soa_only_nods_r100_t518400_5M_25d_19h_41m_49s_oracle.oci-java-sdk-2e9982f=com.oracle.bmc.objectstorage.transfer.ProgressTrackerTest.singleUploadProgressTrackerFactory_resetProgressTracker_output_1590453712,1590454599,1590454013,586
251-nods-found-batch-output,JON_63_soa_only_nods_r100_t518400_5M_25d_19h_41m_49s_spinn3r.noxy-d53a494=com.spinn3r.noxy.discovery.zookeeper.ZKTest.testMembershipJoinAndLeave_output_1590453712,1590454684,1590453988,696
251-nods-found-batch-output,JON_63_soa_only_nods_r100_t518400_5M_25d_19h_41m_49s_spotify.helios-aebf68d=com.spotify.helios.testing.SimpleTest.simpleTest_output_1590453712,1590461468,1590454036,7432
251-nods-found-batch-output,JON_63_soa_only_nods_r100_t518400_5M_25d_19h_41m_49s_spotify.helios-aebf68d=com.spotify.helios.testing.TempJobFailureTest.testDeploymentFailure_output_1590453712,1590457386,1590454039,3347
251-nods-found-batch-output,JON_63_soa_only_nods_r100_t518400_5M_25d_19h_41m_49s_tootallnate.java-websocket-fa3909c=org.java_websocket.issues.Issue621Test.testIssue_output_1590453712,1590454511,1590454051,460
251-nods-found-batch-output,JON_63_soa_only_nods_r100_t518400_5M_25d_19h_41m_49s_undertow-io.undertow-d0efffa=io.undertow.websockets.jsr.test.extension.JsrWebsocketExtensionTestCase.testLongTextMessage_output_1590453712,1590455673,1590454021,1652
251-nods-found-batch-output,JON_63_soa_only_nods_r100_t518400_5M_25d_19h_41m_49s_undertow-io.undertow-d0efffa=io.undertow.websockets.jsr.test.JsrWebSocketServer13Test.testTextUsingWriter_output_1590453712,1590454939,1590454031,908
251-nods-found-batch-output,JON_63_soa_only_nods_r100_t518400_5M_25d_19h_41m_49s_undertow-io.undertow-d0efffa=io.undertow.websockets.jsr.test.stress.WebsocketStressTestCase.webSocketStringStressTestCase_output_1590453712,1590455355,1590454034,1321
251-nods-found-batch-output,JON_63_soa_only_nods_r100_t518400_5M_25d_19h_41m_49s_wro4j.wro4j-185ab60=ro.isdc.wro.extensions.processor.support.sass.TestRubySassEngine.shouldProcessValidCss_output_1590453712,1590455176,1590454013,1163
251-nods-found-batch-output,JON_63_soa_only_nods_r100_t518400_5M_25d_19h_41m_49s_wro4j.wro4j-185ab60=ro.isdc.wro.extensions.processor.support.sass.TestRubySassEngine.shouldProcessValidNonAsciiSass_output_1590453712,1590455239,1590454028,1211
251-nods-found-batch-output,JON_63_soa_only_nods_r100_t518400_5M_25d_19h_41m_49s_wro4j.wro4j-185ab60=ro.isdc.wro.extensions.processor.support.sass.TestRubySassEngine.shouldProcessValidSass_output_1590453712,1590455187,1590454031,1156
251-nods-found-batch-output,JON_63_soa_only_nods_r100_t518400_5M_25d_19h_41m_49s_wro4j.wro4j-185ab60=ro.isdc.wro.extensions.processor.TestRubySassCssProcessor.executeMultipleTimesDoesntThrowOutOfMemoryException_output_1590453712,1590455282,1590454031,1251
251-nods-found-batch-output,JON_63_soa_only_nods_r100_t518400_5M_25d_19h_41m_49s_wro4j.wro4j-185ab60=ro.isdc.wro.extensions.processor.TestRubySassCssProcessor.shouldBeThreadSafe_output_1590453712,1590455242,1590454025,1217
251-nods-found-batch-output,JON_63_soa_only_nods_r100_t518400_5M_25d_19h_41m_49s_wro4j.wro4j-185ab60=ro.isdc.wro.extensions.processor.TestRubySassCssProcessor.shouldSucceedAfterAFailure_output_1590453712,1590455193,1590454018,1175
251-nods-found-batch-output,JON_63_soa_only_nods_r100_t518400_5M_25d_19h_41m_49s_wro4j.wro4j-185ab60=ro.isdc.wro.extensions.processor.TestRubySassCssProcessor.shouldTestFromFolder_output_1590453712,1590455248,1590454031,1217
251-nods-found-batch-output,JON_63_soa_only_nods_r100_t518400_5M_25d_19h_41m_49s_wso2.carbon-apimgt-a82213e=org.wso2.carbon.apimgt.throttling.siddhi.extension.ThrottleTimeBatchWindowTestCase.throttleTimeWindowBatchTest2_output_1590453712,1590456124,1590454036,2088
251-nods-found-batch-output,JON_63_soa_only_nods_r100_t518400_5M_25d_19h_41m_49s_zalando.riptide-8277e11=org.zalando.riptide.failsafe.RetryAfterDelayFunctionTest.shouldRetryWithDynamicDelayDate_output_1590453712,1590455086,1590454054,1032
251-nods-found-batch-output,JON_63_soa_only_nods_r100_t518400_5M_25d_19h_44m_49s_apache.hbase-801fc05=org.apache.hadoop.hbase.procedure2.store.wal.TestWALProcedureStore.testEmptyRoll_output_1590453892,1590455201,1590454144,1057
251-nods-found-batch-output,JON_63_soa_only_nods_r100_t518400_5M_25d_19h_44m_49s_apache.hbase-801fc05=org.apache.hadoop.hbase.procedure2.store.wal.TestWALProcedureStore.testRestartWithoutData_output_1590453892,1590455225,1590454146,1079
251-nods-found-batch-output,JON_63_soa_only_nods_r100_t518400_5M_25d_19h_44m_49s_apache.incubator-dubbo-737f7a7=org.apache.dubbo.remoting.transport.netty.ThreadNameTest.testThreadName_output_1590453892,1590455366,1590454152,1214
251-nods-found-batch-output,JON_63_soa_only_nods_r100_t518400_5M_25d_19h_44m_49s_apache.incubator-dubbo-737f7a7=org.apache.dubbo.rpc.protocol.dubbo.ExplicitCallbackTest.TestCallbackMultiInstans_output_1590453892,1590455207,1590454149,1058
251-nods-found-batch-output,JON_63_soa_only_nods_r100_t518400_5M_25d_19h_44m_49s_apache.incubator-dubbo-737f7a7=org.apache.dubbo.rpc.protocol.dubbo.telnet.InvokerTelnetHandlerTest.testInvokeAutoFindMethod_output_1590453892,1590455090,1590454155,935
251-nods-found-batch-output,JON_63_soa_only_nods_r100_t518400_5M_25d_19h_44m_49s_c2mon.c2mon-d80687b=cern.c2mon.daq.filter.dynamic.DiffMovingAverageTest.testAverage_output_1590453892,1590454503,1590454179,324
251-nods-found-batch-output,JON_63_soa_only_nods_r100_t518400_5M_25d_19h_44m_49s_apache.incubator-dubbo-737f7a7=org.apache.dubbo.rpc.protocol.dubbo.telnet.InvokerTelnetHandlerTest.testInvokeByPassingNullValue_output_1590453892,1590455074,1590454158,916
251-nods-found-batch-output,JON_63_soa_only_nods_r100_t518400_5M_25d_19h_44m_49s_apache.incubator-dubbo-737f7a7=org.apache.dubbo.rpc.protocol.dubbo.telnet.InvokerTelnetHandlerTest.testInvokeDefaultSService_output_1590453892,1590455093,1590454158,935
251-nods-found-batch-output,JON_63_soa_only_nods_r100_t518400_5M_25d_19h_44m_49s_apache.incubator-dubbo-737f7a7=org.apache.dubbo.rpc.protocol.dubbo.telnet.PortTelnetHandlerTest.testListAllPort_output_1590453892,1590455228,1590454179,1049
251-nods-found-batch-output,JON_63_soa_only_nods_r100_t518400_5M_25d_19h_44m_49s_apache.incubator-dubbo-737f7a7=org.apache.dubbo.rpc.protocol.dubbo.telnet.PortTelnetHandlerTest.testListDetail_output_1590453892,1590455196,1590454176,1020
251-nods-found-batch-output,JON_63_soa_only_nods_r100_t518400_5M_25d_19h_44m_49s_c2mon.c2mon-d80687b=cern.c2mon.server.common.republisher.RepublisherImplTest.testMultiplePublicationsWithExceptions_output_1590453892,1590454658,1590454173,485
251-nods-found-batch-output,JON_63_soa_only_nods_r100_t518400_5M_25d_19h_44m_49s_davidmoten.rxjava2-extras-d0315b6=com.github.davidmoten.rx2.buffertofile.FlowableOnBackpressureBufferToFileTest.testCancel_output_1590453892,1590454778,1590454176,602
251-nods-found-batch-output,JON_63_soa_only_nods_r100_t518400_5M_25d_19h_44m_49s_elasticjob.elastic-job-lite-b022898=io.elasticjob.lite.internal.failover.FailoverServiceTest.assertGetLocalFailoverItemsIfShutdown_output_1590453892,1590454744,1590454176,568
251-nods-found-batch-output,JON_63_soa_only_nods_r100_t518400_5M_25d_19h_44m_49s_fluent.fluent-logger-java-da14ec3=org.fluentd.logger.TestFluentLogger.testClose_output_1590453892,1590454505,1590454179,326
251-nods-found-batch-output,JON_63_soa_only_nods_r100_t518400_5M_25d_19h_44m_49s_fluent.fluent-logger-java-da14ec3=org.fluentd.logger.TestFluentLogger.testFlushOnClose_output_1590453892,1590454584,1590454179,405
251-nods-found-batch-output,JON_63_soa_only_nods_r100_t518400_5M_25d_19h_44m_49s_fluent.fluent-logger-java-da14ec3=org.fluentd.logger.TestFluentLogger.testInMultiThreading_output_1590453892,1590454954,1590454181,773
251-nods-found-batch-output,JON_63_soa_only_nods_r100_t518400_5M_25d_19h_44m_49s_fluent.fluent-logger-java-da14ec3=org.fluentd.logger.TestFluentLogger.testNormal01_output_1590453892,1590454774,1590454179,595
251-nods-found-batch-output,JON_63_soa_only_nods_r100_t518400_5M_25d_19h_44m_49s_fluent.fluent-logger-java-da14ec3=org.fluentd.logger.TestFluentLogger.testNormal02_output_1590453892,1590454778,1590454181,597
251-nods-found-batch-output,JON_63_soa_only_nods_r100_t518400_5M_25d_19h_44m_49s_kagkarlsson.db-scheduler-4a8a28e=com.github.kagkarlsson.scheduler.compatibility.HsqlCompatibilityTest.test_jdbc_repository_compatibility_with_data_output_1590453892,1590454602,1590454181,421
251-nods-found-batch-output,JON_63_soa_only_nods_r100_t518400_5M_25d_19h_44m_49s_kagkarlsson.db-scheduler-4a8a28e=com.github.kagkarlsson.scheduler.DeadExecutionsTest.scheduler_should_detect_dead_execution_that_never_updated_heartbeat_output_1590453892,1590454606,1590454184,422
251-nods-found-batch-output,JON_63_soa_only_nods_r100_t518400_5M_25d_19h_44m_49s_kagkarlsson.db-scheduler-4a8a28e=com.github.kagkarlsson.scheduler.DeadExecutionsTest.scheduler_should_handle_dead_executions_output_1590453892,1590454589,1590454184,405
251-nods-found-batch-output,JON_63_soa_only_nods_r100_t518400_5M_25d_19h_44m_49s_kagkarlsson.db-scheduler-4a8a28e=com.github.kagkarlsson.scheduler.SchedulerClientTest.client_should_be_able_to_fetch_executions_for_task_output_1590453892,1590454610,1590454187,423
251-nods-found-batch-output,JON_63_soa_only_nods_r100_t518400_5M_25d_19h_44m_49s_kagkarlsson.db-scheduler-4a8a28e=com.github.kagkarlsson.scheduler.SchedulerClientTest.client_should_be_able_to_schedule_executions_output_1590453892,1590454584,1590454181,403
251-nods-found-batch-output,JON_63_soa_only_nods_r100_t518400_5M_25d_19h_44m_49s_kagkarlsson.db-scheduler-4a8a28e=com.github.kagkarlsson.scheduler.SchedulerClientTest.should_be_able_to_schedule_other_executions_from_an_executionhandler_output_1590453892,1590454627,1590454195,432
251-nods-found-batch-output,JON_63_soa_only_nods_r100_t518400_5M_25d_19h_44m_49s_nationalsecurityagency.timely-3a8cbd3=timely.store.iterators.TimeSeriesGroupingIteratorTest.testAdditionalTimeSeries_output_1590453892,1590455482,1590454184,1298
251-nods-found-batch-output,JON_63_soa_only_nods_r100_t518400_5M_25d_19h_44m_49s_nationalsecurityagency.timely-3a8cbd3=timely.store.iterators.TimeSeriesGroupingIteratorTest.testManySparseTimeSeries_output_1590453892,1590455348,1590454190,1158
251-nods-found-batch-output,JON_63_soa_only_nods_r100_t518400_5M_25d_19h_44m_49s_nationalsecurityagency.timely-3a8cbd3=timely.store.iterators.TimeSeriesGroupingIteratorTest.testTimeSeriesDropOff_output_1590453892,1590455439,1590454195,1244
251-nods-found-batch-output,JON_63_soa_only_nods_r100_t518400_5M_25d_19h_44m_49s_openpojo.openpojo-9badbcc=com.openpojo.issues.issue112.IssueTest.shouldNotFail_output_1590453892,1590455747,1590454190,1557
251-nods-found-batch-output,JON_63_soa_only_nods_r100_t518400_5M_25d_19h_44m_49s_openpojo.openpojo-9badbcc=com.openpojo.validation.rule.impl.TestClassMustEndWithRuleTest.aTestNGClassThatDoesntEndWithTestShouldFail_output_1590453892,1590455493,1590454193,1300
251-nods-found-batch-output,JON_63_soa_only_nods_r100_t518400_5M_25d_19h_44m_49s_openpojo.openpojo-9badbcc=com.openpojo.validation.test.impl.GetterTesterAndSetterTesterTest.shouldPassSetterTest_output_1590453892,1590455465,1590454190,1275
251-nods-found-batch-output,JON_63_soa_only_nods_r100_t518400_5M_25d_19h_44m_49s_openpojo.openpojo-9badbcc=com.openpojo.validation.test.impl.GetterTesterTest.shouldSuccessfullyValidateEvenIfLoggingFails_output_1590453892,1590455501,1590454193,1308
251-nods-found-batch-output,JON_63_soa_only_nods_r100_t518400_5M_25d_19h_44m_49s_openpojo.openpojo-9badbcc=com.openpojo.validation.test.impl.SerializableTesterTest.shouldFailNonSerializableObject_output_1590453892,1590455201,1590454146,1055
251-nods-found-batch-output,JON_63_soa_only_nods_r100_t518400_5M_25d_19h_44m_49s_openpojo.openpojo-9badbcc=com.openpojo.validation.test.impl.SerializableTesterTest.shouldFailOnObjectWrite_output_1590453892,1590455297,1590454193,1104
251-nods-found-batch-output,JON_63_soa_only_nods_r100_t518400_5M_25d_19h_44m_49s_openpojo.openpojo-9badbcc=com.openpojo.validation.test.impl.SerializableTesterTest.shouldFailOnReadObject_output_1590453892,1590455445,1590454195,1250
251-nods-found-batch-output,JON_63_soa_only_nods_r100_t518400_5M_25d_19h_44m_49s_openpojo.openpojo-9badbcc=com.openpojo.validation.test.impl.SerializableTesterTest.shouldFailSerializingSerializableChildOfSerializableParentWithNonSerializableField_output_1590453892,1590455490,1590454195,1295
251-nods-found-batch-output,JON_63_soa_only_nods_r100_t518400_5M_25d_19h_44m_49s_openpojo.openpojo-9badbcc=com.openpojo.validation.test.impl.SerializableTesterTest.shouldNotFailIfNonSerializableIsTransient_output_1590453892,1590455207,1590454198,1009
251-nods-found-batch-output,JON_63_soa_only_nods_r100_t518400_5M_25d_19h_44m_49s_openpojo.openpojo-9badbcc=com.openpojo.validation.test.impl.SerializableTesterTest.shouldPassSerializationTest_output_1590453892,1590455502,1590454213,1289
251-nods-found-batch-output,JON_63_soa_only_nods_r100_t518400_5M_25d_19h_44m_49s_openpojo.openpojo-9badbcc=com.openpojo.validation.test.impl.SerializableTesterTest.shouldSkipOverNonSerializableClass_output_1590453892,1590455504,1590454195,1309
251-nods-found-batch-output,JON_63_soa_only_nods_r100_t518400_5M_25d_19h_44m_49s_openpojo.openpojo-9badbcc=com.openpojo.validation.test.impl.SetterTesterTest.shouldSuccessfullyValidateEvenIfLoggingFails_output_1590453892,1590455451,1590454198,1253
251-nods-found-batch-output,JON_63_soa_only_nods_r100_t518400_5M_25d_19h_44m_49s_openpojo.openpojo-9badbcc=com.openpojo.validation.utils.ValidationHelperTest.shouldReportMissingASMProperly_output_1590453892,1590455298,1590454201,1097
251-nods-found-batch-output,JON_63_soa_only_nods_r100_t518400_5M_25d_19h_44m_49s_openpojo.openpojo-9badbcc=com.openpojo.validation.ValidatorBuilderTest.build_returnsValidator_output_1590453892,1590455391,1590454231,1160
251-nods-found-batch-output,JON_63_soa_only_nods_r100_t518400_5M_25d_19h_44m_49s_openpojo.openpojo-9badbcc=com.openpojo.validation.ValidatorBuilderTest.withRules_persistRules_output_1590453892,1590455421,1590454236,1185
251-nods-found-batch-output,JON_63_soa_only_nods_r100_t518400_5M_25d_19h_44m_49s_openpojo.openpojo-9badbcc=com.openpojo.validation.ValidatorBuilderTest.withTesters_persistRules_output_1590453892,1590455329,1590454201,1128
251-nods-found-batch-output,JON_63_soa_only_nods_r100_t518400_5M_25d_19h_44m_49s_oracle.oci-java-sdk-2e9982f=com.oracle.bmc.objectstorage.transfer.ProgressTrackerTest.singleUploadProgressTrackerFactory_resetProgressTracker_output_1590453892,1590454888,1590454204,684
251-nods-found-batch-output,JON_63_soa_only_nods_r100_t518400_5M_25d_19h_44m_49s_spinn3r.noxy-d53a494=com.spinn3r.noxy.discovery.zookeeper.ZKTest.testMembershipJoinAndLeave_output_1590453892,1590454944,1590454236,708
251-nods-found-batch-output,JON_63_soa_only_nods_r100_t518400_5M_25d_19h_44m_49s_spotify.helios-aebf68d=com.spotify.helios.testing.SimpleTest.simpleTest_output_1590453892,1590461337,1590454236,7101
251-nods-found-batch-output,JON_63_soa_only_nods_r100_t518400_5M_25d_19h_44m_49s_spotify.helios-aebf68d=com.spotify.helios.testing.TempJobFailureTest.testDeploymentFailure_output_1590453892,1590458018,1590454213,3805
251-nods-found-batch-output,JON_63_soa_only_nods_r100_t518400_5M_25d_19h_44m_49s_tootallnate.java-websocket-fa3909c=org.java_websocket.issues.Issue621Test.testIssue_output_1590453892,1590454762,1590454250,512
251-nods-found-batch-output,JON_63_soa_only_nods_r100_t518400_5M_25d_19h_44m_49s_undertow-io.undertow-d0efffa=io.undertow.websockets.jsr.test.extension.JsrWebsocketExtensionTestCase.testLongTextMessage_output_1590453892,1590455835,1590454245,1590
251-nods-found-batch-output,JON_63_soa_only_nods_r100_t518400_5M_25d_19h_44m_49s_undertow-io.undertow-d0efffa=io.undertow.websockets.jsr.test.JsrWebSocketServer13Test.testTextUsingWriter_output_1590453892,1590455156,1590454242,914
251-nods-found-batch-output,JON_63_soa_only_nods_r100_t518400_5M_25d_19h_44m_49s_undertow-io.undertow-d0efffa=io.undertow.websockets.jsr.test.stress.WebsocketStressTestCase.webSocketStringStressTestCase_output_1590453892,1590455655,1590454245,1410
251-nods-found-batch-output,JON_63_soa_only_nods_r100_t518400_5M_25d_19h_44m_49s_wro4j.wro4j-185ab60=ro.isdc.wro.extensions.processor.support.sass.TestRubySassEngine.shouldProcessValidCss_output_1590453892,1590455408,1590454245,1163
251-nods-found-batch-output,JON_63_soa_only_nods_r100_t518400_5M_25d_19h_44m_49s_wro4j.wro4j-185ab60=ro.isdc.wro.extensions.processor.support.sass.TestRubySassEngine.shouldProcessValidNonAsciiSass_output_1590453892,1590455434,1590454245,1189
251-nods-found-batch-output,JON_63_soa_only_nods_r100_t518400_5M_25d_19h_44m_49s_wro4j.wro4j-185ab60=ro.isdc.wro.extensions.processor.support.sass.TestRubySassEngine.shouldProcessValidSass_output_1590453892,1590455405,1590454245,1160
251-nods-found-batch-output,JON_63_soa_only_nods_r100_t518400_5M_25d_19h_44m_49s_wro4j.wro4j-185ab60=ro.isdc.wro.extensions.processor.TestRubySassCssProcessor.executeMultipleTimesDoesntThrowOutOfMemoryException_output_1590453892,1590455623,1590454280,1343
251-nods-found-batch-output,JON_63_soa_only_nods_r100_t518400_5M_25d_19h_44m_49s_wro4j.wro4j-185ab60=ro.isdc.wro.extensions.processor.TestRubySassCssProcessor.shouldBeThreadSafe_output_1590453892,1590455558,1590454262,1296
251-nods-found-batch-output,JON_63_soa_only_nods_r100_t518400_5M_25d_19h_44m_49s_wro4j.wro4j-185ab60=ro.isdc.wro.extensions.processor.TestRubySassCssProcessor.shouldSucceedAfterAFailure_output_1590453892,1590455410,1590454256,1154
251-nods-found-batch-output,JON_63_soa_only_nods_r100_t518400_5M_25d_19h_44m_49s_wro4j.wro4j-185ab60=ro.isdc.wro.extensions.processor.TestRubySassCssProcessor.shouldTestFromFolder_output_1590453892,1590455561,1590454269,1292
251-nods-found-batch-output,JON_63_soa_only_nods_r100_t518400_5M_25d_19h_44m_49s_wso2.carbon-apimgt-a82213e=org.wso2.carbon.apimgt.throttling.siddhi.extension.ThrottleTimeBatchWindowTestCase.throttleTimeWindowBatchTest2_output_1590453892,1590456411,1590454262,2149
251-nods-found-batch-output,JON_63_soa_only_nods_r100_t518400_5M_25d_19h_44m_49s_zalando.riptide-8277e11=org.zalando.riptide.failsafe.RetryAfterDelayFunctionTest.shouldRetryWithDynamicDelayDate_output_1590453892,1590455311,1590454277,1034
251-nods-found-batch-output,JON_63_soa_only_nods_r100_t518400_5M_25d_19h_47m_49s_apache.hbase-801fc05=org.apache.hadoop.hbase.procedure2.store.wal.TestWALProcedureStore.testEmptyRoll_output_1590454072,1590455415,1590454295,1120
251-nods-found-batch-output,JON_63_soa_only_nods_r100_t518400_5M_25d_19h_47m_49s_apache.hbase-801fc05=org.apache.hadoop.hbase.procedure2.store.wal.TestWALProcedureStore.testRestartWithoutData_output_1590454072,1590455539,1590454298,1241
251-nods-found-batch-output,JON_63_soa_only_nods_r100_t518400_5M_25d_19h_47m_49s_apache.incubator-dubbo-737f7a7=org.apache.dubbo.remoting.transport.netty.ThreadNameTest.testThreadName_output_1590454072,1590455718,1590454311,1407
251-nods-found-batch-output,JON_63_soa_only_nods_r100_t518400_5M_25d_19h_47m_49s_apache.incubator-dubbo-737f7a7=org.apache.dubbo.rpc.protocol.dubbo.ExplicitCallbackTest.TestCallbackMultiInstans_output_1590454072,1590455449,1590454316,1133
251-nods-found-batch-output,JON_63_soa_only_nods_r100_t518400_5M_25d_19h_47m_49s_apache.incubator-dubbo-737f7a7=org.apache.dubbo.rpc.protocol.dubbo.telnet.InvokerTelnetHandlerTest.testInvokeAutoFindMethod_output_1590454072,1590455334,1590454314,1020
251-nods-found-batch-output,JON_63_soa_only_nods_r100_t518400_5M_25d_19h_47m_49s_apache.incubator-dubbo-737f7a7=org.apache.dubbo.rpc.protocol.dubbo.telnet.InvokerTelnetHandlerTest.testInvokeByPassingNullValue_output_1590454072,1590455292,1590454320,972
251-nods-found-batch-output,JON_63_soa_only_nods_r100_t518400_5M_25d_19h_47m_49s_apache.incubator-dubbo-737f7a7=org.apache.dubbo.rpc.protocol.dubbo.telnet.InvokerTelnetHandlerTest.testInvokeDefaultSService_output_1590454072,1590455603,1590454318,1285
251-nods-found-batch-output,JON_63_soa_only_nods_r100_t518400_5M_25d_19h_47m_49s_apache.incubator-dubbo-737f7a7=org.apache.dubbo.rpc.protocol.dubbo.telnet.PortTelnetHandlerTest.testListAllPort_output_1590454072,1590455334,1590454320,1014
251-nods-found-batch-output,JON_63_soa_only_nods_r100_t518400_5M_25d_19h_47m_49s_apache.incubator-dubbo-737f7a7=org.apache.dubbo.rpc.protocol.dubbo.telnet.PortTelnetHandlerTest.testListDetail_output_1590454072,1590455327,1590454320,1007
251-nods-found-batch-output,JON_63_soa_only_nods_r100_t518400_5M_25d_19h_47m_49s_c2mon.c2mon-d80687b=cern.c2mon.daq.filter.dynamic.DiffMovingAverageTest.testAverage_output_1590454072,1590454726,1590454321,405
251-nods-found-batch-output,JON_63_soa_only_nods_r100_t518400_5M_25d_19h_47m_49s_c2mon.c2mon-d80687b=cern.c2mon.server.common.republisher.RepublisherImplTest.testMultiplePublicationsWithExceptions_output_1590454072,1590454806,1590454322,484
251-nods-found-batch-output,JON_63_soa_only_nods_r100_t518400_5M_25d_19h_47m_49s_davidmoten.rxjava2-extras-d0315b6=com.github.davidmoten.rx2.buffertofile.FlowableOnBackpressureBufferToFileTest.testCancel_output_1590454072,1590454902,1590454314,588
251-nods-found-batch-output,JON_63_soa_only_nods_r100_t518400_5M_25d_19h_47m_49s_elasticjob.elastic-job-lite-b022898=io.elasticjob.lite.internal.failover.FailoverServiceTest.assertGetLocalFailoverItemsIfShutdown_output_1590454072,1590454900,1590454325,575
251-nods-found-batch-output,JON_63_soa_only_nods_r100_t518400_5M_25d_19h_47m_49s_fluent.fluent-logger-java-da14ec3=org.fluentd.logger.TestFluentLogger.testClose_output_1590454072,1590454656,1590454327,329
251-nods-found-batch-output,JON_63_soa_only_nods_r100_t518400_5M_25d_19h_47m_49s_fluent.fluent-logger-java-da14ec3=org.fluentd.logger.TestFluentLogger.testFlushOnClose_output_1590454072,1590454705,1590454325,380
251-nods-found-batch-output,JON_63_soa_only_nods_r100_t518400_5M_25d_19h_47m_49s_fluent.fluent-logger-java-da14ec3=org.fluentd.logger.TestFluentLogger.testInMultiThreading_output_1590454072,1590455084,1590454332,752
251-nods-found-batch-output,JON_63_soa_only_nods_r100_t518400_5M_25d_19h_47m_49s_fluent.fluent-logger-java-da14ec3=org.fluentd.logger.TestFluentLogger.testNormal01_output_1590454072,1590454921,1590454332,589
251-nods-found-batch-output,JON_63_soa_only_nods_r100_t518400_5M_25d_19h_47m_49s_fluent.fluent-logger-java-da14ec3=org.fluentd.logger.TestFluentLogger.testNormal02_output_1590454072,1590454941,1590454339,602
251-nods-found-batch-output,JON_63_soa_only_nods_r100_t518400_5M_25d_19h_47m_49s_kagkarlsson.db-scheduler-4a8a28e=com.github.kagkarlsson.scheduler.compatibility.HsqlCompatibilityTest.test_jdbc_repository_compatibility_with_data_output_1590454072,1590454730,1590454337,393
251-nods-found-batch-output,JON_63_soa_only_nods_r100_t518400_5M_25d_19h_47m_49s_kagkarlsson.db-scheduler-4a8a28e=com.github.kagkarlsson.scheduler.DeadExecutionsTest.scheduler_should_detect_dead_execution_that_never_updated_heartbeat_output_1590454072,1590454778,1590454350,428
251-nods-found-batch-output,JON_63_soa_only_nods_r100_t518400_5M_25d_19h_47m_49s_kagkarlsson.db-scheduler-4a8a28e=com.github.kagkarlsson.scheduler.DeadExecutionsTest.scheduler_should_handle_dead_executions_output_1590454072,1590454756,1590454343,413
251-nods-found-batch-output,JON_63_soa_only_nods_r100_t518400_5M_25d_19h_47m_49s_kagkarlsson.db-scheduler-4a8a28e=com.github.kagkarlsson.scheduler.SchedulerClientTest.client_should_be_able_to_fetch_executions_for_task_output_1590454072,1590454763,1590454339,424
251-nods-found-batch-output,JON_63_soa_only_nods_r100_t518400_5M_25d_19h_47m_49s_kagkarlsson.db-scheduler-4a8a28e=com.github.kagkarlsson.scheduler.SchedulerClientTest.client_should_be_able_to_schedule_executions_output_1590454072,1590454763,1590454339,424
251-nods-found-batch-output,JON_63_soa_only_nods_r100_t518400_5M_25d_19h_47m_49s_kagkarlsson.db-scheduler-4a8a28e=com.github.kagkarlsson.scheduler.SchedulerClientTest.should_be_able_to_schedule_other_executions_from_an_executionhandler_output_1590454072,1590454740,1590454348,392
251-nods-found-batch-output,JON_63_soa_only_nods_r100_t518400_5M_25d_19h_47m_49s_nationalsecurityagency.timely-3a8cbd3=timely.store.iterators.TimeSeriesGroupingIteratorTest.testAdditionalTimeSeries_output_1590454072,1590455537,1590454341,1196
251-nods-found-batch-output,JON_63_soa_only_nods_r100_t518400_5M_25d_19h_47m_49s_nationalsecurityagency.timely-3a8cbd3=timely.store.iterators.TimeSeriesGroupingIteratorTest.testManySparseTimeSeries_output_1590454072,1590455713,1590454341,1372
251-nods-found-batch-output,JON_63_soa_only_nods_r100_t518400_5M_25d_19h_47m_49s_nationalsecurityagency.timely-3a8cbd3=timely.store.iterators.TimeSeriesGroupingIteratorTest.testTimeSeriesDropOff_output_1590454072,1590455598,1590454348,1250
251-nods-found-batch-output,JON_63_soa_only_nods_r100_t518400_5M_25d_19h_47m_49s_openpojo.openpojo-9badbcc=com.openpojo.issues.issue112.IssueTest.shouldNotFail_output_1590454072,1590455877,1590454348,1529
251-nods-found-batch-output,JON_63_soa_only_nods_r100_t518400_5M_25d_19h_47m_49s_openpojo.openpojo-9badbcc=com.openpojo.validation.rule.impl.TestClassMustEndWithRuleTest.aTestNGClassThatDoesntEndWithTestShouldFail_output_1590454072,1590455574,1590454349,1225
251-nods-found-batch-output,JON_63_soa_only_nods_r100_t518400_5M_25d_19h_47m_49s_openpojo.openpojo-9badbcc=com.openpojo.validation.test.impl.GetterTesterAndSetterTesterTest.shouldPassSetterTest_output_1590454072,1590455737,1590454350,1387
251-nods-found-batch-output,JON_63_soa_only_nods_r100_t518400_5M_25d_19h_47m_49s_openpojo.openpojo-9badbcc=com.openpojo.validation.test.impl.GetterTesterTest.shouldSuccessfullyValidateEvenIfLoggingFails_output_1590454072,1590455555,1590454350,1205
251-nods-found-batch-output,JON_63_soa_only_nods_r100_t518400_5M_25d_19h_47m_49s_openpojo.openpojo-9badbcc=com.openpojo.validation.test.impl.SerializableTesterTest.shouldFailNonSerializableObject_output_1590454072,1590455623,1590454352,1271
251-nods-found-batch-output,JON_63_soa_only_nods_r100_t518400_5M_25d_19h_47m_49s_openpojo.openpojo-9badbcc=com.openpojo.validation.test.impl.SerializableTesterTest.shouldFailOnObjectWrite_output_1590454072,1590455617,1590454352,1265
251-nods-found-batch-output,JON_63_soa_only_nods_r100_t518400_5M_25d_19h_47m_49s_openpojo.openpojo-9badbcc=com.openpojo.validation.test.impl.SerializableTesterTest.shouldFailOnReadObject_output_1590454072,1590455637,1590454354,1283
251-nods-found-batch-output,JON_63_soa_only_nods_r100_t518400_5M_25d_19h_47m_49s_openpojo.openpojo-9badbcc=com.openpojo.validation.test.impl.SerializableTesterTest.shouldFailSerializingSerializableChildOfSerializableParentWithNonSerializableField_output_1590454072,1590455602,1590454350,1252
251-nods-found-batch-output,JON_63_soa_only_nods_r100_t518400_5M_25d_19h_47m_49s_openpojo.openpojo-9badbcc=com.openpojo.validation.test.impl.SerializableTesterTest.shouldNotFailIfNonSerializableIsTransient_output_1590454072,1590455598,1590454352,1246
251-nods-found-batch-output,JON_63_soa_only_nods_r100_t518400_5M_25d_19h_47m_49s_openpojo.openpojo-9badbcc=com.openpojo.validation.test.impl.SerializableTesterTest.shouldPassSerializationTest_output_1590454072,1590455642,1590454354,1288
251-nods-found-batch-output,JON_63_soa_only_nods_r100_t518400_5M_25d_19h_47m_49s_openpojo.openpojo-9badbcc=com.openpojo.validation.test.impl.SerializableTesterTest.shouldSkipOverNonSerializableClass_output_1590454072,1590455738,1590454354,1384
251-nods-found-batch-output,JON_63_soa_only_nods_r100_t518400_5M_25d_19h_47m_49s_openpojo.openpojo-9badbcc=com.openpojo.validation.test.impl.SetterTesterTest.shouldSuccessfullyValidateEvenIfLoggingFails_output_1590454072,1590455593,1590454316,1277
251-nods-found-batch-output,JON_63_soa_only_nods_r100_t518400_5M_25d_19h_47m_49s_openpojo.openpojo-9badbcc=com.openpojo.validation.utils.ValidationHelperTest.shouldReportMissingASMProperly_output_1590454072,1590455702,1590454359,1343
251-nods-found-batch-output,JON_63_soa_only_nods_r100_t518400_5M_25d_19h_47m_49s_openpojo.openpojo-9badbcc=com.openpojo.validation.ValidatorBuilderTest.build_returnsValidator_output_1590454072,1590455654,1590454354,1300
251-nods-found-batch-output,JON_63_soa_only_nods_r100_t518400_5M_25d_19h_47m_49s_openpojo.openpojo-9badbcc=com.openpojo.validation.ValidatorBuilderTest.withRules_persistRules_output_1590454072,1590455586,1590454356,1230
251-nods-found-batch-output,JON_63_soa_only_nods_r100_t518400_5M_25d_19h_47m_49s_openpojo.openpojo-9badbcc=com.openpojo.validation.ValidatorBuilderTest.withTesters_persistRules_output_1590454072,1590455586,1590454356,1230
251-nods-found-batch-output,JON_63_soa_only_nods_r100_t518400_5M_25d_19h_47m_49s_oracle.oci-java-sdk-2e9982f=com.oracle.bmc.objectstorage.transfer.ProgressTrackerTest.singleUploadProgressTrackerFactory_resetProgressTracker_output_1590454072,1590454989,1590454361,628
251-nods-found-batch-output,JON_63_soa_only_nods_r100_t518400_5M_25d_19h_47m_49s_spinn3r.noxy-d53a494=com.spinn3r.noxy.discovery.zookeeper.ZKTest.testMembershipJoinAndLeave_output_1590454072,1590455067,1590454359,708
251-nods-found-batch-output,JON_63_soa_only_nods_r100_t518400_5M_25d_19h_47m_49s_spotify.helios-aebf68d=com.spotify.helios.testing.SimpleTest.simpleTest_output_1590454072,1590461786,1590454364,7422
251-nods-found-batch-output,JON_63_soa_only_nods_r100_t518400_5M_25d_19h_47m_49s_spotify.helios-aebf68d=com.spotify.helios.testing.TempJobFailureTest.testDeploymentFailure_output_1590454072,1590457734,1590454359,3375
251-nods-found-batch-output,JON_63_soa_only_nods_r100_t518400_5M_25d_19h_47m_49s_tootallnate.java-websocket-fa3909c=org.java_websocket.issues.Issue621Test.testIssue_output_1590454072,1590454832,1590454361,471
251-nods-found-batch-output,JON_63_soa_only_nods_r100_t518400_5M_25d_19h_47m_49s_undertow-io.undertow-d0efffa=io.undertow.websockets.jsr.test.extension.JsrWebsocketExtensionTestCase.testLongTextMessage_output_1590454072,1590456014,1590454361,1653
251-nods-found-batch-output,JON_63_soa_only_nods_r100_t518400_5M_25d_19h_47m_49s_undertow-io.undertow-d0efffa=io.undertow.websockets.jsr.test.JsrWebSocketServer13Test.testTextUsingWriter_output_1590454072,1590455331,1590454366,965
251-nods-found-batch-output,JON_63_soa_only_nods_r100_t518400_5M_25d_19h_47m_49s_undertow-io.undertow-d0efffa=io.undertow.websockets.jsr.test.stress.WebsocketStressTestCase.webSocketStringStressTestCase_output_1590454072,1590455851,1590454364,1487
251-nods-found-batch-output,JON_63_soa_only_nods_r100_t518400_5M_25d_19h_47m_49s_wro4j.wro4j-185ab60=ro.isdc.wro.extensions.processor.support.sass.TestRubySassEngine.shouldProcessValidCss_output_1590454072,1590455468,1590454361,1107
251-nods-found-batch-output,JON_63_soa_only_nods_r100_t518400_5M_25d_19h_47m_49s_wro4j.wro4j-185ab60=ro.isdc.wro.extensions.processor.support.sass.TestRubySassEngine.shouldProcessValidNonAsciiSass_output_1590454072,1590455550,1590454366,1184
251-nods-found-batch-output,JON_63_soa_only_nods_r100_t518400_5M_25d_19h_47m_49s_wro4j.wro4j-185ab60=ro.isdc.wro.extensions.processor.support.sass.TestRubySassEngine.shouldProcessValidSass_output_1590454072,1590455547,1590454370,1177
251-nods-found-batch-output,JON_63_soa_only_nods_r100_t518400_5M_25d_19h_47m_49s_wro4j.wro4j-185ab60=ro.isdc.wro.extensions.processor.TestRubySassCssProcessor.executeMultipleTimesDoesntThrowOutOfMemoryException_output_1590454072,1590455667,1590454370,1297
251-nods-found-batch-output,JON_63_soa_only_nods_r100_t518400_5M_25d_19h_47m_49s_wro4j.wro4j-185ab60=ro.isdc.wro.extensions.processor.TestRubySassCssProcessor.shouldBeThreadSafe_output_1590454072,1590455540,1590454368,1172
251-nods-found-batch-output,JON_63_soa_only_nods_r100_t518400_5M_25d_19h_47m_49s_wro4j.wro4j-185ab60=ro.isdc.wro.extensions.processor.TestRubySassCssProcessor.shouldSucceedAfterAFailure_output_1590454072,1590455519,1590454366,1153
251-nods-found-batch-output,JON_63_soa_only_nods_r100_t518400_5M_25d_19h_47m_49s_wro4j.wro4j-185ab60=ro.isdc.wro.extensions.processor.TestRubySassCssProcessor.shouldTestFromFolder_output_1590454072,1590455642,1590454370,1272
251-nods-found-batch-output,JON_63_soa_only_nods_r100_t518400_5M_25d_19h_47m_49s_wso2.carbon-apimgt-a82213e=org.wso2.carbon.apimgt.throttling.siddhi.extension.ThrottleTimeBatchWindowTestCase.throttleTimeWindowBatchTest2_output_1590454072,1590456515,1590454381,2134
251-nods-found-batch-output,JON_63_soa_only_nods_r100_t518400_5M_25d_19h_47m_49s_zalando.riptide-8277e11=org.zalando.riptide.failsafe.RetryAfterDelayFunctionTest.shouldRetryWithDynamicDelayDate_output_1590454072,1590455394,1590454383,1011
251-nods-found-batch-output,JON_63_soa_only_nods_r100_t518400_5M_25d_19h_50m_49s_apache.hbase-801fc05=org.apache.hadoop.hbase.procedure2.store.wal.TestWALProcedureStore.testEmptyRoll_output_1590454252,1590455605,1590454495,1110
251-nods-found-batch-output,JON_63_soa_only_nods_r100_t518400_5M_25d_19h_50m_49s_apache.hbase-801fc05=org.apache.hadoop.hbase.procedure2.store.wal.TestWALProcedureStore.testRestartWithoutData_output_1590454252,1590455593,1590454501,1092
251-nods-found-batch-output,JON_63_soa_only_nods_r100_t518400_5M_25d_19h_50m_49s_apache.incubator-dubbo-737f7a7=org.apache.dubbo.remoting.transport.netty.ThreadNameTest.testThreadName_output_1590454252,1590455866,1590454520,1346
251-nods-found-batch-output,JON_63_soa_only_nods_r100_t518400_5M_25d_19h_50m_49s_apache.incubator-dubbo-737f7a7=org.apache.dubbo.rpc.protocol.dubbo.ExplicitCallbackTest.TestCallbackMultiInstans_output_1590454252,1590455590,1590454524,1066
251-nods-found-batch-output,JON_63_soa_only_nods_r100_t518400_5M_25d_19h_50m_49s_apache.incubator-dubbo-737f7a7=org.apache.dubbo.rpc.protocol.dubbo.telnet.InvokerTelnetHandlerTest.testInvokeAutoFindMethod_output_1590454252,1590455512,1590454522,990
251-nods-found-batch-output,JON_63_soa_only_nods_r100_t518400_5M_25d_19h_50m_49s_apache.incubator-dubbo-737f7a7=org.apache.dubbo.rpc.protocol.dubbo.telnet.InvokerTelnetHandlerTest.testInvokeByPassingNullValue_output_1590454252,1590455512,1590454529,983
251-nods-found-batch-output,JON_63_soa_only_nods_r100_t518400_5M_25d_19h_50m_49s_apache.incubator-dubbo-737f7a7=org.apache.dubbo.rpc.protocol.dubbo.telnet.InvokerTelnetHandlerTest.testInvokeDefaultSService_output_1590454252,1590455579,1590454532,1047
251-nods-found-batch-output,JON_63_soa_only_nods_r100_t518400_5M_25d_19h_50m_49s_apache.incubator-dubbo-737f7a7=org.apache.dubbo.rpc.protocol.dubbo.telnet.PortTelnetHandlerTest.testListAllPort_output_1590454252,1590455517,1590454530,987
251-nods-found-batch-output,JON_63_soa_only_nods_r100_t518400_5M_25d_19h_50m_49s_apache.incubator-dubbo-737f7a7=org.apache.dubbo.rpc.protocol.dubbo.telnet.PortTelnetHandlerTest.testListDetail_output_1590454252,1590455536,1590454526,1010
251-nods-found-batch-output,JON_63_soa_only_nods_r100_t518400_5M_25d_19h_50m_49s_c2mon.c2mon-d80687b=cern.c2mon.daq.filter.dynamic.DiffMovingAverageTest.testAverage_output_1590454252,1590454921,1590454526,395
251-nods-found-batch-output,JON_63_soa_only_nods_r100_t518400_5M_25d_19h_50m_49s_c2mon.c2mon-d80687b=cern.c2mon.server.common.republisher.RepublisherImplTest.testMultiplePublicationsWithExceptions_output_1590454252,1590454999,1590454534,465
251-nods-found-batch-output,JON_63_soa_only_nods_r100_t518400_5M_25d_19h_50m_49s_davidmoten.rxjava2-extras-d0315b6=com.github.davidmoten.rx2.buffertofile.FlowableOnBackpressureBufferToFileTest.testCancel_output_1590454252,1590455050,1590454520,530
251-nods-found-batch-output,JON_63_soa_only_nods_r100_t518400_5M_25d_19h_50m_49s_elasticjob.elastic-job-lite-b022898=io.elasticjob.lite.internal.failover.FailoverServiceTest.assertGetLocalFailoverItemsIfShutdown_output_1590454252,1590455111,1590454552,559
251-nods-found-batch-output,JON_63_soa_only_nods_r100_t518400_5M_25d_19h_50m_49s_fluent.fluent-logger-java-da14ec3=org.fluentd.logger.TestFluentLogger.testClose_output_1590454252,1590454903,1590454564,339
251-nods-found-batch-output,JON_63_soa_only_nods_r100_t518400_5M_25d_19h_50m_49s_fluent.fluent-logger-java-da14ec3=org.fluentd.logger.TestFluentLogger.testFlushOnClose_output_1590454252,1590454951,1590454566,385
251-nods-found-batch-output,JON_63_soa_only_nods_r100_t518400_5M_25d_19h_50m_49s_fluent.fluent-logger-java-da14ec3=org.fluentd.logger.TestFluentLogger.testInMultiThreading_output_1590454252,1590455299,1590454552,747
251-nods-found-batch-output,JON_63_soa_only_nods_r100_t518400_5M_25d_19h_50m_49s_fluent.fluent-logger-java-da14ec3=org.fluentd.logger.TestFluentLogger.testNormal01_output_1590454252,1590455142,1590454566,576
251-nods-found-batch-output,JON_63_soa_only_nods_r100_t518400_5M_25d_19h_50m_49s_fluent.fluent-logger-java-da14ec3=org.fluentd.logger.TestFluentLogger.testNormal02_output_1590454252,1590455183,1590454566,617
251-nods-found-batch-output,JON_63_soa_only_nods_r100_t518400_5M_25d_19h_50m_49s_kagkarlsson.db-scheduler-4a8a28e=com.github.kagkarlsson.scheduler.compatibility.HsqlCompatibilityTest.test_jdbc_repository_compatibility_with_data_output_1590454252,1590454999,1590454554,445
251-nods-found-batch-output,JON_63_soa_only_nods_r100_t518400_5M_25d_19h_50m_49s_kagkarlsson.db-scheduler-4a8a28e=com.github.kagkarlsson.scheduler.DeadExecutionsTest.scheduler_should_detect_dead_execution_that_never_updated_heartbeat_output_1590454252,1590454979,1590454566,413
251-nods-found-batch-output,JON_63_soa_only_nods_r100_t518400_5M_25d_19h_50m_49s_kagkarlsson.db-scheduler-4a8a28e=com.github.kagkarlsson.scheduler.DeadExecutionsTest.scheduler_should_handle_dead_executions_output_1590454252,1590454993,1590454570,423
251-nods-found-batch-output,JON_63_soa_only_nods_r100_t518400_5M_25d_19h_50m_49s_kagkarlsson.db-scheduler-4a8a28e=com.github.kagkarlsson.scheduler.SchedulerClientTest.client_should_be_able_to_fetch_executions_for_task_output_1590454252,1590454980,1590454570,410
251-nods-found-batch-output,JON_63_soa_only_nods_r100_t518400_5M_25d_19h_50m_49s_kagkarlsson.db-scheduler-4a8a28e=com.github.kagkarlsson.scheduler.SchedulerClientTest.client_should_be_able_to_schedule_executions_output_1590454252,1590454979,1590454575,404
251-nods-found-batch-output,JON_63_soa_only_nods_r100_t518400_5M_25d_19h_50m_49s_kagkarlsson.db-scheduler-4a8a28e=com.github.kagkarlsson.scheduler.SchedulerClientTest.should_be_able_to_schedule_other_executions_from_an_executionhandler_output_1590454252,1590455005,1590454575,430
251-nods-found-batch-output,JON_63_soa_only_nods_r100_t518400_5M_25d_19h_50m_49s_nationalsecurityagency.timely-3a8cbd3=timely.store.iterators.TimeSeriesGroupingIteratorTest.testAdditionalTimeSeries_output_1590454252,1590455899,1590454575,1324
251-nods-found-batch-output,JON_63_soa_only_nods_r100_t518400_5M_25d_19h_50m_49s_nationalsecurityagency.timely-3a8cbd3=timely.store.iterators.TimeSeriesGroupingIteratorTest.testManySparseTimeSeries_output_1590454252,1590455838,1590454577,1261
251-nods-found-batch-output,JON_63_soa_only_nods_r100_t518400_5M_25d_19h_50m_49s_nationalsecurityagency.timely-3a8cbd3=timely.store.iterators.TimeSeriesGroupingIteratorTest.testTimeSeriesDropOff_output_1590454252,1590455899,1590454577,1322
251-nods-found-batch-output,JON_63_soa_only_nods_r100_t518400_5M_25d_19h_50m_49s_openpojo.openpojo-9badbcc=com.openpojo.issues.issue112.IssueTest.shouldNotFail_output_1590454252,1590456133,1590454577,1556
251-nods-found-batch-output,JON_63_soa_only_nods_r100_t518400_5M_25d_19h_50m_49s_openpojo.openpojo-9badbcc=com.openpojo.validation.rule.impl.TestClassMustEndWithRuleTest.aTestNGClassThatDoesntEndWithTestShouldFail_output_1590454252,1590455723,1590454522,1201
251-nods-found-batch-output,JON_63_soa_only_nods_r100_t518400_5M_25d_19h_50m_49s_openpojo.openpojo-9badbcc=com.openpojo.validation.test.impl.GetterTesterAndSetterTesterTest.shouldPassSetterTest_output_1590454252,1590455910,1590454579,1331
251-nods-found-batch-output,JON_63_soa_only_nods_r100_t518400_5M_25d_19h_50m_49s_openpojo.openpojo-9badbcc=com.openpojo.validation.test.impl.GetterTesterTest.shouldSuccessfullyValidateEvenIfLoggingFails_output_1590454252,1590455909,1590454585,1324
251-nods-found-batch-output,JON_63_soa_only_nods_r100_t518400_5M_25d_19h_50m_49s_openpojo.openpojo-9badbcc=com.openpojo.validation.test.impl.SerializableTesterTest.shouldFailNonSerializableObject_output_1590454252,1590455858,1590454587,1271
251-nods-found-batch-output,JON_63_soa_only_nods_r100_t518400_5M_25d_19h_50m_49s_openpojo.openpojo-9badbcc=com.openpojo.validation.test.impl.SerializableTesterTest.shouldFailOnObjectWrite_output_1590454252,1590455840,1590454577,1263
251-nods-found-batch-output,JON_63_soa_only_nods_r100_t518400_5M_25d_19h_50m_49s_openpojo.openpojo-9badbcc=com.openpojo.validation.test.impl.SerializableTesterTest.shouldFailOnReadObject_output_1590454252,1590455879,1590454585,1294
251-nods-found-batch-output,JON_63_soa_only_nods_r100_t518400_5M_25d_19h_50m_49s_openpojo.openpojo-9badbcc=com.openpojo.validation.test.impl.SerializableTesterTest.shouldFailSerializingSerializableChildOfSerializableParentWithNonSerializableField_output_1590454252,1590455872,1590454587,1285
251-nods-found-batch-output,JON_63_soa_only_nods_r100_t518400_5M_25d_19h_50m_49s_openpojo.openpojo-9badbcc=com.openpojo.validation.test.impl.SerializableTesterTest.shouldNotFailIfNonSerializableIsTransient_output_1590454252,1590455912,1590454586,1326
251-nods-found-batch-output,JON_63_soa_only_nods_r100_t518400_5M_25d_19h_50m_49s_openpojo.openpojo-9badbcc=com.openpojo.validation.test.impl.SerializableTesterTest.shouldPassSerializationTest_output_1590454252,1590455802,1590454584,1218
251-nods-found-batch-output,JON_63_soa_only_nods_r100_t518400_5M_25d_19h_50m_49s_openpojo.openpojo-9badbcc=com.openpojo.validation.test.impl.SerializableTesterTest.shouldSkipOverNonSerializableClass_output_1590454252,1590455839,1590454586,1253
251-nods-found-batch-output,JON_63_soa_only_nods_r100_t518400_5M_25d_19h_50m_49s_openpojo.openpojo-9badbcc=com.openpojo.validation.test.impl.SetterTesterTest.shouldSuccessfullyValidateEvenIfLoggingFails_output_1590454252,1590455831,1590454586,1245
251-nods-found-batch-output,JON_63_soa_only_nods_r100_t518400_5M_25d_19h_50m_49s_openpojo.openpojo-9badbcc=com.openpojo.validation.utils.ValidationHelperTest.shouldReportMissingASMProperly_output_1590454252,1590455830,1590454587,1243
251-nods-found-batch-output,JON_63_soa_only_nods_r100_t518400_5M_25d_19h_50m_49s_openpojo.openpojo-9badbcc=com.openpojo.validation.ValidatorBuilderTest.build_returnsValidator_output_1590454252,1590455897,1590454589,1308
251-nods-found-batch-output,JON_63_soa_only_nods_r100_t518400_5M_25d_19h_50m_49s_openpojo.openpojo-9badbcc=com.openpojo.validation.ValidatorBuilderTest.withRules_persistRules_output_1590454252,1590455823,1590454588,1235
251-nods-found-batch-output,JON_63_soa_only_nods_r100_t518400_5M_25d_19h_50m_49s_openpojo.openpojo-9badbcc=com.openpojo.validation.ValidatorBuilderTest.withTesters_persistRules_output_1590454252,1590455892,1590454589,1303
251-nods-found-batch-output,JON_63_soa_only_nods_r100_t518400_5M_25d_19h_50m_49s_oracle.oci-java-sdk-2e9982f=com.oracle.bmc.objectstorage.transfer.ProgressTrackerTest.singleUploadProgressTrackerFactory_resetProgressTracker_output_1590454252,1590455223,1590454589,634
251-nods-found-batch-output,JON_63_soa_only_nods_r100_t518400_5M_25d_19h_50m_49s_spinn3r.noxy-d53a494=com.spinn3r.noxy.discovery.zookeeper.ZKTest.testMembershipJoinAndLeave_output_1590454252,1590455303,1590454591,712
251-nods-found-batch-output,JON_63_soa_only_nods_r100_t518400_5M_25d_19h_50m_49s_spotify.helios-aebf68d=com.spotify.helios.testing.SimpleTest.simpleTest_output_1590454252,1590461818,1590454591,7227
251-nods-found-batch-output,JON_63_soa_only_nods_r100_t518400_5M_25d_19h_50m_49s_spotify.helios-aebf68d=com.spotify.helios.testing.TempJobFailureTest.testDeploymentFailure_output_1590454252,1590458135,1590454589,3546
251-nods-found-batch-output,JON_63_soa_only_nods_r100_t518400_5M_25d_19h_50m_49s_tootallnate.java-websocket-fa3909c=org.java_websocket.issues.Issue621Test.testIssue_output_1590454252,1590455076,1590454591,485
251-nods-found-batch-output,JON_63_soa_only_nods_r100_t518400_5M_25d_19h_50m_49s_undertow-io.undertow-d0efffa=io.undertow.websockets.jsr.test.extension.JsrWebsocketExtensionTestCase.testLongTextMessage_output_1590454252,1590456265,1590454604,1661
251-nods-found-batch-output,JON_63_soa_only_nods_r100_t518400_5M_25d_19h_50m_49s_undertow-io.undertow-d0efffa=io.undertow.websockets.jsr.test.JsrWebSocketServer13Test.testTextUsingWriter_output_1590454252,1590455531,1590454604,927
251-nods-found-batch-output,JON_63_soa_only_nods_r100_t518400_5M_25d_19h_50m_49s_undertow-io.undertow-d0efffa=io.undertow.websockets.jsr.test.stress.WebsocketStressTestCase.webSocketStringStressTestCase_output_1590454252,1590456124,1590454593,1531
251-nods-found-batch-output,JON_63_soa_only_nods_r100_t518400_5M_25d_19h_50m_49s_wro4j.wro4j-185ab60=ro.isdc.wro.extensions.processor.support.sass.TestRubySassEngine.shouldProcessValidCss_output_1590454252,1590455552,1590454526,1026
251-nods-found-batch-output,JON_63_soa_only_nods_r100_t518400_5M_25d_19h_50m_49s_wro4j.wro4j-185ab60=ro.isdc.wro.extensions.processor.support.sass.TestRubySassEngine.shouldProcessValidNonAsciiSass_output_1590454252,1590455890,1590454600,1290
251-nods-found-batch-output,JON_63_soa_only_nods_r100_t518400_5M_25d_19h_50m_49s_wro4j.wro4j-185ab60=ro.isdc.wro.extensions.processor.support.sass.TestRubySassEngine.shouldProcessValidSass_output_1590454252,1590455761,1590454596,1165
251-nods-found-batch-output,JON_63_soa_only_nods_r100_t518400_5M_25d_19h_50m_49s_wro4j.wro4j-185ab60=ro.isdc.wro.extensions.processor.TestRubySassCssProcessor.executeMultipleTimesDoesntThrowOutOfMemoryException_output_1590454252,1590455922,1590454602,1320
251-nods-found-batch-output,JON_63_soa_only_nods_r100_t518400_5M_25d_19h_50m_49s_wro4j.wro4j-185ab60=ro.isdc.wro.extensions.processor.TestRubySassCssProcessor.shouldBeThreadSafe_output_1590454252,1590455957,1590454591,1366
251-nods-found-batch-output,JON_63_soa_only_nods_r100_t518400_5M_25d_19h_50m_49s_wro4j.wro4j-185ab60=ro.isdc.wro.extensions.processor.TestRubySassCssProcessor.shouldSucceedAfterAFailure_output_1590454252,1590455827,1590454616,1211
251-nods-found-batch-output,JON_63_soa_only_nods_r100_t518400_5M_25d_19h_50m_49s_wro4j.wro4j-185ab60=ro.isdc.wro.extensions.processor.TestRubySassCssProcessor.shouldTestFromFolder_output_1590454252,1590455856,1590454602,1254
251-nods-found-batch-output,JON_63_soa_only_nods_r100_t518400_5M_25d_19h_50m_49s_wso2.carbon-apimgt-a82213e=org.wso2.carbon.apimgt.throttling.siddhi.extension.ThrottleTimeBatchWindowTestCase.throttleTimeWindowBatchTest2_output_1590454252,1590456714,1590454606,2108
251-nods-found-batch-output,JON_63_soa_only_nods_r100_t518400_5M_25d_19h_50m_49s_zalando.riptide-8277e11=org.zalando.riptide.failsafe.RetryAfterDelayFunctionTest.shouldRetryWithDynamicDelayDate_output_1590454252,1590455671,1590454618,1053
251-nods-found-batch-output,JON_63_soa_only_nods_r100_t518400_5M_25d_19h_53m_50s_apache.hbase-801fc05=org.apache.hadoop.hbase.procedure2.store.wal.TestWALProcedureStore.testEmptyRoll_output_1590454432,1590455890,1590454662,1228
251-nods-found-batch-output,JON_63_soa_only_nods_r100_t518400_5M_25d_19h_53m_50s_apache.hbase-801fc05=org.apache.hadoop.hbase.procedure2.store.wal.TestWALProcedureStore.testRestartWithoutData_output_1590454432,1590455899,1590454674,1225
251-nods-found-batch-output,JON_63_soa_only_nods_r100_t518400_5M_25d_19h_53m_50s_apache.incubator-dubbo-737f7a7=org.apache.dubbo.remoting.transport.netty.ThreadNameTest.testThreadName_output_1590454432,1590456109,1590454675,1434
251-nods-found-batch-output,JON_63_soa_only_nods_r100_t518400_5M_25d_19h_53m_50s_apache.incubator-dubbo-737f7a7=org.apache.dubbo.rpc.protocol.dubbo.ExplicitCallbackTest.TestCallbackMultiInstans_output_1590454432,1590455871,1590454674,1197
251-nods-found-batch-output,JON_63_soa_only_nods_r100_t518400_5M_25d_19h_53m_50s_apache.incubator-dubbo-737f7a7=org.apache.dubbo.rpc.protocol.dubbo.telnet.InvokerTelnetHandlerTest.testInvokeAutoFindMethod_output_1590454432,1590455690,1590454677,1013
251-nods-found-batch-output,JON_63_soa_only_nods_r100_t518400_5M_25d_19h_53m_50s_apache.incubator-dubbo-737f7a7=org.apache.dubbo.rpc.protocol.dubbo.telnet.InvokerTelnetHandlerTest.testInvokeByPassingNullValue_output_1590454432,1590455691,1590454678,1013
251-nods-found-batch-output,JON_63_soa_only_nods_r100_t518400_5M_25d_19h_53m_50s_apache.incubator-dubbo-737f7a7=org.apache.dubbo.rpc.protocol.dubbo.telnet.InvokerTelnetHandlerTest.testInvokeDefaultSService_output_1590454432,1590455659,1590454678,981
251-nods-found-batch-output,JON_63_soa_only_nods_r100_t518400_5M_25d_19h_53m_50s_apache.incubator-dubbo-737f7a7=org.apache.dubbo.rpc.protocol.dubbo.telnet.PortTelnetHandlerTest.testListAllPort_output_1590454432,1590455684,1590454678,1006
251-nods-found-batch-output,JON_63_soa_only_nods_r100_t518400_5M_25d_19h_53m_50s_apache.incubator-dubbo-737f7a7=org.apache.dubbo.rpc.protocol.dubbo.telnet.PortTelnetHandlerTest.testListDetail_output_1590454432,1590455637,1590454679,958
251-nods-found-batch-output,JON_63_soa_only_nods_r100_t518400_5M_25d_19h_53m_50s_c2mon.c2mon-d80687b=cern.c2mon.daq.filter.dynamic.DiffMovingAverageTest.testAverage_output_1590454432,1590455089,1590454678,411
251-nods-found-batch-output,JON_63_soa_only_nods_r100_t518400_5M_25d_19h_53m_50s_c2mon.c2mon-d80687b=cern.c2mon.server.common.republisher.RepublisherImplTest.testMultiplePublicationsWithExceptions_output_1590454432,1590455177,1590454664,513
251-nods-found-batch-output,JON_63_soa_only_nods_r100_t518400_5M_25d_19h_53m_50s_davidmoten.rxjava2-extras-d0315b6=com.github.davidmoten.rx2.buffertofile.FlowableOnBackpressureBufferToFileTest.testCancel_output_1590454432,1590455294,1590454682,612
251-nods-found-batch-output,JON_63_soa_only_nods_r100_t518400_5M_25d_19h_53m_50s_elasticjob.elastic-job-lite-b022898=io.elasticjob.lite.internal.failover.FailoverServiceTest.assertGetLocalFailoverItemsIfShutdown_output_1590454432,1590455240,1590454678,562
251-nods-found-batch-output,JON_63_soa_only_nods_r100_t518400_5M_25d_19h_53m_50s_fluent.fluent-logger-java-da14ec3=org.fluentd.logger.TestFluentLogger.testClose_output_1590454432,1590455033,1590454678,355
251-nods-found-batch-output,JON_63_soa_only_nods_r100_t518400_5M_25d_19h_53m_50s_fluent.fluent-logger-java-da14ec3=org.fluentd.logger.TestFluentLogger.testFlushOnClose_output_1590454432,1590455055,1590454680,375
251-nods-found-batch-output,JON_63_soa_only_nods_r100_t518400_5M_25d_19h_53m_50s_fluent.fluent-logger-java-da14ec3=org.fluentd.logger.TestFluentLogger.testInMultiThreading_output_1590454432,1590455377,1590454680,697
251-nods-found-batch-output,JON_63_soa_only_nods_r100_t518400_5M_25d_19h_53m_50s_fluent.fluent-logger-java-da14ec3=org.fluentd.logger.TestFluentLogger.testNormal01_output_1590454432,1590455290,1590454685,605
251-nods-found-batch-output,JON_63_soa_only_nods_r100_t518400_5M_25d_19h_53m_50s_fluent.fluent-logger-java-da14ec3=org.fluentd.logger.TestFluentLogger.testNormal02_output_1590454432,1590455281,1590454682,599
251-nods-found-batch-output,JON_63_soa_only_nods_r100_t518400_5M_25d_19h_53m_50s_kagkarlsson.db-scheduler-4a8a28e=com.github.kagkarlsson.scheduler.compatibility.HsqlCompatibilityTest.test_jdbc_repository_compatibility_with_data_output_1590454432,1590455130,1590454685,445
251-nods-found-batch-output,JON_63_soa_only_nods_r100_t518400_5M_25d_19h_53m_50s_kagkarlsson.db-scheduler-4a8a28e=com.github.kagkarlsson.scheduler.DeadExecutionsTest.scheduler_should_detect_dead_execution_that_never_updated_heartbeat_output_1590454432,1590455099,1590454687,412
251-nods-found-batch-output,JON_63_soa_only_nods_r100_t518400_5M_25d_19h_53m_50s_kagkarlsson.db-scheduler-4a8a28e=com.github.kagkarlsson.scheduler.DeadExecutionsTest.scheduler_should_handle_dead_executions_output_1590454432,1590455094,1590454690,404
251-nods-found-batch-output,JON_63_soa_only_nods_r100_t518400_5M_25d_19h_53m_50s_kagkarlsson.db-scheduler-4a8a28e=com.github.kagkarlsson.scheduler.SchedulerClientTest.client_should_be_able_to_fetch_executions_for_task_output_1590454432,1590455131,1590454722,409
251-nods-found-batch-output,JON_63_soa_only_nods_r100_t518400_5M_25d_19h_53m_50s_kagkarlsson.db-scheduler-4a8a28e=com.github.kagkarlsson.scheduler.SchedulerClientTest.client_should_be_able_to_schedule_executions_output_1590454432,1590455121,1590454690,431
251-nods-found-batch-output,JON_63_soa_only_nods_r100_t518400_5M_25d_19h_53m_50s_kagkarlsson.db-scheduler-4a8a28e=com.github.kagkarlsson.scheduler.SchedulerClientTest.should_be_able_to_schedule_other_executions_from_an_executionhandler_output_1590454432,1590455148,1590454735,413
251-nods-found-batch-output,JON_63_soa_only_nods_r100_t518400_5M_25d_19h_53m_50s_nationalsecurityagency.timely-3a8cbd3=timely.store.iterators.TimeSeriesGroupingIteratorTest.testAdditionalTimeSeries_output_1590454432,1590455839,1590454726,1113
251-nods-found-batch-output,JON_63_soa_only_nods_r100_t518400_5M_25d_19h_53m_50s_nationalsecurityagency.timely-3a8cbd3=timely.store.iterators.TimeSeriesGroupingIteratorTest.testManySparseTimeSeries_output_1590454432,1590455897,1590454724,1173
251-nods-found-batch-output,JON_63_soa_only_nods_r100_t518400_5M_25d_19h_53m_50s_nationalsecurityagency.timely-3a8cbd3=timely.store.iterators.TimeSeriesGroupingIteratorTest.testTimeSeriesDropOff_output_1590454432,1590455954,1590454742,1212
251-nods-found-batch-output,JON_63_soa_only_nods_r100_t518400_5M_25d_19h_53m_50s_openpojo.openpojo-9badbcc=com.openpojo.issues.issue112.IssueTest.shouldNotFail_output_1590454432,1590456228,1590454735,1493
251-nods-found-batch-output,JON_63_soa_only_nods_r100_t518400_5M_25d_19h_53m_50s_openpojo.openpojo-9badbcc=com.openpojo.validation.rule.impl.TestClassMustEndWithRuleTest.aTestNGClassThatDoesntEndWithTestShouldFail_output_1590454432,1590456041,1590454726,1315
251-nods-found-batch-output,JON_63_soa_only_nods_r100_t518400_5M_25d_19h_53m_50s_openpojo.openpojo-9badbcc=com.openpojo.validation.test.impl.GetterTesterAndSetterTesterTest.shouldPassSetterTest_output_1590454432,1590455972,1590454744,1228
251-nods-found-batch-output,JON_63_soa_only_nods_r100_t518400_5M_25d_19h_53m_50s_openpojo.openpojo-9badbcc=com.openpojo.validation.test.impl.GetterTesterTest.shouldSuccessfullyValidateEvenIfLoggingFails_output_1590454432,1590455938,1590454731,1207
251-nods-found-batch-output,JON_63_soa_only_nods_r100_t518400_5M_25d_19h_53m_50s_openpojo.openpojo-9badbcc=com.openpojo.validation.test.impl.SerializableTesterTest.shouldFailNonSerializableObject_output_1590454432,1590455919,1590454735,1184
251-nods-found-batch-output,JON_63_soa_only_nods_r100_t518400_5M_25d_19h_53m_50s_openpojo.openpojo-9badbcc=com.openpojo.validation.test.impl.SerializableTesterTest.shouldFailOnObjectWrite_output_1590454432,1590455843,1590454733,1110
251-nods-found-batch-output,JON_63_soa_only_nods_r100_t518400_5M_25d_19h_53m_50s_openpojo.openpojo-9badbcc=com.openpojo.validation.test.impl.SerializableTesterTest.shouldFailOnReadObject_output_1590454432,1590455870,1590454739,1131
251-nods-found-batch-output,JON_63_soa_only_nods_r100_t518400_5M_25d_19h_53m_50s_openpojo.openpojo-9badbcc=com.openpojo.validation.test.impl.SerializableTesterTest.shouldFailSerializingSerializableChildOfSerializableParentWithNonSerializableField_output_1590454432,1590455915,1590454731,1184
251-nods-found-batch-output,JON_63_soa_only_nods_r100_t518400_5M_25d_19h_53m_50s_openpojo.openpojo-9badbcc=com.openpojo.validation.test.impl.SerializableTesterTest.shouldNotFailIfNonSerializableIsTransient_output_1590454432,1590455932,1590454735,1197
251-nods-found-batch-output,JON_63_soa_only_nods_r100_t518400_5M_25d_19h_53m_50s_openpojo.openpojo-9badbcc=com.openpojo.validation.test.impl.SerializableTesterTest.shouldPassSerializationTest_output_1590454432,1590455934,1590454733,1201
251-nods-found-batch-output,JON_63_soa_only_nods_r100_t518400_5M_25d_19h_53m_50s_openpojo.openpojo-9badbcc=com.openpojo.validation.test.impl.SerializableTesterTest.shouldSkipOverNonSerializableClass_output_1590454432,1590455937,1590454735,1202
251-nods-found-batch-output,JON_63_soa_only_nods_r100_t518400_5M_25d_19h_53m_50s_openpojo.openpojo-9badbcc=com.openpojo.validation.test.impl.SetterTesterTest.shouldSuccessfullyValidateEvenIfLoggingFails_output_1590454432,1590456012,1590454748,1264
251-nods-found-batch-output,JON_63_soa_only_nods_r100_t518400_5M_25d_19h_53m_50s_openpojo.openpojo-9badbcc=com.openpojo.validation.utils.ValidationHelperTest.shouldReportMissingASMProperly_output_1590454432,1590455936,1590454744,1192
251-nods-found-batch-output,JON_63_soa_only_nods_r100_t518400_5M_25d_19h_53m_50s_openpojo.openpojo-9badbcc=com.openpojo.validation.ValidatorBuilderTest.build_returnsValidator_output_1590454432,1590455970,1590454782,1188
251-nods-found-batch-output,JON_63_soa_only_nods_r100_t518400_5M_25d_19h_53m_50s_openpojo.openpojo-9badbcc=com.openpojo.validation.ValidatorBuilderTest.withRules_persistRules_output_1590454432,1590455985,1590454779,1206
251-nods-found-batch-output,JON_63_soa_only_nods_r100_t518400_5M_25d_19h_53m_50s_openpojo.openpojo-9badbcc=com.openpojo.validation.ValidatorBuilderTest.withTesters_persistRules_output_1590454432,1590455960,1590454765,1195
251-nods-found-batch-output,JON_63_soa_only_nods_r100_t518400_5M_25d_19h_53m_50s_oracle.oci-java-sdk-2e9982f=com.oracle.bmc.objectstorage.transfer.ProgressTrackerTest.singleUploadProgressTrackerFactory_resetProgressTracker_output_1590454432,1590455319,1590454746,573
251-nods-found-batch-output,JON_63_soa_only_nods_r100_t518400_5M_25d_19h_53m_50s_spinn3r.noxy-d53a494=com.spinn3r.noxy.discovery.zookeeper.ZKTest.testMembershipJoinAndLeave_output_1590454432,1590455417,1590454775,642
251-nods-found-batch-output,JON_63_soa_only_nods_r100_t518400_5M_25d_19h_53m_50s_spotify.helios-aebf68d=com.spotify.helios.testing.SimpleTest.simpleTest_output_1590454432,1590462059,1590454782,7277
251-nods-found-batch-output,JON_63_soa_only_nods_r100_t518400_5M_25d_19h_53m_50s_spotify.helios-aebf68d=com.spotify.helios.testing.TempJobFailureTest.testDeploymentFailure_output_1590454432,1590458088,1590454786,3302
251-nods-found-batch-output,JON_63_soa_only_nods_r100_t518400_5M_25d_19h_53m_50s_tootallnate.java-websocket-fa3909c=org.java_websocket.issues.Issue621Test.testIssue_output_1590454432,1590455237,1590454784,453
251-nods-found-batch-output,JON_63_soa_only_nods_r100_t518400_5M_25d_19h_53m_50s_undertow-io.undertow-d0efffa=io.undertow.websockets.jsr.test.extension.JsrWebsocketExtensionTestCase.testLongTextMessage_output_1590454432,1590456481,1590454784,1697
251-nods-found-batch-output,JON_63_soa_only_nods_r100_t518400_5M_25d_19h_53m_50s_undertow-io.undertow-d0efffa=io.undertow.websockets.jsr.test.JsrWebSocketServer13Test.testTextUsingWriter_output_1590454432,1590455671,1590454791,880
251-nods-found-batch-output,JON_63_soa_only_nods_r100_t518400_5M_25d_19h_53m_50s_undertow-io.undertow-d0efffa=io.undertow.websockets.jsr.test.stress.WebsocketStressTestCase.webSocketStringStressTestCase_output_1590454432,1590456150,1590454786,1364
251-nods-found-batch-output,JON_63_soa_only_nods_r100_t518400_5M_25d_19h_53m_50s_wro4j.wro4j-185ab60=ro.isdc.wro.extensions.processor.support.sass.TestRubySassEngine.shouldProcessValidCss_output_1590454432,1590455844,1590454791,1053
251-nods-found-batch-output,JON_63_soa_only_nods_r100_t518400_5M_25d_19h_53m_50s_wro4j.wro4j-185ab60=ro.isdc.wro.extensions.processor.support.sass.TestRubySassEngine.shouldProcessValidNonAsciiSass_output_1590454432,1590455875,1590454789,1086
251-nods-found-batch-output,JON_63_soa_only_nods_r100_t518400_5M_25d_19h_53m_50s_wro4j.wro4j-185ab60=ro.isdc.wro.extensions.processor.support.sass.TestRubySassEngine.shouldProcessValidSass_output_1590454432,1590455848,1590454791,1057
251-nods-found-batch-output,JON_63_soa_only_nods_r100_t518400_5M_25d_19h_53m_50s_wro4j.wro4j-185ab60=ro.isdc.wro.extensions.processor.TestRubySassCssProcessor.executeMultipleTimesDoesntThrowOutOfMemoryException_output_1590454432,1590456067,1590454789,1278
251-nods-found-batch-output,JON_63_soa_only_nods_r100_t518400_5M_25d_19h_53m_50s_wro4j.wro4j-185ab60=ro.isdc.wro.extensions.processor.TestRubySassCssProcessor.shouldBeThreadSafe_output_1590454432,1590455896,1590454800,1096
251-nods-found-batch-output,JON_63_soa_only_nods_r100_t518400_5M_25d_19h_53m_50s_wro4j.wro4j-185ab60=ro.isdc.wro.extensions.processor.TestRubySassCssProcessor.shouldSucceedAfterAFailure_output_1590454432,1590455859,1590454798,1061
251-nods-found-batch-output,JON_63_soa_only_nods_r100_t518400_5M_25d_19h_53m_50s_wro4j.wro4j-185ab60=ro.isdc.wro.extensions.processor.TestRubySassCssProcessor.shouldTestFromFolder_output_1590454432,1590456045,1590454795,1250
251-nods-found-batch-output,JON_63_soa_only_nods_r100_t518400_5M_25d_19h_53m_50s_wso2.carbon-apimgt-a82213e=org.wso2.carbon.apimgt.throttling.siddhi.extension.ThrottleTimeBatchWindowTestCase.throttleTimeWindowBatchTest2_output_1590454432,1590456949,1590454812,2137
251-nods-found-batch-output,JON_63_soa_only_nods_r100_t518400_5M_25d_19h_53m_50s_zalando.riptide-8277e11=org.zalando.riptide.failsafe.RetryAfterDelayFunctionTest.shouldRetryWithDynamicDelayDate_output_1590454432,1590455844,1590454812,1032
251-nods-found-batch-output,JON_63_soa_only_nods_r100_t518400_5M_25d_19h_56m_49s_apache.hbase-801fc05=org.apache.hadoop.hbase.procedure2.store.wal.TestWALProcedureStore.testEmptyRoll_output_1590454612,1590456030,1590454840,1190
251-nods-found-batch-output,JON_63_soa_only_nods_r100_t518400_5M_25d_19h_56m_49s_apache.hbase-801fc05=org.apache.hadoop.hbase.procedure2.store.wal.TestWALProcedureStore.testRestartWithoutData_output_1590454612,1590456055,1590454869,1186
251-nods-found-batch-output,JON_63_soa_only_nods_r100_t518400_5M_25d_19h_56m_49s_apache.incubator-dubbo-737f7a7=org.apache.dubbo.remoting.transport.netty.ThreadNameTest.testThreadName_output_1590454612,1590456285,1590454855,1430
251-nods-found-batch-output,JON_63_soa_only_nods_r100_t518400_5M_25d_19h_56m_49s_apache.incubator-dubbo-737f7a7=org.apache.dubbo.rpc.protocol.dubbo.ExplicitCallbackTest.TestCallbackMultiInstans_output_1590454612,1590456040,1590454870,1170
251-nods-found-batch-output,JON_63_soa_only_nods_r100_t518400_5M_25d_19h_56m_49s_apache.incubator-dubbo-737f7a7=org.apache.dubbo.rpc.protocol.dubbo.telnet.InvokerTelnetHandlerTest.testInvokeAutoFindMethod_output_1590454612,1590455950,1590454872,1078
251-nods-found-batch-output,JON_63_soa_only_nods_r100_t518400_5M_25d_19h_56m_49s_apache.incubator-dubbo-737f7a7=org.apache.dubbo.rpc.protocol.dubbo.telnet.InvokerTelnetHandlerTest.testInvokeByPassingNullValue_output_1590454612,1590455904,1590454872,1032
251-nods-found-batch-output,JON_63_soa_only_nods_r100_t518400_5M_25d_19h_56m_49s_apache.incubator-dubbo-737f7a7=org.apache.dubbo.rpc.protocol.dubbo.telnet.InvokerTelnetHandlerTest.testInvokeDefaultSService_output_1590454612,1590455929,1590454873,1056
251-nods-found-batch-output,JON_63_soa_only_nods_r100_t518400_5M_25d_19h_56m_49s_apache.incubator-dubbo-737f7a7=org.apache.dubbo.rpc.protocol.dubbo.telnet.PortTelnetHandlerTest.testListAllPort_output_1590454612,1590455889,1590454851,1038
251-nods-found-batch-output,JON_63_soa_only_nods_r100_t518400_5M_25d_19h_56m_49s_apache.incubator-dubbo-737f7a7=org.apache.dubbo.rpc.protocol.dubbo.telnet.PortTelnetHandlerTest.testListDetail_output_1590454612,1590455949,1590454874,1075
251-nods-found-batch-output,JON_63_soa_only_nods_r100_t518400_5M_25d_19h_56m_49s_c2mon.c2mon-d80687b=cern.c2mon.daq.filter.dynamic.DiffMovingAverageTest.testAverage_output_1590454612,1590455293,1590454877,416
251-nods-found-batch-output,JON_63_soa_only_nods_r100_t518400_5M_25d_19h_56m_49s_c2mon.c2mon-d80687b=cern.c2mon.server.common.republisher.RepublisherImplTest.testMultiplePublicationsWithExceptions_output_1590454612,1590455404,1590454891,513
251-nods-found-batch-output,JON_63_soa_only_nods_r100_t518400_5M_25d_19h_56m_49s_davidmoten.rxjava2-extras-d0315b6=com.github.davidmoten.rx2.buffertofile.FlowableOnBackpressureBufferToFileTest.testCancel_output_1590454612,1590455462,1590454874,588
251-nods-found-batch-output,JON_63_soa_only_nods_r100_t518400_5M_25d_19h_56m_49s_elasticjob.elastic-job-lite-b022898=io.elasticjob.lite.internal.failover.FailoverServiceTest.assertGetLocalFailoverItemsIfShutdown_output_1590454612,1590455444,1590454872,572
251-nods-found-batch-output,JON_63_soa_only_nods_r100_t518400_5M_25d_19h_56m_49s_fluent.fluent-logger-java-da14ec3=org.fluentd.logger.TestFluentLogger.testClose_output_1590454612,1590455251,1590454909,342
251-nods-found-batch-output,JON_63_soa_only_nods_r100_t518400_5M_25d_19h_56m_49s_fluent.fluent-logger-java-da14ec3=org.fluentd.logger.TestFluentLogger.testFlushOnClose_output_1590454612,1590455263,1590454877,386
251-nods-found-batch-output,JON_63_soa_only_nods_r100_t518400_5M_25d_19h_56m_49s_fluent.fluent-logger-java-da14ec3=org.fluentd.logger.TestFluentLogger.testInMultiThreading_output_1590454612,1590455660,1590454893,767
251-nods-found-batch-output,JON_63_soa_only_nods_r100_t518400_5M_25d_19h_56m_49s_fluent.fluent-logger-java-da14ec3=org.fluentd.logger.TestFluentLogger.testNormal01_output_1590454612,1590455491,1590454897,594
251-nods-found-batch-output,JON_63_soa_only_nods_r100_t518400_5M_25d_19h_56m_49s_fluent.fluent-logger-java-da14ec3=org.fluentd.logger.TestFluentLogger.testNormal02_output_1590454612,1590455452,1590454877,575
251-nods-found-batch-output,JON_63_soa_only_nods_r100_t518400_5M_25d_19h_56m_49s_kagkarlsson.db-scheduler-4a8a28e=com.github.kagkarlsson.scheduler.compatibility.HsqlCompatibilityTest.test_jdbc_repository_compatibility_with_data_output_1590454612,1590455341,1590454911,430
251-nods-found-batch-output,JON_63_soa_only_nods_r100_t518400_5M_25d_19h_56m_49s_kagkarlsson.db-scheduler-4a8a28e=com.github.kagkarlsson.scheduler.DeadExecutionsTest.scheduler_should_detect_dead_execution_that_never_updated_heartbeat_output_1590454612,1590455298,1590454893,405
251-nods-found-batch-output,JON_63_soa_only_nods_r100_t518400_5M_25d_19h_56m_49s_kagkarlsson.db-scheduler-4a8a28e=com.github.kagkarlsson.scheduler.DeadExecutionsTest.scheduler_should_handle_dead_executions_output_1590454612,1590455296,1590454897,399
251-nods-found-batch-output,JON_63_soa_only_nods_r100_t518400_5M_25d_19h_56m_49s_kagkarlsson.db-scheduler-4a8a28e=com.github.kagkarlsson.scheduler.SchedulerClientTest.client_should_be_able_to_fetch_executions_for_task_output_1590454612,1590455314,1590454900,414
251-nods-found-batch-output,JON_63_soa_only_nods_r100_t518400_5M_25d_19h_56m_49s_kagkarlsson.db-scheduler-4a8a28e=com.github.kagkarlsson.scheduler.SchedulerClientTest.client_should_be_able_to_schedule_executions_output_1590454612,1590455301,1590454897,404
251-nods-found-batch-output,JON_63_soa_only_nods_r100_t518400_5M_25d_19h_56m_49s_kagkarlsson.db-scheduler-4a8a28e=com.github.kagkarlsson.scheduler.SchedulerClientTest.should_be_able_to_schedule_other_executions_from_an_executionhandler_output_1590454612,1590455295,1590454877,418
251-nods-found-batch-output,JON_63_soa_only_nods_r100_t518400_5M_25d_19h_56m_49s_nationalsecurityagency.timely-3a8cbd3=timely.store.iterators.TimeSeriesGroupingIteratorTest.testAdditionalTimeSeries_output_1590454612,1590456113,1590454881,1232
251-nods-found-batch-output,JON_63_soa_only_nods_r100_t518400_5M_25d_19h_56m_49s_nationalsecurityagency.timely-3a8cbd3=timely.store.iterators.TimeSeriesGroupingIteratorTest.testManySparseTimeSeries_output_1590454612,1590456132,1590454891,1241
251-nods-found-batch-output,JON_63_soa_only_nods_r100_t518400_5M_25d_19h_56m_49s_nationalsecurityagency.timely-3a8cbd3=timely.store.iterators.TimeSeriesGroupingIteratorTest.testTimeSeriesDropOff_output_1590454612,1590456146,1590454885,1261
251-nods-found-batch-output,JON_63_soa_only_nods_r100_t518400_5M_25d_19h_56m_49s_openpojo.openpojo-9badbcc=com.openpojo.issues.issue112.IssueTest.shouldNotFail_output_1590454612,1590456376,1590454897,1479
251-nods-found-batch-output,JON_63_soa_only_nods_r100_t518400_5M_25d_19h_56m_49s_openpojo.openpojo-9badbcc=com.openpojo.validation.rule.impl.TestClassMustEndWithRuleTest.aTestNGClassThatDoesntEndWithTestShouldFail_output_1590454612,1590456122,1590454879,1243
251-nods-found-batch-output,JON_63_soa_only_nods_r100_t518400_5M_25d_19h_56m_49s_openpojo.openpojo-9badbcc=com.openpojo.validation.test.impl.GetterTesterAndSetterTesterTest.shouldPassSetterTest_output_1590454612,1590456321,1590454891,1430
251-nods-found-batch-output,JON_63_soa_only_nods_r100_t518400_5M_25d_19h_56m_49s_openpojo.openpojo-9badbcc=com.openpojo.validation.test.impl.GetterTesterTest.shouldSuccessfullyValidateEvenIfLoggingFails_output_1590454612,1590456201,1590454883,1318
251-nods-found-batch-output,JON_63_soa_only_nods_r100_t518400_5M_25d_19h_56m_49s_openpojo.openpojo-9badbcc=com.openpojo.validation.test.impl.SerializableTesterTest.shouldFailNonSerializableObject_output_1590454612,1590456138,1590454893,1245
251-nods-found-batch-output,JON_63_soa_only_nods_r100_t518400_5M_25d_19h_56m_49s_openpojo.openpojo-9badbcc=com.openpojo.validation.test.impl.SerializableTesterTest.shouldFailOnObjectWrite_output_1590454612,1590456134,1590454885,1249
251-nods-found-batch-output,JON_63_soa_only_nods_r100_t518400_5M_25d_19h_56m_49s_openpojo.openpojo-9badbcc=com.openpojo.validation.test.impl.SerializableTesterTest.shouldFailOnReadObject_output_1590454612,1590456233,1590454895,1338
251-nods-found-batch-output,JON_63_soa_only_nods_r100_t518400_5M_25d_19h_56m_49s_openpojo.openpojo-9badbcc=com.openpojo.validation.test.impl.SerializableTesterTest.shouldFailSerializingSerializableChildOfSerializableParentWithNonSerializableField_output_1590454612,1590456204,1590454925,1279
251-nods-found-batch-output,JON_63_soa_only_nods_r100_t518400_5M_25d_19h_56m_49s_openpojo.openpojo-9badbcc=com.openpojo.validation.test.impl.SerializableTesterTest.shouldNotFailIfNonSerializableIsTransient_output_1590454612,1590456152,1590454900,1252
251-nods-found-batch-output,JON_63_soa_only_nods_r100_t518400_5M_25d_19h_56m_49s_openpojo.openpojo-9badbcc=com.openpojo.validation.test.impl.SerializableTesterTest.shouldPassSerializationTest_output_1590454612,1590456169,1590454909,1260
251-nods-found-batch-output,JON_63_soa_only_nods_r100_t518400_5M_25d_19h_56m_49s_openpojo.openpojo-9badbcc=com.openpojo.validation.test.impl.SerializableTesterTest.shouldSkipOverNonSerializableClass_output_1590454612,1590456292,1590454885,1407
251-nods-found-batch-output,JON_63_soa_only_nods_r100_t518400_5M_25d_19h_56m_49s_openpojo.openpojo-9badbcc=com.openpojo.validation.test.impl.SetterTesterTest.shouldSuccessfullyValidateEvenIfLoggingFails_output_1590454612,1590456275,1590454912,1363
251-nods-found-batch-output,JON_63_soa_only_nods_r100_t518400_5M_25d_19h_56m_49s_openpojo.openpojo-9badbcc=com.openpojo.validation.utils.ValidationHelperTest.shouldReportMissingASMProperly_output_1590454612,1590456273,1590454904,1369
251-nods-found-batch-output,JON_63_soa_only_nods_r100_t518400_5M_25d_19h_56m_49s_openpojo.openpojo-9badbcc=com.openpojo.validation.ValidatorBuilderTest.build_returnsValidator_output_1590454612,1590456073,1590454885,1188
251-nods-found-batch-output,JON_63_soa_only_nods_r100_t518400_5M_25d_19h_56m_49s_openpojo.openpojo-9badbcc=com.openpojo.validation.ValidatorBuilderTest.withRules_persistRules_output_1590454612,1590456132,1590454895,1237
251-nods-found-batch-output,JON_63_soa_only_nods_r100_t518400_5M_25d_19h_56m_49s_openpojo.openpojo-9badbcc=com.openpojo.validation.ValidatorBuilderTest.withTesters_persistRules_output_1590454612,1590456100,1590454891,1209
251-nods-found-batch-output,JON_63_soa_only_nods_r100_t518400_5M_25d_19h_56m_49s_oracle.oci-java-sdk-2e9982f=com.oracle.bmc.objectstorage.transfer.ProgressTrackerTest.singleUploadProgressTrackerFactory_resetProgressTracker_output_1590454612,1590455490,1590454895,595
251-nods-found-batch-output,JON_63_soa_only_nods_r100_t518400_5M_25d_19h_56m_49s_spinn3r.noxy-d53a494=com.spinn3r.noxy.discovery.zookeeper.ZKTest.testMembershipJoinAndLeave_output_1590454612,1590455616,1590454916,700
251-nods-found-batch-output,JON_63_soa_only_nods_r100_t518400_5M_25d_19h_56m_49s_spotify.helios-aebf68d=com.spotify.helios.testing.SimpleTest.simpleTest_output_1590454612,1590461686,1590454885,6801
251-nods-found-batch-output,JON_63_soa_only_nods_r100_t518400_5M_25d_19h_56m_49s_spotify.helios-aebf68d=com.spotify.helios.testing.TempJobFailureTest.testDeploymentFailure_output_1590454612,1590458305,1590454964,3341
251-nods-found-batch-output,JON_63_soa_only_nods_r100_t518400_5M_25d_19h_56m_49s_tootallnate.java-websocket-fa3909c=org.java_websocket.issues.Issue621Test.testIssue_output_1590454612,1590455394,1590454932,462
251-nods-found-batch-output,JON_63_soa_only_nods_r100_t518400_5M_25d_19h_56m_49s_undertow-io.undertow-d0efffa=io.undertow.websockets.jsr.test.extension.JsrWebsocketExtensionTestCase.testLongTextMessage_output_1590454612,1590456617,1590454978,1639
251-nods-found-batch-output,JON_63_soa_only_nods_r100_t518400_5M_25d_19h_56m_49s_undertow-io.undertow-d0efffa=io.undertow.websockets.jsr.test.JsrWebSocketServer13Test.testTextUsingWriter_output_1590454612,1590455842,1590454893,949
251-nods-found-batch-output,JON_63_soa_only_nods_r100_t518400_5M_25d_19h_56m_49s_undertow-io.undertow-d0efffa=io.undertow.websockets.jsr.test.stress.WebsocketStressTestCase.webSocketStringStressTestCase_output_1590454612,1590456210,1590454893,1317
251-nods-found-batch-output,JON_63_soa_only_nods_r100_t518400_5M_25d_19h_56m_49s_wro4j.wro4j-185ab60=ro.isdc.wro.extensions.processor.support.sass.TestRubySassEngine.shouldProcessValidCss_output_1590454612,1590456053,1590454893,1160
251-nods-found-batch-output,JON_63_soa_only_nods_r100_t518400_5M_25d_19h_56m_49s_wro4j.wro4j-185ab60=ro.isdc.wro.extensions.processor.support.sass.TestRubySassEngine.shouldProcessValidNonAsciiSass_output_1590454612,1590456171,1590454909,1262
251-nods-found-batch-output,JON_63_soa_only_nods_r100_t518400_5M_25d_19h_56m_49s_wro4j.wro4j-185ab60=ro.isdc.wro.extensions.processor.support.sass.TestRubySassEngine.shouldProcessValidSass_output_1590454612,1590456032,1590454900,1132
251-nods-found-batch-output,JON_63_soa_only_nods_r100_t518400_5M_25d_19h_56m_49s_wro4j.wro4j-185ab60=ro.isdc.wro.extensions.processor.TestRubySassCssProcessor.executeMultipleTimesDoesntThrowOutOfMemoryException_output_1590454612,1590456153,1590454897,1256
251-nods-found-batch-output,JON_63_soa_only_nods_r100_t518400_5M_25d_19h_56m_49s_wro4j.wro4j-185ab60=ro.isdc.wro.extensions.processor.TestRubySassCssProcessor.shouldBeThreadSafe_output_1590454612,1590456272,1590454955,1317
251-nods-found-batch-output,JON_63_soa_only_nods_r100_t518400_5M_25d_19h_56m_49s_wro4j.wro4j-185ab60=ro.isdc.wro.extensions.processor.TestRubySassCssProcessor.shouldSucceedAfterAFailure_output_1590454612,1590456151,1590454943,1208
251-nods-found-batch-output,JON_63_soa_only_nods_r100_t518400_5M_25d_19h_56m_49s_wro4j.wro4j-185ab60=ro.isdc.wro.extensions.processor.TestRubySassCssProcessor.shouldTestFromFolder_output_1590454612,1590456264,1590454932,1332
251-nods-found-batch-output,JON_63_soa_only_nods_r100_t518400_5M_25d_19h_56m_49s_wso2.carbon-apimgt-a82213e=org.wso2.carbon.apimgt.throttling.siddhi.extension.ThrottleTimeBatchWindowTestCase.throttleTimeWindowBatchTest2_output_1590454612,1590457086,1590454960,2126
251-nods-found-batch-output,JON_63_soa_only_nods_r100_t518400_5M_25d_19h_56m_49s_zalando.riptide-8277e11=org.zalando.riptide.failsafe.RetryAfterDelayFunctionTest.shouldRetryWithDynamicDelayDate_output_1590454612,1590455878,1590454897,981
251-nods-found-batch-output,JON_63_soa_only_nods_r100_t518400_5M_25d_19h_59m_50s_apache.hbase-801fc05=org.apache.hadoop.hbase.procedure2.store.wal.TestWALProcedureStore.testEmptyRoll_output_1590454792,1590456077,1590454999,1078
251-nods-found-batch-output,JON_63_soa_only_nods_r100_t518400_5M_25d_19h_59m_50s_apache.hbase-801fc05=org.apache.hadoop.hbase.procedure2.store.wal.TestWALProcedureStore.testRestartWithoutData_output_1590454792,1590456160,1590455009,1151
251-nods-found-batch-output,JON_63_soa_only_nods_r100_t518400_5M_25d_19h_59m_50s_apache.incubator-dubbo-737f7a7=org.apache.dubbo.remoting.transport.netty.ThreadNameTest.testThreadName_output_1590454792,1590456341,1590455023,1318
251-nods-found-batch-output,JON_63_soa_only_nods_r100_t518400_5M_25d_19h_59m_50s_apache.incubator-dubbo-737f7a7=org.apache.dubbo.rpc.protocol.dubbo.ExplicitCallbackTest.TestCallbackMultiInstans_output_1590454792,1590456088,1590455032,1056
251-nods-found-batch-output,JON_63_soa_only_nods_r100_t518400_5M_25d_19h_59m_50s_apache.incubator-dubbo-737f7a7=org.apache.dubbo.rpc.protocol.dubbo.telnet.InvokerTelnetHandlerTest.testInvokeAutoFindMethod_output_1590454792,1590456091,1590455040,1051
251-nods-found-batch-output,JON_63_soa_only_nods_r100_t518400_5M_25d_19h_59m_50s_apache.incubator-dubbo-737f7a7=org.apache.dubbo.rpc.protocol.dubbo.telnet.InvokerTelnetHandlerTest.testInvokeByPassingNullValue_output_1590454792,1590456031,1590455004,1027
251-nods-found-batch-output,JON_63_soa_only_nods_r100_t518400_5M_25d_19h_59m_50s_apache.incubator-dubbo-737f7a7=org.apache.dubbo.rpc.protocol.dubbo.telnet.InvokerTelnetHandlerTest.testInvokeDefaultSService_output_1590454792,1590456104,1590455044,1060
251-nods-found-batch-output,JON_63_soa_only_nods_r100_t518400_5M_25d_19h_59m_50s_apache.incubator-dubbo-737f7a7=org.apache.dubbo.rpc.protocol.dubbo.telnet.PortTelnetHandlerTest.testListAllPort_output_1590454792,1590455995,1590455036,959
251-nods-found-batch-output,JON_63_soa_only_nods_r100_t518400_5M_25d_19h_59m_50s_apache.incubator-dubbo-737f7a7=org.apache.dubbo.rpc.protocol.dubbo.telnet.PortTelnetHandlerTest.testListDetail_output_1590454792,1590456008,1590455042,966
251-nods-found-batch-output,JON_63_soa_only_nods_r100_t518400_5M_25d_19h_59m_50s_c2mon.c2mon-d80687b=cern.c2mon.daq.filter.dynamic.DiffMovingAverageTest.testAverage_output_1590454792,1590455438,1590455053,385
251-nods-found-batch-output,JON_63_soa_only_nods_r100_t518400_5M_25d_19h_59m_50s_c2mon.c2mon-d80687b=cern.c2mon.server.common.republisher.RepublisherImplTest.testMultiplePublicationsWithExceptions_output_1590454792,1590455532,1590455044,488
251-nods-found-batch-output,JON_63_soa_only_nods_r100_t518400_5M_25d_19h_59m_50s_davidmoten.rxjava2-extras-d0315b6=com.github.davidmoten.rx2.buffertofile.FlowableOnBackpressureBufferToFileTest.testCancel_output_1590454792,1590455648,1590455044,604
251-nods-found-batch-output,JON_63_soa_only_nods_r100_t518400_5M_25d_19h_59m_50s_elasticjob.elastic-job-lite-b022898=io.elasticjob.lite.internal.failover.FailoverServiceTest.assertGetLocalFailoverItemsIfShutdown_output_1590454792,1590455612,1590455060,552
251-nods-found-batch-output,JON_63_soa_only_nods_r100_t518400_5M_25d_19h_59m_50s_fluent.fluent-logger-java-da14ec3=org.fluentd.logger.TestFluentLogger.testClose_output_1590454792,1590455404,1590455064,340
251-nods-found-batch-output,JON_63_soa_only_nods_r100_t518400_5M_25d_19h_59m_50s_fluent.fluent-logger-java-da14ec3=org.fluentd.logger.TestFluentLogger.testFlushOnClose_output_1590454792,1590455430,1590455064,366
251-nods-found-batch-output,JON_63_soa_only_nods_r100_t518400_5M_25d_19h_59m_50s_fluent.fluent-logger-java-da14ec3=org.fluentd.logger.TestFluentLogger.testInMultiThreading_output_1590454792,1590455821,1590455067,754
251-nods-found-batch-output,JON_63_soa_only_nods_r100_t518400_5M_25d_19h_59m_50s_fluent.fluent-logger-java-da14ec3=org.fluentd.logger.TestFluentLogger.testNormal01_output_1590454792,1590455661,1590455064,597
251-nods-found-batch-output,JON_63_soa_only_nods_r100_t518400_5M_25d_19h_59m_50s_fluent.fluent-logger-java-da14ec3=org.fluentd.logger.TestFluentLogger.testNormal02_output_1590454792,1590455645,1590455069,576
251-nods-found-batch-output,JON_63_soa_only_nods_r100_t518400_5M_25d_19h_59m_50s_kagkarlsson.db-scheduler-4a8a28e=com.github.kagkarlsson.scheduler.compatibility.HsqlCompatibilityTest.test_jdbc_repository_compatibility_with_data_output_1590454792,1590455485,1590455064,421
251-nods-found-batch-output,JON_63_soa_only_nods_r100_t518400_5M_25d_19h_59m_50s_kagkarlsson.db-scheduler-4a8a28e=com.github.kagkarlsson.scheduler.DeadExecutionsTest.scheduler_should_detect_dead_execution_that_never_updated_heartbeat_output_1590454792,1590455464,1590455072,392
251-nods-found-batch-output,JON_63_soa_only_nods_r100_t518400_5M_25d_19h_59m_50s_openpojo.openpojo-9badbcc=com.openpojo.issues.issue112.IssueTest.shouldNotFail_output_1590454792,1590456560,1590455074,1486
251-nods-found-batch-output,JON_63_soa_only_nods_r100_t518400_5M_25d_19h_59m_50s_kagkarlsson.db-scheduler-4a8a28e=com.github.kagkarlsson.scheduler.DeadExecutionsTest.scheduler_should_handle_dead_executions_output_1590454792,1590455483,1590455072,411
251-nods-found-batch-output,JON_63_soa_only_nods_r100_t518400_5M_25d_19h_59m_50s_kagkarlsson.db-scheduler-4a8a28e=com.github.kagkarlsson.scheduler.SchedulerClientTest.client_should_be_able_to_fetch_executions_for_task_output_1590454792,1590455483,1590455077,406
251-nods-found-batch-output,JON_63_soa_only_nods_r100_t518400_5M_25d_19h_59m_50s_kagkarlsson.db-scheduler-4a8a28e=com.github.kagkarlsson.scheduler.SchedulerClientTest.client_should_be_able_to_schedule_executions_output_1590454792,1590455476,1590455074,402
251-nods-found-batch-output,JON_63_soa_only_nods_r100_t518400_5M_25d_19h_59m_50s_kagkarlsson.db-scheduler-4a8a28e=com.github.kagkarlsson.scheduler.SchedulerClientTest.should_be_able_to_schedule_other_executions_from_an_executionhandler_output_1590454792,1590455472,1590455074,398
251-nods-found-batch-output,JON_63_soa_only_nods_r100_t518400_5M_25d_19h_59m_50s_nationalsecurityagency.timely-3a8cbd3=timely.store.iterators.TimeSeriesGroupingIteratorTest.testAdditionalTimeSeries_output_1590454792,1590456235,1590455071,1164
251-nods-found-batch-output,JON_63_soa_only_nods_r100_t518400_5M_25d_19h_59m_50s_nationalsecurityagency.timely-3a8cbd3=timely.store.iterators.TimeSeriesGroupingIteratorTest.testManySparseTimeSeries_output_1590454792,1590456292,1590455079,1213
251-nods-found-batch-output,JON_63_soa_only_nods_r100_t518400_5M_25d_19h_59m_50s_nationalsecurityagency.timely-3a8cbd3=timely.store.iterators.TimeSeriesGroupingIteratorTest.testTimeSeriesDropOff_output_1590454792,1590456186,1590455008,1178
251-nods-found-batch-output,JON_63_soa_only_nods_r100_t518400_5M_25d_19h_59m_50s_openpojo.openpojo-9badbcc=com.openpojo.validation.rule.impl.TestClassMustEndWithRuleTest.aTestNGClassThatDoesntEndWithTestShouldFail_output_1590454792,1590456440,1590455077,1363
251-nods-found-batch-output,JON_63_soa_only_nods_r100_t518400_5M_25d_19h_59m_50s_openpojo.openpojo-9badbcc=com.openpojo.validation.test.impl.GetterTesterAndSetterTesterTest.shouldPassSetterTest_output_1590454792,1590456405,1590455077,1328
251-nods-found-batch-output,JON_63_soa_only_nods_r100_t518400_5M_25d_19h_59m_50s_openpojo.openpojo-9badbcc=com.openpojo.validation.test.impl.GetterTesterTest.shouldSuccessfullyValidateEvenIfLoggingFails_output_1590454792,1590456261,1590455077,1184
251-nods-found-batch-output,JON_63_soa_only_nods_r100_t518400_5M_25d_19h_59m_50s_openpojo.openpojo-9badbcc=com.openpojo.validation.test.impl.SerializableTesterTest.shouldFailNonSerializableObject_output_1590454792,1590456357,1590455083,1274
251-nods-found-batch-output,JON_63_soa_only_nods_r100_t518400_5M_25d_19h_59m_50s_openpojo.openpojo-9badbcc=com.openpojo.validation.test.impl.SerializableTesterTest.shouldFailOnObjectWrite_output_1590454792,1590456289,1590455083,1206
251-nods-found-batch-output,JON_63_soa_only_nods_r100_t518400_5M_25d_19h_59m_50s_openpojo.openpojo-9badbcc=com.openpojo.validation.test.impl.SerializableTesterTest.shouldFailOnReadObject_output_1590454792,1590456397,1590455105,1292
251-nods-found-batch-output,JON_63_soa_only_nods_r100_t518400_5M_25d_19h_59m_50s_openpojo.openpojo-9badbcc=com.openpojo.validation.test.impl.SerializableTesterTest.shouldFailSerializingSerializableChildOfSerializableParentWithNonSerializableField_output_1590454792,1590456401,1590455103,1298
251-nods-found-batch-output,JON_63_soa_only_nods_r100_t518400_5M_25d_19h_59m_50s_openpojo.openpojo-9badbcc=com.openpojo.validation.test.impl.SerializableTesterTest.shouldNotFailIfNonSerializableIsTransient_output_1590454792,1590456257,1590455081,1176
251-nods-found-batch-output,JON_63_soa_only_nods_r100_t518400_5M_25d_19h_59m_50s_openpojo.openpojo-9badbcc=com.openpojo.validation.test.impl.SerializableTesterTest.shouldPassSerializationTest_output_1590454792,1590456321,1590455086,1235
251-nods-found-batch-output,JON_63_soa_only_nods_r100_t518400_5M_25d_19h_59m_50s_openpojo.openpojo-9badbcc=com.openpojo.validation.test.impl.SerializableTesterTest.shouldSkipOverNonSerializableClass_output_1590454792,1590456335,1590455083,1252
251-nods-found-batch-output,JON_63_soa_only_nods_r100_t518400_5M_25d_19h_59m_50s_openpojo.openpojo-9badbcc=com.openpojo.validation.test.impl.SetterTesterTest.shouldSuccessfullyValidateEvenIfLoggingFails_output_1590454792,1590456359,1590455083,1276
251-nods-found-batch-output,JON_63_soa_only_nods_r100_t518400_5M_25d_19h_59m_50s_openpojo.openpojo-9badbcc=com.openpojo.validation.utils.ValidationHelperTest.shouldReportMissingASMProperly_output_1590454792,1590456349,1590455086,1263
251-nods-found-batch-output,JON_63_soa_only_nods_r100_t518400_5M_25d_19h_59m_50s_openpojo.openpojo-9badbcc=com.openpojo.validation.ValidatorBuilderTest.build_returnsValidator_output_1590454792,1590456361,1590455105,1256
251-nods-found-batch-output,JON_63_soa_only_nods_r100_t518400_5M_25d_19h_59m_50s_openpojo.openpojo-9badbcc=com.openpojo.validation.ValidatorBuilderTest.withRules_persistRules_output_1590454792,1590456337,1590455105,1232
251-nods-found-batch-output,JON_63_soa_only_nods_r100_t518400_5M_25d_19h_59m_50s_openpojo.openpojo-9badbcc=com.openpojo.validation.ValidatorBuilderTest.withTesters_persistRules_output_1590454792,1590456302,1590455086,1216
251-nods-found-batch-output,JON_63_soa_only_nods_r100_t518400_5M_25d_19h_59m_50s_oracle.oci-java-sdk-2e9982f=com.oracle.bmc.objectstorage.transfer.ProgressTrackerTest.singleUploadProgressTrackerFactory_resetProgressTracker_output_1590454792,1590455707,1590455083,624
251-nods-found-batch-output,JON_63_soa_only_nods_r100_t518400_5M_25d_19h_59m_50s_spinn3r.noxy-d53a494=com.spinn3r.noxy.discovery.zookeeper.ZKTest.testMembershipJoinAndLeave_output_1590454792,1590455794,1590455103,691
251-nods-found-batch-output,JON_63_soa_only_nods_r100_t518400_5M_25d_19h_59m_50s_spotify.helios-aebf68d=com.spotify.helios.testing.SimpleTest.simpleTest_output_1590454792,1590462364,1590455086,7278
251-nods-found-batch-output,JON_63_soa_only_nods_r100_t518400_5M_25d_19h_59m_50s_spotify.helios-aebf68d=com.spotify.helios.testing.TempJobFailureTest.testDeploymentFailure_output_1590454792,1590458691,1590455109,3582
251-nods-found-batch-output,JON_63_soa_only_nods_r100_t518400_5M_25d_19h_59m_50s_tootallnate.java-websocket-fa3909c=org.java_websocket.issues.Issue621Test.testIssue_output_1590454792,1590455541,1590455109,432
251-nods-found-batch-output,JON_63_soa_only_nods_r100_t518400_5M_25d_19h_59m_50s_undertow-io.undertow-d0efffa=io.undertow.websockets.jsr.test.extension.JsrWebsocketExtensionTestCase.testLongTextMessage_output_1590454792,1590456732,1590455090,1642
251-nods-found-batch-output,JON_63_soa_only_nods_r100_t518400_5M_25d_19h_59m_50s_undertow-io.undertow-d0efffa=io.undertow.websockets.jsr.test.JsrWebSocketServer13Test.testTextUsingWriter_output_1590454792,1590456093,1590455105,988
251-nods-found-batch-output,JON_63_soa_only_nods_r100_t518400_5M_25d_19h_59m_50s_undertow-io.undertow-d0efffa=io.undertow.websockets.jsr.test.stress.WebsocketStressTestCase.webSocketStringStressTestCase_output_1590454792,1590456460,1590455099,1361
251-nods-found-batch-output,JON_63_soa_only_nods_r100_t518400_5M_25d_19h_59m_50s_wro4j.wro4j-185ab60=ro.isdc.wro.extensions.processor.support.sass.TestRubySassEngine.shouldProcessValidCss_output_1590454792,1590456276,1590455086,1190
251-nods-found-batch-output,JON_63_soa_only_nods_r100_t518400_5M_25d_19h_59m_50s_wro4j.wro4j-185ab60=ro.isdc.wro.extensions.processor.support.sass.TestRubySassEngine.shouldProcessValidNonAsciiSass_output_1590454792,1590456255,1590455086,1169
251-nods-found-batch-output,JON_63_soa_only_nods_r100_t518400_5M_25d_19h_59m_50s_wro4j.wro4j-185ab60=ro.isdc.wro.extensions.processor.support.sass.TestRubySassEngine.shouldProcessValidSass_output_1590454792,1590456226,1590455097,1129
251-nods-found-batch-output,JON_63_soa_only_nods_r100_t518400_5M_25d_19h_59m_50s_wro4j.wro4j-185ab60=ro.isdc.wro.extensions.processor.TestRubySassCssProcessor.executeMultipleTimesDoesntThrowOutOfMemoryException_output_1590454792,1590456329,1590455097,1232
251-nods-found-batch-output,JON_63_soa_only_nods_r100_t518400_5M_25d_19h_59m_50s_wro4j.wro4j-185ab60=ro.isdc.wro.extensions.processor.TestRubySassCssProcessor.shouldBeThreadSafe_output_1590454792,1590456289,1590455105,1184
251-nods-found-batch-output,JON_63_soa_only_nods_r100_t518400_5M_25d_19h_59m_50s_wro4j.wro4j-185ab60=ro.isdc.wro.extensions.processor.TestRubySassCssProcessor.shouldSucceedAfterAFailure_output_1590454792,1590456265,1590455105,1160
251-nods-found-batch-output,JON_63_soa_only_nods_r100_t518400_5M_25d_19h_59m_50s_wro4j.wro4j-185ab60=ro.isdc.wro.extensions.processor.TestRubySassCssProcessor.shouldTestFromFolder_output_1590454792,1590456341,1590455107,1234
251-nods-found-batch-output,JON_63_soa_only_nods_r100_t518400_5M_25d_19h_59m_50s_wso2.carbon-apimgt-a82213e=org.wso2.carbon.apimgt.throttling.siddhi.extension.ThrottleTimeBatchWindowTestCase.throttleTimeWindowBatchTest2_output_1590454792,1590457177,1590455105,2072
251-nods-found-batch-output,JON_63_soa_only_nods_r100_t518400_5M_25d_19h_59m_50s_zalando.riptide-8277e11=org.zalando.riptide.failsafe.RetryAfterDelayFunctionTest.shouldRetryWithDynamicDelayDate_output_1590454792,1590456071,1590455105,966
251-nods-found-batch-output,JON_63_soa_only_nods_r100_t518400_5M_25d_20h_11m_49s_apache.hbase-801fc05=org.apache.hadoop.hbase.procedure2.store.wal.TestWALProcedureStore.testEmptyRoll_output_1590455512,1590456796,1590455730,1066
251-nods-found-batch-output,JON_63_soa_only_nods_r100_t518400_5M_25d_20h_11m_49s_apache.hbase-801fc05=org.apache.hadoop.hbase.procedure2.store.wal.TestWALProcedureStore.testRestartWithoutData_output_1590455512,1590456895,1590455741,1154
251-nods-found-batch-output,JON_63_soa_only_nods_r100_t518400_5M_25d_20h_11m_49s_apache.incubator-dubbo-737f7a7=org.apache.dubbo.remoting.transport.netty.ThreadNameTest.testThreadName_output_1590455512,1590457038,1590455749,1289
251-nods-found-batch-output,JON_63_soa_only_nods_r100_t518400_5M_25d_20h_11m_49s_apache.incubator-dubbo-737f7a7=org.apache.dubbo.rpc.protocol.dubbo.ExplicitCallbackTest.TestCallbackMultiInstans_output_1590455512,1590456883,1590455751,1132
251-nods-found-batch-output,JON_63_soa_only_nods_r100_t518400_5M_25d_20h_11m_49s_apache.incubator-dubbo-737f7a7=org.apache.dubbo.rpc.protocol.dubbo.telnet.InvokerTelnetHandlerTest.testInvokeAutoFindMethod_output_1590455512,1590456829,1590455751,1078
251-nods-found-batch-output,JON_63_soa_only_nods_r100_t518400_5M_25d_20h_11m_49s_apache.incubator-dubbo-737f7a7=org.apache.dubbo.rpc.protocol.dubbo.telnet.InvokerTelnetHandlerTest.testInvokeByPassingNullValue_output_1590455512,1590456802,1590455758,1044
251-nods-found-batch-output,JON_63_soa_only_nods_r100_t518400_5M_25d_20h_11m_49s_apache.incubator-dubbo-737f7a7=org.apache.dubbo.rpc.protocol.dubbo.telnet.InvokerTelnetHandlerTest.testInvokeDefaultSService_output_1590455512,1590456825,1590455758,1067
251-nods-found-batch-output,JON_63_soa_only_nods_r100_t518400_5M_25d_20h_11m_49s_apache.incubator-dubbo-737f7a7=org.apache.dubbo.rpc.protocol.dubbo.telnet.PortTelnetHandlerTest.testListAllPort_output_1590455512,1590456741,1590455739,1002
251-nods-found-batch-output,JON_63_soa_only_nods_r100_t518400_5M_25d_20h_11m_49s_apache.incubator-dubbo-737f7a7=org.apache.dubbo.rpc.protocol.dubbo.telnet.PortTelnetHandlerTest.testListDetail_output_1590455512,1590456821,1590455767,1054
251-nods-found-batch-output,JON_63_soa_only_nods_r100_t518400_5M_25d_20h_11m_49s_c2mon.c2mon-d80687b=cern.c2mon.daq.filter.dynamic.DiffMovingAverageTest.testAverage_output_1590455512,1590456182,1590455761,421
251-nods-found-batch-output,JON_63_soa_only_nods_r100_t518400_5M_25d_20h_11m_49s_c2mon.c2mon-d80687b=cern.c2mon.server.common.republisher.RepublisherImplTest.testMultiplePublicationsWithExceptions_output_1590455512,1590456203,1590455778,425
251-nods-found-batch-output,JON_63_soa_only_nods_r100_t518400_5M_25d_20h_11m_49s_davidmoten.rxjava2-extras-d0315b6=com.github.davidmoten.rx2.buffertofile.FlowableOnBackpressureBufferToFileTest.testCancel_output_1590455512,1590456258,1590455776,482
251-nods-found-batch-output,JON_63_soa_only_nods_r100_t518400_5M_25d_20h_11m_49s_elasticjob.elastic-job-lite-b022898=io.elasticjob.lite.internal.failover.FailoverServiceTest.assertGetLocalFailoverItemsIfShutdown_output_1590455512,1590456334,1590455773,561
251-nods-found-batch-output,JON_63_soa_only_nods_r100_t518400_5M_25d_20h_11m_49s_fluent.fluent-logger-java-da14ec3=org.fluentd.logger.TestFluentLogger.testClose_output_1590455512,1590456076,1590455776,300
251-nods-found-batch-output,JON_63_soa_only_nods_r100_t518400_5M_25d_20h_11m_49s_fluent.fluent-logger-java-da14ec3=org.fluentd.logger.TestFluentLogger.testFlushOnClose_output_1590455512,1590456175,1590455779,396
251-nods-found-batch-output,JON_63_soa_only_nods_r100_t518400_5M_25d_20h_11m_49s_fluent.fluent-logger-java-da14ec3=org.fluentd.logger.TestFluentLogger.testInMultiThreading_output_1590455512,1590456511,1590455781,730
251-nods-found-batch-output,JON_63_soa_only_nods_r100_t518400_5M_25d_20h_11m_49s_fluent.fluent-logger-java-da14ec3=org.fluentd.logger.TestFluentLogger.testNormal01_output_1590455512,1590456323,1590455781,542
251-nods-found-batch-output,JON_63_soa_only_nods_r100_t518400_5M_25d_20h_11m_49s_fluent.fluent-logger-java-da14ec3=org.fluentd.logger.TestFluentLogger.testNormal02_output_1590455512,1590456362,1590455785,577
251-nods-found-batch-output,JON_63_soa_only_nods_r100_t518400_5M_25d_20h_11m_49s_kagkarlsson.db-scheduler-4a8a28e=com.github.kagkarlsson.scheduler.compatibility.HsqlCompatibilityTest.test_jdbc_repository_compatibility_with_data_output_1590455512,1590456184,1590455783,401
251-nods-found-batch-output,JON_63_soa_only_nods_r100_t518400_5M_25d_20h_11m_49s_kagkarlsson.db-scheduler-4a8a28e=com.github.kagkarlsson.scheduler.DeadExecutionsTest.scheduler_should_handle_dead_executions_output_1590455512,1590456219,1590455788,431
251-nods-found-batch-output,JON_63_soa_only_nods_r100_t518400_5M_25d_20h_11m_49s_kagkarlsson.db-scheduler-4a8a28e=com.github.kagkarlsson.scheduler.DeadExecutionsTest.scheduler_should_detect_dead_execution_that_never_updated_heartbeat_output_1590455512,1590456186,1590455783,403
251-nods-found-batch-output,JON_63_soa_only_nods_r100_t518400_5M_25d_20h_11m_49s_kagkarlsson.db-scheduler-4a8a28e=com.github.kagkarlsson.scheduler.SchedulerClientTest.client_should_be_able_to_fetch_executions_for_task_output_1590455512,1590456140,1590455792,348
251-nods-found-batch-output,JON_63_soa_only_nods_r100_t518400_5M_25d_20h_11m_49s_kagkarlsson.db-scheduler-4a8a28e=com.github.kagkarlsson.scheduler.SchedulerClientTest.client_should_be_able_to_schedule_executions_output_1590455512,1590456191,1590455790,401
251-nods-found-batch-output,JON_63_soa_only_nods_r100_t518400_5M_25d_20h_11m_49s_kagkarlsson.db-scheduler-4a8a28e=com.github.kagkarlsson.scheduler.SchedulerClientTest.should_be_able_to_schedule_other_executions_from_an_executionhandler_output_1590455512,1590456131,1590455747,384
251-nods-found-batch-output,JON_63_soa_only_nods_r100_t518400_5M_25d_20h_11m_49s_nationalsecurityagency.timely-3a8cbd3=timely.store.iterators.TimeSeriesGroupingIteratorTest.testAdditionalTimeSeries_output_1590455512,1590456830,1590455790,1040
251-nods-found-batch-output,JON_63_soa_only_nods_r100_t518400_5M_25d_20h_11m_49s_nationalsecurityagency.timely-3a8cbd3=timely.store.iterators.TimeSeriesGroupingIteratorTest.testManySparseTimeSeries_output_1590455512,1590456966,1590455790,1176
251-nods-found-batch-output,JON_63_soa_only_nods_r100_t518400_5M_25d_20h_11m_49s_nationalsecurityagency.timely-3a8cbd3=timely.store.iterators.TimeSeriesGroupingIteratorTest.testTimeSeriesDropOff_output_1590455512,1590456970,1590455792,1178
251-nods-found-batch-output,JON_63_soa_only_nods_r100_t518400_5M_25d_20h_11m_49s_openpojo.openpojo-9badbcc=com.openpojo.issues.issue112.IssueTest.shouldNotFail_output_1590455512,1590457093,1590455790,1303
251-nods-found-batch-output,JON_63_soa_only_nods_r100_t518400_5M_25d_20h_11m_49s_openpojo.openpojo-9badbcc=com.openpojo.validation.rule.impl.TestClassMustEndWithRuleTest.aTestNGClassThatDoesntEndWithTestShouldFail_output_1590455512,1590457063,1590455802,1261
251-nods-found-batch-output,JON_63_soa_only_nods_r100_t518400_5M_25d_20h_11m_49s_openpojo.openpojo-9badbcc=com.openpojo.validation.test.impl.GetterTesterAndSetterTesterTest.shouldPassSetterTest_output_1590455512,1590456999,1590455792,1207
251-nods-found-batch-output,JON_63_soa_only_nods_r100_t518400_5M_25d_20h_11m_49s_openpojo.openpojo-9badbcc=com.openpojo.validation.test.impl.GetterTesterTest.shouldSuccessfullyValidateEvenIfLoggingFails_output_1590455512,1590456919,1590455792,1127
251-nods-found-batch-output,JON_63_soa_only_nods_r100_t518400_5M_25d_20h_11m_49s_openpojo.openpojo-9badbcc=com.openpojo.validation.test.impl.SerializableTesterTest.shouldFailNonSerializableObject_output_1590455512,1590456937,1590455850,1087
251-nods-found-batch-output,JON_63_soa_only_nods_r100_t518400_5M_25d_20h_11m_49s_openpojo.openpojo-9badbcc=com.openpojo.validation.test.impl.SerializableTesterTest.shouldFailOnObjectWrite_output_1590455512,1590456878,1590455801,1077
251-nods-found-batch-output,JON_63_soa_only_nods_r100_t518400_5M_25d_20h_11m_49s_openpojo.openpojo-9badbcc=com.openpojo.validation.test.impl.SerializableTesterTest.shouldFailOnReadObject_output_1590455512,1590457017,1590455838,1179
251-nods-found-batch-output,JON_63_soa_only_nods_r100_t518400_5M_25d_20h_11m_49s_openpojo.openpojo-9badbcc=com.openpojo.validation.test.impl.SerializableTesterTest.shouldFailSerializingSerializableChildOfSerializableParentWithNonSerializableField_output_1590455512,1590457032,1590455799,1233
251-nods-found-batch-output,JON_63_soa_only_nods_r100_t518400_5M_25d_20h_11m_49s_openpojo.openpojo-9badbcc=com.openpojo.validation.test.impl.SerializableTesterTest.shouldNotFailIfNonSerializableIsTransient_output_1590455512,1590456955,1590455797,1158
251-nods-found-batch-output,JON_63_soa_only_nods_r100_t518400_5M_25d_20h_11m_49s_openpojo.openpojo-9badbcc=com.openpojo.validation.test.impl.SerializableTesterTest.shouldPassSerializationTest_output_1590455512,1590457022,1590455797,1225
251-nods-found-batch-output,JON_63_soa_only_nods_r100_t518400_5M_25d_20h_11m_49s_openpojo.openpojo-9badbcc=com.openpojo.validation.test.impl.SerializableTesterTest.shouldSkipOverNonSerializableClass_output_1590455512,1590457071,1590455804,1267
251-nods-found-batch-output,JON_63_soa_only_nods_r100_t518400_5M_25d_20h_11m_49s_openpojo.openpojo-9badbcc=com.openpojo.validation.test.impl.SetterTesterTest.shouldSuccessfullyValidateEvenIfLoggingFails_output_1590455512,1590456958,1590455805,1153
251-nods-found-batch-output,JON_63_soa_only_nods_r100_t518400_5M_25d_20h_11m_49s_openpojo.openpojo-9badbcc=com.openpojo.validation.utils.ValidationHelperTest.shouldReportMissingASMProperly_output_1590455512,1590457041,1590455804,1237
251-nods-found-batch-output,JON_63_soa_only_nods_r100_t518400_5M_25d_20h_11m_49s_openpojo.openpojo-9badbcc=com.openpojo.validation.ValidatorBuilderTest.build_returnsValidator_output_1590455512,1590456959,1590455805,1154
251-nods-found-batch-output,JON_63_soa_only_nods_r100_t518400_5M_25d_20h_11m_49s_openpojo.openpojo-9badbcc=com.openpojo.validation.ValidatorBuilderTest.withRules_persistRules_output_1590455512,1590457027,1590455805,1222
251-nods-found-batch-output,JON_63_soa_only_nods_r100_t518400_5M_25d_20h_11m_49s_openpojo.openpojo-9badbcc=com.openpojo.validation.ValidatorBuilderTest.withTesters_persistRules_output_1590455512,1590456984,1590455804,1180
251-nods-found-batch-output,JON_63_soa_only_nods_r100_t518400_5M_25d_20h_11m_49s_oracle.oci-java-sdk-2e9982f=com.oracle.bmc.objectstorage.transfer.ProgressTrackerTest.singleUploadProgressTrackerFactory_resetProgressTracker_output_1590455512,1590456357,1590455826,531
251-nods-found-batch-output,JON_63_soa_only_nods_r100_t518400_5M_25d_20h_11m_49s_spinn3r.noxy-d53a494=com.spinn3r.noxy.discovery.zookeeper.ZKTest.testMembershipJoinAndLeave_output_1590455512,1590456486,1590455841,645
251-nods-found-batch-output,JON_63_soa_only_nods_r100_t518400_5M_25d_20h_11m_49s_spotify.helios-aebf68d=com.spotify.helios.testing.SimpleTest.simpleTest_output_1590455512,1590462717,1590455848,6869
251-nods-found-batch-output,JON_63_soa_only_nods_r100_t518400_5M_25d_20h_11m_49s_spotify.helios-aebf68d=com.spotify.helios.testing.TempJobFailureTest.testDeploymentFailure_output_1590455512,1590459281,1590455807,3474
251-nods-found-batch-output,JON_63_soa_only_nods_r100_t518400_5M_25d_20h_11m_49s_tootallnate.java-websocket-fa3909c=org.java_websocket.issues.Issue621Test.testIssue_output_1590455512,1590456272,1590455852,420
251-nods-found-batch-output,JON_63_soa_only_nods_r100_t518400_5M_25d_20h_11m_49s_undertow-io.undertow-d0efffa=io.undertow.websockets.jsr.test.extension.JsrWebsocketExtensionTestCase.testLongTextMessage_output_1590455512,1590457234,1590455843,1391
251-nods-found-batch-output,JON_63_soa_only_nods_r100_t518400_5M_25d_20h_11m_49s_undertow-io.undertow-d0efffa=io.undertow.websockets.jsr.test.JsrWebSocketServer13Test.testTextUsingWriter_output_1590455512,1590456655,1590455751,904
251-nods-found-batch-output,JON_63_soa_only_nods_r100_t518400_5M_25d_20h_11m_49s_undertow-io.undertow-d0efffa=io.undertow.websockets.jsr.test.stress.WebsocketStressTestCase.webSocketStringStressTestCase_output_1590455512,1590457142,1590455850,1292
251-nods-found-batch-output,JON_63_soa_only_nods_r100_t518400_5M_25d_20h_11m_49s_wro4j.wro4j-185ab60=ro.isdc.wro.extensions.processor.support.sass.TestRubySassEngine.shouldProcessValidCss_output_1590455512,1590456843,1590455854,989
251-nods-found-batch-output,JON_63_soa_only_nods_r100_t518400_5M_25d_20h_11m_49s_wro4j.wro4j-185ab60=ro.isdc.wro.extensions.processor.support.sass.TestRubySassEngine.shouldProcessValidNonAsciiSass_output_1590455512,1590456841,1590455841,1000
251-nods-found-batch-output,JON_63_soa_only_nods_r100_t518400_5M_25d_20h_11m_49s_wro4j.wro4j-185ab60=ro.isdc.wro.extensions.processor.support.sass.TestRubySassEngine.shouldProcessValidSass_output_1590455512,1590456862,1590455852,1010
251-nods-found-batch-output,JON_63_soa_only_nods_r100_t518400_5M_25d_20h_11m_49s_wro4j.wro4j-185ab60=ro.isdc.wro.extensions.processor.TestRubySassCssProcessor.executeMultipleTimesDoesntThrowOutOfMemoryException_output_1590455512,1590457065,1590455854,1211
251-nods-found-batch-output,JON_63_soa_only_nods_r100_t518400_5M_25d_20h_11m_49s_wro4j.wro4j-185ab60=ro.isdc.wro.extensions.processor.TestRubySassCssProcessor.shouldBeThreadSafe_output_1590455512,1590457085,1590455860,1225
251-nods-found-batch-output,JON_63_soa_only_nods_r100_t518400_5M_25d_20h_11m_49s_wro4j.wro4j-185ab60=ro.isdc.wro.extensions.processor.TestRubySassCssProcessor.shouldSucceedAfterAFailure_output_1590455512,1590456981,1590455852,1129
251-nods-found-batch-output,JON_63_soa_only_nods_r100_t518400_5M_25d_20h_11m_49s_wro4j.wro4j-185ab60=ro.isdc.wro.extensions.processor.TestRubySassCssProcessor.shouldTestFromFolder_output_1590455512,1590456991,1590455858,1133
251-nods-found-batch-output,JON_63_soa_only_nods_r100_t518400_5M_25d_20h_11m_49s_wso2.carbon-apimgt-a82213e=org.wso2.carbon.apimgt.throttling.siddhi.extension.ThrottleTimeBatchWindowTestCase.throttleTimeWindowBatchTest2_output_1590455512,1590457967,1590455867,2100
251-nods-found-batch-output,JON_63_soa_only_nods_r100_t518400_5M_25d_20h_11m_49s_zalando.riptide-8277e11=org.zalando.riptide.failsafe.RetryAfterDelayFunctionTest.shouldRetryWithDynamicDelayDate_output_1590455512,1590456865,1590455865,1000
251-nods-found-batch-output,JON_63_soa_only_nods_r100_t518400_5M_25d_20h_14m_49s_apache.hbase-801fc05=org.apache.hadoop.hbase.procedure2.store.wal.TestWALProcedureStore.testEmptyRoll_output_1590455692,1590457132,1590455957,1175
251-nods-found-batch-output,JON_63_soa_only_nods_r100_t518400_5M_25d_20h_14m_49s_apache.hbase-801fc05=org.apache.hadoop.hbase.procedure2.store.wal.TestWALProcedureStore.testRestartWithoutData_output_1590455692,1590457179,1590455957,1222
251-nods-found-batch-output,JON_63_soa_only_nods_r100_t518400_5M_25d_20h_14m_49s_apache.incubator-dubbo-737f7a7=org.apache.dubbo.remoting.transport.netty.ThreadNameTest.testThreadName_output_1590455692,1590457390,1590455976,1414
251-nods-found-batch-output,JON_63_soa_only_nods_r100_t518400_5M_25d_20h_14m_49s_apache.incubator-dubbo-737f7a7=org.apache.dubbo.rpc.protocol.dubbo.ExplicitCallbackTest.TestCallbackMultiInstans_output_1590455692,1590457158,1590455981,1177
251-nods-found-batch-output,JON_63_soa_only_nods_r100_t518400_5M_25d_20h_14m_49s_apache.incubator-dubbo-737f7a7=org.apache.dubbo.rpc.protocol.dubbo.telnet.InvokerTelnetHandlerTest.testInvokeAutoFindMethod_output_1590455692,1590456953,1590455994,959
251-nods-found-batch-output,JON_63_soa_only_nods_r100_t518400_5M_25d_20h_14m_49s_apache.incubator-dubbo-737f7a7=org.apache.dubbo.rpc.protocol.dubbo.telnet.InvokerTelnetHandlerTest.testInvokeByPassingNullValue_output_1590455692,1590456919,1590455994,925
251-nods-found-batch-output,JON_63_soa_only_nods_r100_t518400_5M_25d_20h_14m_49s_apache.incubator-dubbo-737f7a7=org.apache.dubbo.rpc.protocol.dubbo.telnet.InvokerTelnetHandlerTest.testInvokeDefaultSService_output_1590455692,1590457044,1590455983,1061
251-nods-found-batch-output,JON_63_soa_only_nods_r100_t518400_5M_25d_20h_14m_49s_apache.incubator-dubbo-737f7a7=org.apache.dubbo.rpc.protocol.dubbo.telnet.PortTelnetHandlerTest.testListAllPort_output_1590455692,1590457096,1590455994,1102
251-nods-found-batch-output,JON_63_soa_only_nods_r100_t518400_5M_25d_20h_14m_49s_apache.incubator-dubbo-737f7a7=org.apache.dubbo.rpc.protocol.dubbo.telnet.PortTelnetHandlerTest.testListDetail_output_1590455692,1590456960,1590455994,966
251-nods-found-batch-output,JON_63_soa_only_nods_r100_t518400_5M_25d_20h_14m_49s_c2mon.c2mon-d80687b=cern.c2mon.daq.filter.dynamic.DiffMovingAverageTest.testAverage_output_1590455692,1590456391,1590455996,395
251-nods-found-batch-output,JON_63_soa_only_nods_r100_t518400_5M_25d_20h_14m_49s_c2mon.c2mon-d80687b=cern.c2mon.server.common.republisher.RepublisherImplTest.testMultiplePublicationsWithExceptions_output_1590455692,1590456476,1590456002,474
251-nods-found-batch-output,JON_63_soa_only_nods_r100_t518400_5M_25d_20h_14m_49s_davidmoten.rxjava2-extras-d0315b6=com.github.davidmoten.rx2.buffertofile.FlowableOnBackpressureBufferToFileTest.testCancel_output_1590455692,1590456564,1590455996,568
251-nods-found-batch-output,JON_63_soa_only_nods_r100_t518400_5M_25d_20h_14m_49s_elasticjob.elastic-job-lite-b022898=io.elasticjob.lite.internal.failover.FailoverServiceTest.assertGetLocalFailoverItemsIfShutdown_output_1590455692,1590456564,1590455996,568
251-nods-found-batch-output,JON_63_soa_only_nods_r100_t518400_5M_25d_20h_14m_49s_fluent.fluent-logger-java-da14ec3=org.fluentd.logger.TestFluentLogger.testClose_output_1590455692,1590456321,1590455996,325
251-nods-found-batch-output,JON_63_soa_only_nods_r100_t518400_5M_25d_20h_14m_49s_fluent.fluent-logger-java-da14ec3=org.fluentd.logger.TestFluentLogger.testFlushOnClose_output_1590455692,1590456356,1590455996,360
251-nods-found-batch-output,JON_63_soa_only_nods_r100_t518400_5M_25d_20h_14m_49s_fluent.fluent-logger-java-da14ec3=org.fluentd.logger.TestFluentLogger.testInMultiThreading_output_1590455692,1590456727,1590456001,726
251-nods-found-batch-output,JON_63_soa_only_nods_r100_t518400_5M_25d_20h_14m_49s_fluent.fluent-logger-java-da14ec3=org.fluentd.logger.TestFluentLogger.testNormal01_output_1590455692,1590456567,1590456002,565
251-nods-found-batch-output,JON_63_soa_only_nods_r100_t518400_5M_25d_20h_14m_49s_fluent.fluent-logger-java-da14ec3=org.fluentd.logger.TestFluentLogger.testNormal02_output_1590455692,1590456585,1590455999,586
251-nods-found-batch-output,JON_63_soa_only_nods_r100_t518400_5M_25d_20h_14m_49s_kagkarlsson.db-scheduler-4a8a28e=com.github.kagkarlsson.scheduler.compatibility.HsqlCompatibilityTest.test_jdbc_repository_compatibility_with_data_output_1590455692,1590456401,1590456008,393
251-nods-found-batch-output,JON_63_soa_only_nods_r100_t518400_5M_25d_20h_14m_49s_kagkarlsson.db-scheduler-4a8a28e=com.github.kagkarlsson.scheduler.DeadExecutionsTest.scheduler_should_detect_dead_execution_that_never_updated_heartbeat_output_1590455692,1590456390,1590455972,418
251-nods-found-batch-output,JON_63_soa_only_nods_r100_t518400_5M_25d_20h_14m_49s_kagkarlsson.db-scheduler-4a8a28e=com.github.kagkarlsson.scheduler.DeadExecutionsTest.scheduler_should_handle_dead_executions_output_1590455692,1590456434,1590456006,428
251-nods-found-batch-output,JON_63_soa_only_nods_r100_t518400_5M_25d_20h_14m_49s_kagkarlsson.db-scheduler-4a8a28e=com.github.kagkarlsson.scheduler.SchedulerClientTest.client_should_be_able_to_fetch_executions_for_task_output_1590455692,1590456412,1590456001,411
251-nods-found-batch-output,JON_63_soa_only_nods_r100_t518400_5M_25d_20h_14m_49s_kagkarlsson.db-scheduler-4a8a28e=com.github.kagkarlsson.scheduler.SchedulerClientTest.client_should_be_able_to_schedule_executions_output_1590455692,1590456415,1590456006,409
251-nods-found-batch-output,JON_63_soa_only_nods_r100_t518400_5M_25d_20h_14m_49s_kagkarlsson.db-scheduler-4a8a28e=com.github.kagkarlsson.scheduler.SchedulerClientTest.should_be_able_to_schedule_other_executions_from_an_executionhandler_output_1590455692,1590456375,1590455972,403
251-nods-found-batch-output,JON_63_soa_only_nods_r100_t518400_5M_25d_20h_14m_49s_nationalsecurityagency.timely-3a8cbd3=timely.store.iterators.TimeSeriesGroupingIteratorTest.testAdditionalTimeSeries_output_1590455692,1590457250,1590456008,1242
251-nods-found-batch-output,JON_63_soa_only_nods_r100_t518400_5M_25d_20h_14m_49s_nationalsecurityagency.timely-3a8cbd3=timely.store.iterators.TimeSeriesGroupingIteratorTest.testManySparseTimeSeries_output_1590455692,1590457192,1590456008,1184
251-nods-found-batch-output,JON_63_soa_only_nods_r100_t518400_5M_25d_20h_14m_49s_nationalsecurityagency.timely-3a8cbd3=timely.store.iterators.TimeSeriesGroupingIteratorTest.testTimeSeriesDropOff_output_1590455692,1590457286,1590456010,1276
251-nods-found-batch-output,JON_63_soa_only_nods_r100_t518400_5M_25d_20h_14m_49s_openpojo.openpojo-9badbcc=com.openpojo.issues.issue112.IssueTest.shouldNotFail_output_1590455692,1590457456,1590456013,1443
251-nods-found-batch-output,JON_63_soa_only_nods_r100_t518400_5M_25d_20h_14m_49s_openpojo.openpojo-9badbcc=com.openpojo.validation.rule.impl.TestClassMustEndWithRuleTest.aTestNGClassThatDoesntEndWithTestShouldFail_output_1590455692,1590457267,1590456013,1254
251-nods-found-batch-output,JON_63_soa_only_nods_r100_t518400_5M_25d_20h_14m_49s_openpojo.openpojo-9badbcc=com.openpojo.validation.test.impl.GetterTesterAndSetterTesterTest.shouldPassSetterTest_output_1590455692,1590457272,1590456016,1256
251-nods-found-batch-output,JON_63_soa_only_nods_r100_t518400_5M_25d_20h_14m_49s_openpojo.openpojo-9badbcc=com.openpojo.validation.test.impl.GetterTesterTest.shouldSuccessfullyValidateEvenIfLoggingFails_output_1590455692,1590457223,1590456016,1207
251-nods-found-batch-output,JON_63_soa_only_nods_r100_t518400_5M_25d_20h_14m_49s_openpojo.openpojo-9badbcc=com.openpojo.validation.test.impl.SerializableTesterTest.shouldFailNonSerializableObject_output_1590455692,1590457204,1590456016,1188
251-nods-found-batch-output,JON_63_soa_only_nods_r100_t518400_5M_25d_20h_14m_49s_openpojo.openpojo-9badbcc=com.openpojo.validation.test.impl.SerializableTesterTest.shouldFailOnObjectWrite_output_1590455692,1590457263,1590456013,1250
251-nods-found-batch-output,JON_63_soa_only_nods_r100_t518400_5M_25d_20h_14m_49s_openpojo.openpojo-9badbcc=com.openpojo.validation.test.impl.SerializableTesterTest.shouldFailOnReadObject_output_1590455692,1590457297,1590456015,1282
251-nods-found-batch-output,JON_63_soa_only_nods_r100_t518400_5M_25d_20h_14m_49s_openpojo.openpojo-9badbcc=com.openpojo.validation.test.impl.SerializableTesterTest.shouldFailSerializingSerializableChildOfSerializableParentWithNonSerializableField_output_1590455692,1590457168,1590456013,1155
251-nods-found-batch-output,JON_63_soa_only_nods_r100_t518400_5M_25d_20h_14m_49s_openpojo.openpojo-9badbcc=com.openpojo.validation.test.impl.SerializableTesterTest.shouldNotFailIfNonSerializableIsTransient_output_1590455692,1590457227,1590456016,1211
251-nods-found-batch-output,JON_63_soa_only_nods_r100_t518400_5M_25d_20h_14m_49s_openpojo.openpojo-9badbcc=com.openpojo.validation.test.impl.SerializableTesterTest.shouldPassSerializationTest_output_1590455692,1590457174,1590456016,1158
251-nods-found-batch-output,JON_63_soa_only_nods_r100_t518400_5M_25d_20h_14m_49s_openpojo.openpojo-9badbcc=com.openpojo.validation.test.impl.SerializableTesterTest.shouldSkipOverNonSerializableClass_output_1590455692,1590457279,1590456018,1261
251-nods-found-batch-output,JON_63_soa_only_nods_r100_t518400_5M_25d_20h_14m_49s_openpojo.openpojo-9badbcc=com.openpojo.validation.test.impl.SetterTesterTest.shouldSuccessfullyValidateEvenIfLoggingFails_output_1590455692,1590457219,1590456018,1201
251-nods-found-batch-output,JON_63_soa_only_nods_r100_t518400_5M_25d_20h_14m_49s_openpojo.openpojo-9badbcc=com.openpojo.validation.utils.ValidationHelperTest.shouldReportMissingASMProperly_output_1590455692,1590457304,1590456028,1276
251-nods-found-batch-output,JON_63_soa_only_nods_r100_t518400_5M_25d_20h_14m_49s_openpojo.openpojo-9badbcc=com.openpojo.validation.ValidatorBuilderTest.build_returnsValidator_output_1590455692,1590457277,1590456018,1259
251-nods-found-batch-output,JON_63_soa_only_nods_r100_t518400_5M_25d_20h_14m_49s_openpojo.openpojo-9badbcc=com.openpojo.validation.ValidatorBuilderTest.withRules_persistRules_output_1590455692,1590457160,1590456021,1139
251-nods-found-batch-output,JON_63_soa_only_nods_r100_t518400_5M_25d_20h_14m_49s_openpojo.openpojo-9badbcc=com.openpojo.validation.ValidatorBuilderTest.withTesters_persistRules_output_1590455692,1590457171,1590456030,1141
251-nods-found-batch-output,JON_63_soa_only_nods_r100_t518400_5M_25d_20h_14m_49s_oracle.oci-java-sdk-2e9982f=com.oracle.bmc.objectstorage.transfer.ProgressTrackerTest.singleUploadProgressTrackerFactory_resetProgressTracker_output_1590455692,1590456657,1590456035,622
251-nods-found-batch-output,JON_63_soa_only_nods_r100_t518400_5M_25d_20h_14m_49s_spinn3r.noxy-d53a494=com.spinn3r.noxy.discovery.zookeeper.ZKTest.testMembershipJoinAndLeave_output_1590455692,1590456721,1590456043,678
251-nods-found-batch-output,JON_63_soa_only_nods_r100_t518400_5M_25d_20h_14m_49s_spotify.helios-aebf68d=com.spotify.helios.testing.SimpleTest.simpleTest_output_1590455692,1590463512,1590456043,7469
251-nods-found-batch-output,JON_63_soa_only_nods_r100_t518400_5M_25d_20h_14m_49s_spotify.helios-aebf68d=com.spotify.helios.testing.TempJobFailureTest.testDeploymentFailure_output_1590455692,1590459272,1590456045,3227
251-nods-found-batch-output,JON_63_soa_only_nods_r100_t518400_5M_25d_20h_14m_49s_tootallnate.java-websocket-fa3909c=org.java_websocket.issues.Issue621Test.testIssue_output_1590455692,1590456450,1590456035,415
251-nods-found-batch-output,JON_63_soa_only_nods_r100_t518400_5M_25d_20h_14m_49s_undertow-io.undertow-d0efffa=io.undertow.websockets.jsr.test.extension.JsrWebsocketExtensionTestCase.testLongTextMessage_output_1590455692,1590457615,1590456040,1575
251-nods-found-batch-output,JON_63_soa_only_nods_r100_t518400_5M_25d_20h_14m_49s_undertow-io.undertow-d0efffa=io.undertow.websockets.jsr.test.JsrWebSocketServer13Test.testTextUsingWriter_output_1590455692,1590456900,1590456040,860
251-nods-found-batch-output,JON_63_soa_only_nods_r100_t518400_5M_25d_20h_14m_49s_undertow-io.undertow-d0efffa=io.undertow.websockets.jsr.test.stress.WebsocketStressTestCase.webSocketStringStressTestCase_output_1590455692,1590457362,1590456047,1315
251-nods-found-batch-output,JON_63_soa_only_nods_r100_t518400_5M_25d_20h_14m_49s_wro4j.wro4j-185ab60=ro.isdc.wro.extensions.processor.support.sass.TestRubySassEngine.shouldProcessValidCss_output_1590455692,1590457071,1590456043,1028
251-nods-found-batch-output,JON_63_soa_only_nods_r100_t518400_5M_25d_20h_14m_49s_wro4j.wro4j-185ab60=ro.isdc.wro.extensions.processor.support.sass.TestRubySassEngine.shouldProcessValidNonAsciiSass_output_1590455692,1590457103,1590456045,1058
251-nods-found-batch-output,JON_63_soa_only_nods_r100_t518400_5M_25d_20h_14m_49s_wro4j.wro4j-185ab60=ro.isdc.wro.extensions.processor.support.sass.TestRubySassEngine.shouldProcessValidSass_output_1590455692,1590457124,1590456045,1079
251-nods-found-batch-output,JON_63_soa_only_nods_r100_t518400_5M_25d_20h_14m_49s_wro4j.wro4j-185ab60=ro.isdc.wro.extensions.processor.TestRubySassCssProcessor.executeMultipleTimesDoesntThrowOutOfMemoryException_output_1590455692,1590457333,1590456050,1283
251-nods-found-batch-output,JON_63_soa_only_nods_r100_t518400_5M_25d_20h_14m_49s_wro4j.wro4j-185ab60=ro.isdc.wro.extensions.processor.TestRubySassCssProcessor.shouldBeThreadSafe_output_1590455692,1590457162,1590456045,1117
251-nods-found-batch-output,JON_63_soa_only_nods_r100_t518400_5M_25d_20h_14m_49s_wro4j.wro4j-185ab60=ro.isdc.wro.extensions.processor.TestRubySassCssProcessor.shouldSucceedAfterAFailure_output_1590455692,1590457201,1590456047,1154
251-nods-found-batch-output,JON_63_soa_only_nods_r100_t518400_5M_25d_20h_14m_49s_wro4j.wro4j-185ab60=ro.isdc.wro.extensions.processor.TestRubySassCssProcessor.shouldTestFromFolder_output_1590455692,1590457234,1590456050,1184
251-nods-found-batch-output,JON_63_soa_only_nods_r100_t518400_5M_25d_20h_14m_49s_wso2.carbon-apimgt-a82213e=org.wso2.carbon.apimgt.throttling.siddhi.extension.ThrottleTimeBatchWindowTestCase.throttleTimeWindowBatchTest2_output_1590455692,1590458133,1590456047,2086
251-nods-found-batch-output,JON_63_soa_only_nods_r100_t518400_5M_25d_20h_14m_49s_zalando.riptide-8277e11=org.zalando.riptide.failsafe.RetryAfterDelayFunctionTest.shouldRetryWithDynamicDelayDate_output_1590455692,1590456990,1590456047,943
251-nods-found-batch-output,JON_63_soa_only_nods_r100_t518400_5M_25d_20h_17m_50s_apache.hbase-801fc05=org.apache.hadoop.hbase.procedure2.store.wal.TestWALProcedureStore.testEmptyRoll_output_1590455872,1590457120,1590456072,1048
251-nods-found-batch-output,JON_63_soa_only_nods_r100_t518400_5M_25d_20h_17m_50s_apache.hbase-801fc05=org.apache.hadoop.hbase.procedure2.store.wal.TestWALProcedureStore.testRestartWithoutData_output_1590455872,1590457325,1590456072,1253
251-nods-found-batch-output,JON_63_soa_only_nods_r100_t518400_5M_25d_20h_17m_50s_apache.incubator-dubbo-737f7a7=org.apache.dubbo.remoting.transport.netty.ThreadNameTest.testThreadName_output_1590455872,1590457397,1590456074,1323
251-nods-found-batch-output,JON_63_soa_only_nods_r100_t518400_5M_25d_20h_17m_50s_apache.incubator-dubbo-737f7a7=org.apache.dubbo.rpc.protocol.dubbo.ExplicitCallbackTest.TestCallbackMultiInstans_output_1590455872,1590457263,1590456104,1159
251-nods-found-batch-output,JON_63_soa_only_nods_r100_t518400_5M_25d_20h_17m_50s_apache.incubator-dubbo-737f7a7=org.apache.dubbo.rpc.protocol.dubbo.telnet.InvokerTelnetHandlerTest.testInvokeAutoFindMethod_output_1590455872,1590457096,1590456128,968
251-nods-found-batch-output,JON_63_soa_only_nods_r100_t518400_5M_25d_20h_17m_50s_apache.incubator-dubbo-737f7a7=org.apache.dubbo.rpc.protocol.dubbo.telnet.InvokerTelnetHandlerTest.testInvokeByPassingNullValue_output_1590455872,1590457099,1590456106,993
251-nods-found-batch-output,JON_63_soa_only_nods_r100_t518400_5M_25d_20h_17m_50s_apache.incubator-dubbo-737f7a7=org.apache.dubbo.rpc.protocol.dubbo.telnet.InvokerTelnetHandlerTest.testInvokeDefaultSService_output_1590455872,1590457115,1590456112,1003
251-nods-found-batch-output,JON_63_soa_only_nods_r100_t518400_5M_25d_20h_17m_50s_apache.incubator-dubbo-737f7a7=org.apache.dubbo.rpc.protocol.dubbo.telnet.PortTelnetHandlerTest.testListAllPort_output_1590455872,1590457142,1590456108,1034
251-nods-found-batch-output,JON_63_soa_only_nods_r100_t518400_5M_25d_20h_17m_50s_apache.incubator-dubbo-737f7a7=org.apache.dubbo.rpc.protocol.dubbo.telnet.PortTelnetHandlerTest.testListDetail_output_1590455872,1590457080,1590456133,947
251-nods-found-batch-output,JON_63_soa_only_nods_r100_t518400_5M_25d_20h_17m_50s_c2mon.c2mon-d80687b=cern.c2mon.daq.filter.dynamic.DiffMovingAverageTest.testAverage_output_1590455872,1590456550,1590456135,415
251-nods-found-batch-output,JON_63_soa_only_nods_r100_t518400_5M_25d_20h_17m_50s_c2mon.c2mon-d80687b=cern.c2mon.server.common.republisher.RepublisherImplTest.testMultiplePublicationsWithExceptions_output_1590455872,1590456627,1590456138,489
251-nods-found-batch-output,JON_63_soa_only_nods_r100_t518400_5M_25d_20h_17m_50s_davidmoten.rxjava2-extras-d0315b6=com.github.davidmoten.rx2.buffertofile.FlowableOnBackpressureBufferToFileTest.testCancel_output_1590455872,1590456732,1590456135,597
251-nods-found-batch-output,JON_63_soa_only_nods_r100_t518400_5M_25d_20h_17m_50s_elasticjob.elastic-job-lite-b022898=io.elasticjob.lite.internal.failover.FailoverServiceTest.assertGetLocalFailoverItemsIfShutdown_output_1590455872,1590456656,1590456138,518
251-nods-found-batch-output,JON_63_soa_only_nods_r100_t518400_5M_25d_20h_17m_50s_fluent.fluent-logger-java-da14ec3=org.fluentd.logger.TestFluentLogger.testClose_output_1590455872,1590456470,1590456135,335
251-nods-found-batch-output,JON_63_soa_only_nods_r100_t518400_5M_25d_20h_17m_50s_fluent.fluent-logger-java-da14ec3=org.fluentd.logger.TestFluentLogger.testFlushOnClose_output_1590455872,1590456508,1590456141,367
251-nods-found-batch-output,JON_63_soa_only_nods_r100_t518400_5M_25d_20h_17m_50s_fluent.fluent-logger-java-da14ec3=org.fluentd.logger.TestFluentLogger.testInMultiThreading_output_1590455872,1590456835,1590456094,741
251-nods-found-batch-output,JON_63_soa_only_nods_r100_t518400_5M_25d_20h_17m_50s_fluent.fluent-logger-java-da14ec3=org.fluentd.logger.TestFluentLogger.testNormal01_output_1590455872,1590456699,1590456146,553
251-nods-found-batch-output,JON_63_soa_only_nods_r100_t518400_5M_25d_20h_17m_50s_fluent.fluent-logger-java-da14ec3=org.fluentd.logger.TestFluentLogger.testNormal02_output_1590455872,1590456669,1590456143,526
251-nods-found-batch-output,JON_63_soa_only_nods_r100_t518400_5M_25d_20h_17m_50s_kagkarlsson.db-scheduler-4a8a28e=com.github.kagkarlsson.scheduler.compatibility.HsqlCompatibilityTest.test_jdbc_repository_compatibility_with_data_output_1590455872,1590456561,1590456146,415
251-nods-found-batch-output,JON_63_soa_only_nods_r100_t518400_5M_25d_20h_17m_50s_kagkarlsson.db-scheduler-4a8a28e=com.github.kagkarlsson.scheduler.DeadExecutionsTest.scheduler_should_detect_dead_execution_that_never_updated_heartbeat_output_1590455872,1590456549,1590456143,406
251-nods-found-batch-output,JON_63_soa_only_nods_r100_t518400_5M_25d_20h_17m_50s_kagkarlsson.db-scheduler-4a8a28e=com.github.kagkarlsson.scheduler.DeadExecutionsTest.scheduler_should_handle_dead_executions_output_1590455872,1590456578,1590456146,432
251-nods-found-batch-output,JON_63_soa_only_nods_r100_t518400_5M_25d_20h_17m_50s_kagkarlsson.db-scheduler-4a8a28e=com.github.kagkarlsson.scheduler.SchedulerClientTest.client_should_be_able_to_fetch_executions_for_task_output_1590455872,1590456550,1590456150,400
251-nods-found-batch-output,JON_63_soa_only_nods_r100_t518400_5M_25d_20h_17m_50s_kagkarlsson.db-scheduler-4a8a28e=com.github.kagkarlsson.scheduler.SchedulerClientTest.client_should_be_able_to_schedule_executions_output_1590455872,1590456562,1590456162,400
251-nods-found-batch-output,JON_63_soa_only_nods_r100_t518400_5M_25d_20h_17m_50s_kagkarlsson.db-scheduler-4a8a28e=com.github.kagkarlsson.scheduler.SchedulerClientTest.should_be_able_to_schedule_other_executions_from_an_executionhandler_output_1590455872,1590456508,1590456164,344
251-nods-found-batch-output,JON_63_soa_only_nods_r100_t518400_5M_25d_20h_17m_50s_nationalsecurityagency.timely-3a8cbd3=timely.store.iterators.TimeSeriesGroupingIteratorTest.testAdditionalTimeSeries_output_1590455872,1590457300,1590456150,1150
251-nods-found-batch-output,JON_63_soa_only_nods_r100_t518400_5M_25d_20h_17m_50s_nationalsecurityagency.timely-3a8cbd3=timely.store.iterators.TimeSeriesGroupingIteratorTest.testManySparseTimeSeries_output_1590455872,1590457197,1590456150,1047
251-nods-found-batch-output,JON_63_soa_only_nods_r100_t518400_5M_25d_20h_17m_50s_nationalsecurityagency.timely-3a8cbd3=timely.store.iterators.TimeSeriesGroupingIteratorTest.testTimeSeriesDropOff_output_1590455872,1590457308,1590456164,1144
251-nods-found-batch-output,JON_63_soa_only_nods_r100_t518400_5M_25d_20h_17m_50s_openpojo.openpojo-9badbcc=com.openpojo.issues.issue112.IssueTest.shouldNotFail_output_1590455872,1590457520,1590456150,1370
251-nods-found-batch-output,JON_63_soa_only_nods_r100_t518400_5M_25d_20h_17m_50s_openpojo.openpojo-9badbcc=com.openpojo.validation.rule.impl.TestClassMustEndWithRuleTest.aTestNGClassThatDoesntEndWithTestShouldFail_output_1590455872,1590457269,1590456153,1116
251-nods-found-batch-output,JON_63_soa_only_nods_r100_t518400_5M_25d_20h_17m_50s_openpojo.openpojo-9badbcc=com.openpojo.validation.test.impl.GetterTesterAndSetterTesterTest.shouldPassSetterTest_output_1590455872,1590457365,1590456165,1200
251-nods-found-batch-output,JON_63_soa_only_nods_r100_t518400_5M_25d_20h_17m_50s_openpojo.openpojo-9badbcc=com.openpojo.validation.test.impl.GetterTesterTest.shouldSuccessfullyValidateEvenIfLoggingFails_output_1590455872,1590457353,1590456150,1203
251-nods-found-batch-output,JON_63_soa_only_nods_r100_t518400_5M_25d_20h_17m_50s_openpojo.openpojo-9badbcc=com.openpojo.validation.test.impl.SerializableTesterTest.shouldFailNonSerializableObject_output_1590455872,1590457478,1590456170,1308
251-nods-found-batch-output,JON_63_soa_only_nods_r100_t518400_5M_25d_20h_17m_50s_openpojo.openpojo-9badbcc=com.openpojo.validation.test.impl.SerializableTesterTest.shouldFailOnObjectWrite_output_1590455872,1590457203,1590456165,1038
251-nods-found-batch-output,JON_63_soa_only_nods_r100_t518400_5M_25d_20h_17m_50s_openpojo.openpojo-9badbcc=com.openpojo.validation.test.impl.SerializableTesterTest.shouldFailOnReadObject_output_1590455872,1590457404,1590456153,1251
251-nods-found-batch-output,JON_63_soa_only_nods_r100_t518400_5M_25d_20h_17m_50s_openpojo.openpojo-9badbcc=com.openpojo.validation.test.impl.SerializableTesterTest.shouldFailSerializingSerializableChildOfSerializableParentWithNonSerializableField_output_1590455872,1590457450,1590456162,1288
251-nods-found-batch-output,JON_63_soa_only_nods_r100_t518400_5M_25d_20h_17m_50s_openpojo.openpojo-9badbcc=com.openpojo.validation.test.impl.SerializableTesterTest.shouldNotFailIfNonSerializableIsTransient_output_1590455872,1590457381,1590456155,1226
251-nods-found-batch-output,JON_63_soa_only_nods_r100_t518400_5M_25d_20h_17m_50s_openpojo.openpojo-9badbcc=com.openpojo.validation.test.impl.SerializableTesterTest.shouldPassSerializationTest_output_1590455872,1590457190,1590456157,1033
251-nods-found-batch-output,JON_63_soa_only_nods_r100_t518400_5M_25d_20h_17m_50s_openpojo.openpojo-9badbcc=com.openpojo.validation.test.impl.SerializableTesterTest.shouldSkipOverNonSerializableClass_output_1590455872,1590457341,1590456170,1171
251-nods-found-batch-output,JON_63_soa_only_nods_r100_t518400_5M_25d_20h_17m_50s_openpojo.openpojo-9badbcc=com.openpojo.validation.test.impl.SetterTesterTest.shouldSuccessfullyValidateEvenIfLoggingFails_output_1590455872,1590457362,1590456168,1194
251-nods-found-batch-output,JON_63_soa_only_nods_r100_t518400_5M_25d_20h_17m_50s_openpojo.openpojo-9badbcc=com.openpojo.validation.utils.ValidationHelperTest.shouldReportMissingASMProperly_output_1590455872,1590457452,1590456243,1209
251-nods-found-batch-output,JON_63_soa_only_nods_r100_t518400_5M_25d_20h_17m_50s_openpojo.openpojo-9badbcc=com.openpojo.validation.ValidatorBuilderTest.build_returnsValidator_output_1590455872,1590457343,1590456175,1168
251-nods-found-batch-output,JON_63_soa_only_nods_r100_t518400_5M_25d_20h_17m_50s_openpojo.openpojo-9badbcc=com.openpojo.validation.ValidatorBuilderTest.withRules_persistRules_output_1590455872,1590457374,1590456175,1199
251-nods-found-batch-output,JON_63_soa_only_nods_r100_t518400_5M_25d_20h_17m_50s_openpojo.openpojo-9badbcc=com.openpojo.validation.ValidatorBuilderTest.withTesters_persistRules_output_1590455872,1590457356,1590456177,1179
251-nods-found-batch-output,JON_63_soa_only_nods_r100_t518400_5M_25d_20h_17m_50s_oracle.oci-java-sdk-2e9982f=com.oracle.bmc.objectstorage.transfer.ProgressTrackerTest.singleUploadProgressTrackerFactory_resetProgressTracker_output_1590455872,1590456821,1590456179,642
251-nods-found-batch-output,JON_63_soa_only_nods_r100_t518400_5M_25d_20h_17m_50s_spinn3r.noxy-d53a494=com.spinn3r.noxy.discovery.zookeeper.ZKTest.testMembershipJoinAndLeave_output_1590455872,1590456924,1590456248,676
251-nods-found-batch-output,JON_63_soa_only_nods_r100_t518400_5M_25d_20h_17m_50s_spotify.helios-aebf68d=com.spotify.helios.testing.SimpleTest.simpleTest_output_1590455872,1590463510,1590456255,7255
251-nods-found-batch-output,JON_63_soa_only_nods_r100_t518400_5M_25d_20h_17m_50s_spotify.helios-aebf68d=com.spotify.helios.testing.TempJobFailureTest.testDeploymentFailure_output_1590455872,1590459835,1590456270,3565
251-nods-found-batch-output,JON_63_soa_only_nods_r100_t518400_5M_25d_20h_17m_50s_tootallnate.java-websocket-fa3909c=org.java_websocket.issues.Issue621Test.testIssue_output_1590455872,1590456679,1590456250,429
251-nods-found-batch-output,JON_63_soa_only_nods_r100_t518400_5M_25d_20h_17m_50s_undertow-io.undertow-d0efffa=io.undertow.websockets.jsr.test.extension.JsrWebsocketExtensionTestCase.testLongTextMessage_output_1590455872,1590457684,1590456269,1415
251-nods-found-batch-output,JON_63_soa_only_nods_r100_t518400_5M_25d_20h_17m_50s_undertow-io.undertow-d0efffa=io.undertow.websockets.jsr.test.JsrWebSocketServer13Test.testTextUsingWriter_output_1590455872,1590457254,1590456273,981
251-nods-found-batch-output,JON_63_soa_only_nods_r100_t518400_5M_25d_20h_17m_50s_undertow-io.undertow-d0efffa=io.undertow.websockets.jsr.test.stress.WebsocketStressTestCase.webSocketStringStressTestCase_output_1590455872,1590457633,1590456275,1358
251-nods-found-batch-output,JON_63_soa_only_nods_r100_t518400_5M_25d_20h_17m_50s_wro4j.wro4j-185ab60=ro.isdc.wro.extensions.processor.support.sass.TestRubySassEngine.shouldProcessValidCss_output_1590455872,1590457432,1590456277,1155
251-nods-found-batch-output,JON_63_soa_only_nods_r100_t518400_5M_25d_20h_17m_50s_wro4j.wro4j-185ab60=ro.isdc.wro.extensions.processor.support.sass.TestRubySassEngine.shouldProcessValidNonAsciiSass_output_1590455872,1590457274,1590456287,987
251-nods-found-batch-output,JON_63_soa_only_nods_r100_t518400_5M_25d_20h_17m_50s_wro4j.wro4j-185ab60=ro.isdc.wro.extensions.processor.support.sass.TestRubySassEngine.shouldProcessValidSass_output_1590455872,1590457438,1590456297,1141
251-nods-found-batch-output,JON_63_soa_only_nods_r100_t518400_5M_25d_20h_17m_50s_wro4j.wro4j-185ab60=ro.isdc.wro.extensions.processor.TestRubySassCssProcessor.executeMultipleTimesDoesntThrowOutOfMemoryException_output_1590455872,1590457516,1590456294,1222
251-nods-found-batch-output,JON_63_soa_only_nods_r100_t518400_5M_25d_20h_17m_50s_wro4j.wro4j-185ab60=ro.isdc.wro.extensions.processor.TestRubySassCssProcessor.shouldBeThreadSafe_output_1590455872,1590457453,1590456292,1161
251-nods-found-batch-output,JON_63_soa_only_nods_r100_t518400_5M_25d_20h_17m_50s_wro4j.wro4j-185ab60=ro.isdc.wro.extensions.processor.TestRubySassCssProcessor.shouldSucceedAfterAFailure_output_1590455872,1590457447,1590456277,1170
251-nods-found-batch-output,JON_63_soa_only_nods_r100_t518400_5M_25d_20h_17m_50s_wro4j.wro4j-185ab60=ro.isdc.wro.extensions.processor.TestRubySassCssProcessor.shouldTestFromFolder_output_1590455872,1590457357,1590456280,1077
251-nods-found-batch-output,JON_63_soa_only_nods_r100_t518400_5M_25d_20h_17m_50s_wso2.carbon-apimgt-a82213e=org.wso2.carbon.apimgt.throttling.siddhi.extension.ThrottleTimeBatchWindowTestCase.throttleTimeWindowBatchTest2_output_1590455872,1590458233,1590456295,1938
251-nods-found-batch-output,JON_63_soa_only_nods_r100_t518400_5M_25d_20h_17m_50s_zalando.riptide-8277e11=org.zalando.riptide.failsafe.RetryAfterDelayFunctionTest.shouldRetryWithDynamicDelayDate_output_1590455872,1590457127,1590456273,854
251-nods-found-batch-output,JON_63_soa_only_nods_r100_t518400_5M_25d_20h_2m_49s_apache.hbase-801fc05=org.apache.hadoop.hbase.procedure2.store.wal.TestWALProcedureStore.testEmptyRoll_output_1590454972,1590456203,1590455173,1030
251-nods-found-batch-output,JON_63_soa_only_nods_r100_t518400_5M_25d_20h_2m_49s_apache.hbase-801fc05=org.apache.hadoop.hbase.procedure2.store.wal.TestWALProcedureStore.testRestartWithoutData_output_1590454972,1590456419,1590455196,1223
251-nods-found-batch-output,JON_63_soa_only_nods_r100_t518400_5M_25d_20h_2m_49s_apache.incubator-dubbo-737f7a7=org.apache.dubbo.remoting.transport.netty.ThreadNameTest.testThreadName_output_1590454972,1590456591,1590455219,1372
251-nods-found-batch-output,JON_63_soa_only_nods_r100_t518400_5M_25d_20h_2m_49s_apache.incubator-dubbo-737f7a7=org.apache.dubbo.rpc.protocol.dubbo.ExplicitCallbackTest.TestCallbackMultiInstans_output_1590454972,1590456210,1590455224,986
251-nods-found-batch-output,JON_63_soa_only_nods_r100_t518400_5M_25d_20h_2m_49s_apache.incubator-dubbo-737f7a7=org.apache.dubbo.rpc.protocol.dubbo.telnet.InvokerTelnetHandlerTest.testInvokeAutoFindMethod_output_1590454972,1590456266,1590455236,1030
251-nods-found-batch-output,JON_63_soa_only_nods_r100_t518400_5M_25d_20h_2m_49s_apache.incubator-dubbo-737f7a7=org.apache.dubbo.rpc.protocol.dubbo.telnet.InvokerTelnetHandlerTest.testInvokeByPassingNullValue_output_1590454972,1590456286,1590455238,1048
251-nods-found-batch-output,JON_63_soa_only_nods_r100_t518400_5M_25d_20h_2m_49s_apache.incubator-dubbo-737f7a7=org.apache.dubbo.rpc.protocol.dubbo.telnet.InvokerTelnetHandlerTest.testInvokeDefaultSService_output_1590454972,1590456257,1590455260,997
251-nods-found-batch-output,JON_63_soa_only_nods_r100_t518400_5M_25d_20h_2m_49s_apache.incubator-dubbo-737f7a7=org.apache.dubbo.rpc.protocol.dubbo.telnet.PortTelnetHandlerTest.testListAllPort_output_1590454972,1590456147,1590455228,919
251-nods-found-batch-output,JON_63_soa_only_nods_r100_t518400_5M_25d_20h_2m_49s_apache.incubator-dubbo-737f7a7=org.apache.dubbo.rpc.protocol.dubbo.telnet.PortTelnetHandlerTest.testListDetail_output_1590454972,1590456257,1590455257,1000
251-nods-found-batch-output,JON_63_soa_only_nods_r100_t518400_5M_25d_20h_2m_49s_c2mon.c2mon-d80687b=cern.c2mon.daq.filter.dynamic.DiffMovingAverageTest.testAverage_output_1590454972,1590455654,1590455262,392
251-nods-found-batch-output,JON_63_soa_only_nods_r100_t518400_5M_25d_20h_2m_49s_c2mon.c2mon-d80687b=cern.c2mon.server.common.republisher.RepublisherImplTest.testMultiplePublicationsWithExceptions_output_1590454972,1590455765,1590455261,504
251-nods-found-batch-output,JON_63_soa_only_nods_r100_t518400_5M_25d_20h_2m_49s_davidmoten.rxjava2-extras-d0315b6=com.github.davidmoten.rx2.buffertofile.FlowableOnBackpressureBufferToFileTest.testCancel_output_1590454972,1590455875,1590455260,615
251-nods-found-batch-output,JON_63_soa_only_nods_r100_t518400_5M_25d_20h_2m_49s_elasticjob.elastic-job-lite-b022898=io.elasticjob.lite.internal.failover.FailoverServiceTest.assertGetLocalFailoverItemsIfShutdown_output_1590454972,1590455811,1590455234,577
251-nods-found-batch-output,JON_63_soa_only_nods_r100_t518400_5M_25d_20h_2m_49s_fluent.fluent-logger-java-da14ec3=org.fluentd.logger.TestFluentLogger.testClose_output_1590454972,1590455601,1590455261,340
251-nods-found-batch-output,JON_63_soa_only_nods_r100_t518400_5M_25d_20h_2m_49s_fluent.fluent-logger-java-da14ec3=org.fluentd.logger.TestFluentLogger.testFlushOnClose_output_1590454972,1590455613,1590455267,346
251-nods-found-batch-output,JON_63_soa_only_nods_r100_t518400_5M_25d_20h_2m_49s_fluent.fluent-logger-java-da14ec3=org.fluentd.logger.TestFluentLogger.testInMultiThreading_output_1590454972,1590456044,1590455265,779
251-nods-found-batch-output,JON_63_soa_only_nods_r100_t518400_5M_25d_20h_2m_49s_fluent.fluent-logger-java-da14ec3=org.fluentd.logger.TestFluentLogger.testNormal01_output_1590454972,1590455816,1590455267,549
251-nods-found-batch-output,JON_63_soa_only_nods_r100_t518400_5M_25d_20h_2m_49s_fluent.fluent-logger-java-da14ec3=org.fluentd.logger.TestFluentLogger.testNormal02_output_1590454972,1590455838,1590455274,564
251-nods-found-batch-output,JON_63_soa_only_nods_r100_t518400_5M_25d_20h_2m_49s_kagkarlsson.db-scheduler-4a8a28e=com.github.kagkarlsson.scheduler.compatibility.HsqlCompatibilityTest.test_jdbc_repository_compatibility_with_data_output_1590454972,1590455755,1590455283,472
251-nods-found-batch-output,JON_63_soa_only_nods_r100_t518400_5M_25d_20h_2m_49s_kagkarlsson.db-scheduler-4a8a28e=com.github.kagkarlsson.scheduler.DeadExecutionsTest.scheduler_should_detect_dead_execution_that_never_updated_heartbeat_output_1590454972,1590455635,1590455274,361
251-nods-found-batch-output,JON_63_soa_only_nods_r100_t518400_5M_25d_20h_2m_49s_kagkarlsson.db-scheduler-4a8a28e=com.github.kagkarlsson.scheduler.DeadExecutionsTest.scheduler_should_handle_dead_executions_output_1590454972,1590455651,1590455283,368
251-nods-found-batch-output,JON_63_soa_only_nods_r100_t518400_5M_25d_20h_2m_49s_kagkarlsson.db-scheduler-4a8a28e=com.github.kagkarlsson.scheduler.SchedulerClientTest.client_should_be_able_to_fetch_executions_for_task_output_1590454972,1590455655,1590455283,372
251-nods-found-batch-output,JON_63_soa_only_nods_r100_t518400_5M_25d_20h_2m_49s_kagkarlsson.db-scheduler-4a8a28e=com.github.kagkarlsson.scheduler.SchedulerClientTest.client_should_be_able_to_schedule_executions_output_1590454972,1590455648,1590455285,363
251-nods-found-batch-output,JON_63_soa_only_nods_r100_t518400_5M_25d_20h_2m_49s_kagkarlsson.db-scheduler-4a8a28e=com.github.kagkarlsson.scheduler.SchedulerClientTest.should_be_able_to_schedule_other_executions_from_an_executionhandler_output_1590454972,1590455663,1590455285,378
251-nods-found-batch-output,JON_63_soa_only_nods_r100_t518400_5M_25d_20h_2m_49s_nationalsecurityagency.timely-3a8cbd3=timely.store.iterators.TimeSeriesGroupingIteratorTest.testAdditionalTimeSeries_output_1590454972,1590456315,1590455287,1028
251-nods-found-batch-output,JON_63_soa_only_nods_r100_t518400_5M_25d_20h_2m_49s_nationalsecurityagency.timely-3a8cbd3=timely.store.iterators.TimeSeriesGroupingIteratorTest.testManySparseTimeSeries_output_1590454972,1590456558,1590455290,1268
251-nods-found-batch-output,JON_63_soa_only_nods_r100_t518400_5M_25d_20h_2m_49s_nationalsecurityagency.timely-3a8cbd3=timely.store.iterators.TimeSeriesGroupingIteratorTest.testTimeSeriesDropOff_output_1590454972,1590456508,1590455241,1267
251-nods-found-batch-output,JON_63_soa_only_nods_r100_t518400_5M_25d_20h_2m_49s_openpojo.openpojo-9badbcc=com.openpojo.issues.issue112.IssueTest.shouldNotFail_output_1590454972,1590456738,1590455292,1446
251-nods-found-batch-output,JON_63_soa_only_nods_r100_t518400_5M_25d_20h_2m_49s_openpojo.openpojo-9badbcc=com.openpojo.validation.rule.impl.TestClassMustEndWithRuleTest.aTestNGClassThatDoesntEndWithTestShouldFail_output_1590454972,1590456564,1590455293,1271
251-nods-found-batch-output,JON_63_soa_only_nods_r100_t518400_5M_25d_20h_2m_49s_openpojo.openpojo-9badbcc=com.openpojo.validation.test.impl.GetterTesterAndSetterTesterTest.shouldPassSetterTest_output_1590454972,1590456418,1590455287,1131
251-nods-found-batch-output,JON_63_soa_only_nods_r100_t518400_5M_25d_20h_2m_49s_openpojo.openpojo-9badbcc=com.openpojo.validation.test.impl.GetterTesterTest.shouldSuccessfullyValidateEvenIfLoggingFails_output_1590454972,1590456519,1590455295,1224
251-nods-found-batch-output,JON_63_soa_only_nods_r100_t518400_5M_25d_20h_2m_49s_openpojo.openpojo-9badbcc=com.openpojo.validation.test.impl.SerializableTesterTest.shouldFailNonSerializableObject_output_1590454972,1590456586,1590455295,1291
251-nods-found-batch-output,JON_63_soa_only_nods_r100_t518400_5M_25d_20h_2m_49s_openpojo.openpojo-9badbcc=com.openpojo.validation.test.impl.SerializableTesterTest.shouldFailOnObjectWrite_output_1590454972,1590456576,1590455293,1283
251-nods-found-batch-output,JON_63_soa_only_nods_r100_t518400_5M_25d_20h_2m_49s_openpojo.openpojo-9badbcc=com.openpojo.validation.test.impl.SerializableTesterTest.shouldFailOnReadObject_output_1590454972,1590456556,1590455292,1264
251-nods-found-batch-output,JON_63_soa_only_nods_r100_t518400_5M_25d_20h_2m_49s_openpojo.openpojo-9badbcc=com.openpojo.validation.test.impl.SerializableTesterTest.shouldFailSerializingSerializableChildOfSerializableParentWithNonSerializableField_output_1590454972,1590456547,1590455245,1302
251-nods-found-batch-output,JON_63_soa_only_nods_r100_t518400_5M_25d_20h_2m_49s_openpojo.openpojo-9badbcc=com.openpojo.validation.test.impl.SerializableTesterTest.shouldNotFailIfNonSerializableIsTransient_output_1590454972,1590456465,1590455245,1220
251-nods-found-batch-output,JON_63_soa_only_nods_r100_t518400_5M_25d_20h_2m_49s_openpojo.openpojo-9badbcc=com.openpojo.validation.test.impl.SerializableTesterTest.shouldPassSerializationTest_output_1590454972,1590456383,1590455243,1140
251-nods-found-batch-output,JON_63_soa_only_nods_r100_t518400_5M_25d_20h_2m_49s_openpojo.openpojo-9badbcc=com.openpojo.validation.test.impl.SerializableTesterTest.shouldSkipOverNonSerializableClass_output_1590454972,1590456415,1590455295,1120
251-nods-found-batch-output,JON_63_soa_only_nods_r100_t518400_5M_25d_20h_2m_49s_openpojo.openpojo-9badbcc=com.openpojo.validation.test.impl.SetterTesterTest.shouldSuccessfullyValidateEvenIfLoggingFails_output_1590454972,1590456561,1590455295,1266
251-nods-found-batch-output,JON_63_soa_only_nods_r100_t518400_5M_25d_20h_2m_49s_openpojo.openpojo-9badbcc=com.openpojo.validation.utils.ValidationHelperTest.shouldReportMissingASMProperly_output_1590454972,1590456595,1590455295,1300
251-nods-found-batch-output,JON_63_soa_only_nods_r100_t518400_5M_25d_20h_2m_49s_openpojo.openpojo-9badbcc=com.openpojo.validation.ValidatorBuilderTest.build_returnsValidator_output_1590454972,1590456444,1590455298,1146
251-nods-found-batch-output,JON_63_soa_only_nods_r100_t518400_5M_25d_20h_2m_49s_openpojo.openpojo-9badbcc=com.openpojo.validation.ValidatorBuilderTest.withRules_persistRules_output_1590454972,1590456443,1590455298,1145
251-nods-found-batch-output,JON_63_soa_only_nods_r100_t518400_5M_25d_20h_2m_49s_openpojo.openpojo-9badbcc=com.openpojo.validation.ValidatorBuilderTest.withTesters_persistRules_output_1590454972,1590456498,1590455245,1253
251-nods-found-batch-output,JON_63_soa_only_nods_r100_t518400_5M_25d_20h_2m_49s_oracle.oci-java-sdk-2e9982f=com.oracle.bmc.objectstorage.transfer.ProgressTrackerTest.singleUploadProgressTrackerFactory_resetProgressTracker_output_1590454972,1590455886,1590455302,584
251-nods-found-batch-output,JON_63_soa_only_nods_r100_t518400_5M_25d_20h_2m_49s_spinn3r.noxy-d53a494=com.spinn3r.noxy.discovery.zookeeper.ZKTest.testMembershipJoinAndLeave_output_1590454972,1590455960,1590455300,660
251-nods-found-batch-output,JON_63_soa_only_nods_r100_t518400_5M_25d_20h_2m_49s_spotify.helios-aebf68d=com.spotify.helios.testing.SimpleTest.simpleTest_output_1590454972,1590462726,1590455307,7419
251-nods-found-batch-output,JON_63_soa_only_nods_r100_t518400_5M_25d_20h_2m_49s_spotify.helios-aebf68d=com.spotify.helios.testing.TempJobFailureTest.testDeploymentFailure_output_1590454972,1590458872,1590455300,3572
251-nods-found-batch-output,JON_63_soa_only_nods_r100_t518400_5M_25d_20h_2m_49s_tootallnate.java-websocket-fa3909c=org.java_websocket.issues.Issue621Test.testIssue_output_1590454972,1590455747,1590455307,440
251-nods-found-batch-output,JON_63_soa_only_nods_r100_t518400_5M_25d_20h_2m_49s_undertow-io.undertow-d0efffa=io.undertow.websockets.jsr.test.extension.JsrWebsocketExtensionTestCase.testLongTextMessage_output_1590454972,1590456987,1590455314,1673
251-nods-found-batch-output,JON_63_soa_only_nods_r100_t518400_5M_25d_20h_2m_49s_undertow-io.undertow-d0efffa=io.undertow.websockets.jsr.test.JsrWebSocketServer13Test.testTextUsingWriter_output_1590454972,1590456291,1590455314,977
251-nods-found-batch-output,JON_63_soa_only_nods_r100_t518400_5M_25d_20h_2m_49s_undertow-io.undertow-d0efffa=io.undertow.websockets.jsr.test.stress.WebsocketStressTestCase.webSocketStringStressTestCase_output_1590454972,1590456672,1590455314,1358
251-nods-found-batch-output,JON_63_soa_only_nods_r100_t518400_5M_25d_20h_2m_49s_wro4j.wro4j-185ab60=ro.isdc.wro.extensions.processor.support.sass.TestRubySassEngine.shouldProcessValidCss_output_1590454972,1590456447,1590455342,1105
251-nods-found-batch-output,JON_63_soa_only_nods_r100_t518400_5M_25d_20h_2m_49s_wro4j.wro4j-185ab60=ro.isdc.wro.extensions.processor.support.sass.TestRubySassEngine.shouldProcessValidNonAsciiSass_output_1590454972,1590456438,1590455328,1110
251-nods-found-batch-output,JON_63_soa_only_nods_r100_t518400_5M_25d_20h_2m_49s_wro4j.wro4j-185ab60=ro.isdc.wro.extensions.processor.support.sass.TestRubySassEngine.shouldProcessValidSass_output_1590454972,1590456477,1590455335,1142
251-nods-found-batch-output,JON_63_soa_only_nods_r100_t518400_5M_25d_20h_2m_49s_wro4j.wro4j-185ab60=ro.isdc.wro.extensions.processor.TestRubySassCssProcessor.executeMultipleTimesDoesntThrowOutOfMemoryException_output_1590454972,1590456479,1590455331,1148
251-nods-found-batch-output,JON_63_soa_only_nods_r100_t518400_5M_25d_20h_2m_49s_wro4j.wro4j-185ab60=ro.isdc.wro.extensions.processor.TestRubySassCssProcessor.shouldBeThreadSafe_output_1590454972,1590456267,1590455252,1015
251-nods-found-batch-output,JON_63_soa_only_nods_r100_t518400_5M_25d_20h_2m_49s_wro4j.wro4j-185ab60=ro.isdc.wro.extensions.processor.TestRubySassCssProcessor.shouldSucceedAfterAFailure_output_1590454972,1590456481,1590455323,1158
251-nods-found-batch-output,JON_63_soa_only_nods_r100_t518400_5M_25d_20h_2m_49s_wro4j.wro4j-185ab60=ro.isdc.wro.extensions.processor.TestRubySassCssProcessor.shouldTestFromFolder_output_1590454972,1590456536,1590455333,1203
251-nods-found-batch-output,JON_63_soa_only_nods_r100_t518400_5M_25d_20h_2m_49s_wso2.carbon-apimgt-a82213e=org.wso2.carbon.apimgt.throttling.siddhi.extension.ThrottleTimeBatchWindowTestCase.throttleTimeWindowBatchTest2_output_1590454972,1590457392,1590455345,2047
251-nods-found-batch-output,JON_63_soa_only_nods_r100_t518400_5M_25d_20h_2m_49s_zalando.riptide-8277e11=org.zalando.riptide.failsafe.RetryAfterDelayFunctionTest.shouldRetryWithDynamicDelayDate_output_1590454972,1590456232,1590455342,890
251-nods-found-batch-output,JON_63_soa_only_nods_r100_t518400_5M_25d_20h_5m_49s_apache.hbase-801fc05=org.apache.hadoop.hbase.procedure2.store.wal.TestWALProcedureStore.testEmptyRoll_output_1590455152,1590456473,1590455397,1076
251-nods-found-batch-output,JON_63_soa_only_nods_r100_t518400_5M_25d_20h_5m_49s_apache.hbase-801fc05=org.apache.hadoop.hbase.procedure2.store.wal.TestWALProcedureStore.testRestartWithoutData_output_1590455152,1590456686,1590455406,1280
251-nods-found-batch-output,JON_63_soa_only_nods_r100_t518400_5M_25d_20h_5m_49s_apache.incubator-dubbo-737f7a7=org.apache.dubbo.remoting.transport.netty.ThreadNameTest.testThreadName_output_1590455152,1590456832,1590455413,1419
251-nods-found-batch-output,JON_63_soa_only_nods_r100_t518400_5M_25d_20h_5m_49s_apache.incubator-dubbo-737f7a7=org.apache.dubbo.rpc.protocol.dubbo.ExplicitCallbackTest.TestCallbackMultiInstans_output_1590455152,1590456600,1590455412,1188
251-nods-found-batch-output,JON_63_soa_only_nods_r100_t518400_5M_25d_20h_5m_49s_apache.incubator-dubbo-737f7a7=org.apache.dubbo.rpc.protocol.dubbo.telnet.InvokerTelnetHandlerTest.testInvokeAutoFindMethod_output_1590455152,1590456438,1590455399,1039
251-nods-found-batch-output,JON_63_soa_only_nods_r100_t518400_5M_25d_20h_5m_49s_apache.incubator-dubbo-737f7a7=org.apache.dubbo.rpc.protocol.dubbo.telnet.InvokerTelnetHandlerTest.testInvokeByPassingNullValue_output_1590455152,1590456397,1590455413,984
251-nods-found-batch-output,JON_63_soa_only_nods_r100_t518400_5M_25d_20h_5m_49s_apache.incubator-dubbo-737f7a7=org.apache.dubbo.rpc.protocol.dubbo.telnet.InvokerTelnetHandlerTest.testInvokeDefaultSService_output_1590455152,1590456491,1590455413,1078
251-nods-found-batch-output,JON_63_soa_only_nods_r100_t518400_5M_25d_20h_5m_49s_apache.incubator-dubbo-737f7a7=org.apache.dubbo.rpc.protocol.dubbo.telnet.PortTelnetHandlerTest.testListAllPort_output_1590455152,1590456350,1590455416,934
251-nods-found-batch-output,JON_63_soa_only_nods_r100_t518400_5M_25d_20h_5m_49s_apache.incubator-dubbo-737f7a7=org.apache.dubbo.rpc.protocol.dubbo.telnet.PortTelnetHandlerTest.testListDetail_output_1590455152,1590456379,1590455419,960
251-nods-found-batch-output,JON_63_soa_only_nods_r100_t518400_5M_25d_20h_5m_49s_c2mon.c2mon-d80687b=cern.c2mon.daq.filter.dynamic.DiffMovingAverageTest.testAverage_output_1590455152,1590455824,1590455419,405
251-nods-found-batch-output,JON_63_soa_only_nods_r100_t518400_5M_25d_20h_5m_49s_c2mon.c2mon-d80687b=cern.c2mon.server.common.republisher.RepublisherImplTest.testMultiplePublicationsWithExceptions_output_1590455152,1590455943,1590455419,524
251-nods-found-batch-output,JON_63_soa_only_nods_r100_t518400_5M_25d_20h_5m_49s_davidmoten.rxjava2-extras-d0315b6=com.github.davidmoten.rx2.buffertofile.FlowableOnBackpressureBufferToFileTest.testCancel_output_1590455152,1590456017,1590455421,596
251-nods-found-batch-output,JON_63_soa_only_nods_r100_t518400_5M_25d_20h_5m_49s_elasticjob.elastic-job-lite-b022898=io.elasticjob.lite.internal.failover.FailoverServiceTest.assertGetLocalFailoverItemsIfShutdown_output_1590455152,1590456010,1590455423,587
251-nods-found-batch-output,JON_63_soa_only_nods_r100_t518400_5M_25d_20h_5m_49s_fluent.fluent-logger-java-da14ec3=org.fluentd.logger.TestFluentLogger.testClose_output_1590455152,1590455772,1590455425,347
251-nods-found-batch-output,JON_63_soa_only_nods_r100_t518400_5M_25d_20h_5m_49s_fluent.fluent-logger-java-da14ec3=org.fluentd.logger.TestFluentLogger.testFlushOnClose_output_1590455152,1590455819,1590455423,396
251-nods-found-batch-output,JON_63_soa_only_nods_r100_t518400_5M_25d_20h_5m_49s_fluent.fluent-logger-java-da14ec3=org.fluentd.logger.TestFluentLogger.testInMultiThreading_output_1590455152,1590456214,1590455423,791
251-nods-found-batch-output,JON_63_soa_only_nods_r100_t518400_5M_25d_20h_5m_49s_fluent.fluent-logger-java-da14ec3=org.fluentd.logger.TestFluentLogger.testNormal01_output_1590455152,1590455994,1590455423,571
251-nods-found-batch-output,JON_63_soa_only_nods_r100_t518400_5M_25d_20h_5m_49s_fluent.fluent-logger-java-da14ec3=org.fluentd.logger.TestFluentLogger.testNormal02_output_1590455152,1590456032,1590455428,604
251-nods-found-batch-output,JON_63_soa_only_nods_r100_t518400_5M_25d_20h_5m_49s_kagkarlsson.db-scheduler-4a8a28e=com.github.kagkarlsson.scheduler.compatibility.HsqlCompatibilityTest.test_jdbc_repository_compatibility_with_data_output_1590455152,1590455846,1590455406,440
251-nods-found-batch-output,JON_63_soa_only_nods_r100_t518400_5M_25d_20h_5m_49s_kagkarlsson.db-scheduler-4a8a28e=com.github.kagkarlsson.scheduler.DeadExecutionsTest.scheduler_should_detect_dead_execution_that_never_updated_heartbeat_output_1590455152,1590455857,1590455428,429
251-nods-found-batch-output,JON_63_soa_only_nods_r100_t518400_5M_25d_20h_5m_49s_kagkarlsson.db-scheduler-4a8a28e=com.github.kagkarlsson.scheduler.DeadExecutionsTest.scheduler_should_handle_dead_executions_output_1590455152,1590455855,1590455430,425
251-nods-found-batch-output,JON_63_soa_only_nods_r100_t518400_5M_25d_20h_5m_49s_kagkarlsson.db-scheduler-4a8a28e=com.github.kagkarlsson.scheduler.SchedulerClientTest.client_should_be_able_to_fetch_executions_for_task_output_1590455152,1590455814,1590455428,386
251-nods-found-batch-output,JON_63_soa_only_nods_r100_t518400_5M_25d_20h_5m_49s_kagkarlsson.db-scheduler-4a8a28e=com.github.kagkarlsson.scheduler.SchedulerClientTest.client_should_be_able_to_schedule_executions_output_1590455152,1590455878,1590455432,446
251-nods-found-batch-output,JON_63_soa_only_nods_r100_t518400_5M_25d_20h_5m_49s_kagkarlsson.db-scheduler-4a8a28e=com.github.kagkarlsson.scheduler.SchedulerClientTest.should_be_able_to_schedule_other_executions_from_an_executionhandler_output_1590455152,1590455844,1590455430,414
251-nods-found-batch-output,JON_63_soa_only_nods_r100_t518400_5M_25d_20h_5m_49s_nationalsecurityagency.timely-3a8cbd3=timely.store.iterators.TimeSeriesGroupingIteratorTest.testAdditionalTimeSeries_output_1590455152,1590456619,1590455430,1189
251-nods-found-batch-output,JON_63_soa_only_nods_r100_t518400_5M_25d_20h_5m_49s_nationalsecurityagency.timely-3a8cbd3=timely.store.iterators.TimeSeriesGroupingIteratorTest.testManySparseTimeSeries_output_1590455152,1590456745,1590455438,1307
251-nods-found-batch-output,JON_63_soa_only_nods_r100_t518400_5M_25d_20h_5m_49s_nationalsecurityagency.timely-3a8cbd3=timely.store.iterators.TimeSeriesGroupingIteratorTest.testTimeSeriesDropOff_output_1590455152,1590456688,1590455438,1250
251-nods-found-batch-output,JON_63_soa_only_nods_r100_t518400_5M_25d_20h_5m_49s_openpojo.openpojo-9badbcc=com.openpojo.issues.issue112.IssueTest.shouldNotFail_output_1590455152,1590457058,1590455437,1621
251-nods-found-batch-output,JON_63_soa_only_nods_r100_t518400_5M_25d_20h_5m_49s_openpojo.openpojo-9badbcc=com.openpojo.validation.rule.impl.TestClassMustEndWithRuleTest.aTestNGClassThatDoesntEndWithTestShouldFail_output_1590455152,1590456763,1590455454,1309
251-nods-found-batch-output,JON_63_soa_only_nods_r100_t518400_5M_25d_20h_5m_49s_openpojo.openpojo-9badbcc=com.openpojo.validation.test.impl.GetterTesterAndSetterTesterTest.shouldPassSetterTest_output_1590455152,1590456806,1590455445,1361
251-nods-found-batch-output,JON_63_soa_only_nods_r100_t518400_5M_25d_20h_5m_49s_openpojo.openpojo-9badbcc=com.openpojo.validation.test.impl.GetterTesterTest.shouldSuccessfullyValidateEvenIfLoggingFails_output_1590455152,1590456814,1590455438,1376
251-nods-found-batch-output,JON_63_soa_only_nods_r100_t518400_5M_25d_20h_5m_49s_openpojo.openpojo-9badbcc=com.openpojo.validation.test.impl.SerializableTesterTest.shouldFailNonSerializableObject_output_1590455152,1590456810,1590455437,1373
251-nods-found-batch-output,JON_63_soa_only_nods_r100_t518400_5M_25d_20h_5m_49s_openpojo.openpojo-9badbcc=com.openpojo.validation.test.impl.SerializableTesterTest.shouldFailOnObjectWrite_output_1590455152,1590456668,1590455443,1225
251-nods-found-batch-output,JON_63_soa_only_nods_r100_t518400_5M_25d_20h_5m_49s_openpojo.openpojo-9badbcc=com.openpojo.validation.test.impl.SerializableTesterTest.shouldFailOnReadObject_output_1590455152,1590456578,1590455447,1131
251-nods-found-batch-output,JON_63_soa_only_nods_r100_t518400_5M_25d_20h_5m_49s_openpojo.openpojo-9badbcc=com.openpojo.validation.test.impl.SerializableTesterTest.shouldFailSerializingSerializableChildOfSerializableParentWithNonSerializableField_output_1590455152,1590456437,1590455456,981
251-nods-found-batch-output,JON_63_soa_only_nods_r100_t518400_5M_25d_20h_5m_49s_openpojo.openpojo-9badbcc=com.openpojo.validation.test.impl.SerializableTesterTest.shouldNotFailIfNonSerializableIsTransient_output_1590455152,1590456798,1590455443,1355
251-nods-found-batch-output,JON_63_soa_only_nods_r100_t518400_5M_25d_20h_5m_49s_openpojo.openpojo-9badbcc=com.openpojo.validation.test.impl.SerializableTesterTest.shouldPassSerializationTest_output_1590455152,1590456784,1590455447,1337
251-nods-found-batch-output,JON_63_soa_only_nods_r100_t518400_5M_25d_20h_5m_49s_openpojo.openpojo-9badbcc=com.openpojo.validation.test.impl.SerializableTesterTest.shouldSkipOverNonSerializableClass_output_1590455152,1590456572,1590455466,1106
251-nods-found-batch-output,JON_63_soa_only_nods_r100_t518400_5M_25d_20h_5m_49s_openpojo.openpojo-9badbcc=com.openpojo.validation.test.impl.SetterTesterTest.shouldSuccessfullyValidateEvenIfLoggingFails_output_1590455152,1590456562,1590455449,1113
251-nods-found-batch-output,JON_63_soa_only_nods_r100_t518400_5M_25d_20h_5m_49s_openpojo.openpojo-9badbcc=com.openpojo.validation.utils.ValidationHelperTest.shouldReportMissingASMProperly_output_1590455152,1590456623,1590455411,1212
251-nods-found-batch-output,JON_63_soa_only_nods_r100_t518400_5M_25d_20h_5m_49s_openpojo.openpojo-9badbcc=com.openpojo.validation.ValidatorBuilderTest.build_returnsValidator_output_1590455152,1590456722,1590455454,1268
251-nods-found-batch-output,JON_63_soa_only_nods_r100_t518400_5M_25d_20h_5m_49s_openpojo.openpojo-9badbcc=com.openpojo.validation.ValidatorBuilderTest.withRules_persistRules_output_1590455152,1590456534,1590455452,1082
251-nods-found-batch-output,JON_63_soa_only_nods_r100_t518400_5M_25d_20h_5m_49s_openpojo.openpojo-9badbcc=com.openpojo.validation.ValidatorBuilderTest.withTesters_persistRules_output_1590455152,1590456656,1590455468,1188
251-nods-found-batch-output,JON_63_soa_only_nods_r100_t518400_5M_25d_20h_5m_49s_oracle.oci-java-sdk-2e9982f=com.oracle.bmc.objectstorage.transfer.ProgressTrackerTest.singleUploadProgressTrackerFactory_resetProgressTracker_output_1590455152,1590456008,1590455456,552
251-nods-found-batch-output,JON_63_soa_only_nods_r100_t518400_5M_25d_20h_5m_49s_spinn3r.noxy-d53a494=com.spinn3r.noxy.discovery.zookeeper.ZKTest.testMembershipJoinAndLeave_output_1590455152,1590456121,1590455452,669
251-nods-found-batch-output,JON_63_soa_only_nods_r100_t518400_5M_25d_20h_5m_49s_spotify.helios-aebf68d=com.spotify.helios.testing.SimpleTest.simpleTest_output_1590455152,1590462317,1590455456,6861
251-nods-found-batch-output,JON_63_soa_only_nods_r100_t518400_5M_25d_20h_5m_49s_spotify.helios-aebf68d=com.spotify.helios.testing.TempJobFailureTest.testDeploymentFailure_output_1590455152,1590458819,1590455449,3370
251-nods-found-batch-output,JON_63_soa_only_nods_r100_t518400_5M_25d_20h_5m_49s_tootallnate.java-websocket-fa3909c=org.java_websocket.issues.Issue621Test.testIssue_output_1590455152,1590455910,1590455463,447
251-nods-found-batch-output,JON_63_soa_only_nods_r100_t518400_5M_25d_20h_5m_49s_undertow-io.undertow-d0efffa=io.undertow.websockets.jsr.test.extension.JsrWebsocketExtensionTestCase.testLongTextMessage_output_1590455152,1590457060,1590455454,1606
251-nods-found-batch-output,JON_63_soa_only_nods_r100_t518400_5M_25d_20h_5m_49s_undertow-io.undertow-d0efffa=io.undertow.websockets.jsr.test.JsrWebSocketServer13Test.testTextUsingWriter_output_1590455152,1590456339,1590455461,878
251-nods-found-batch-output,JON_63_soa_only_nods_r100_t518400_5M_25d_20h_5m_49s_undertow-io.undertow-d0efffa=io.undertow.websockets.jsr.test.stress.WebsocketStressTestCase.webSocketStringStressTestCase_output_1590455152,1590456831,1590455461,1370
251-nods-found-batch-output,JON_63_soa_only_nods_r100_t518400_5M_25d_20h_5m_49s_wro4j.wro4j-185ab60=ro.isdc.wro.extensions.processor.support.sass.TestRubySassEngine.shouldProcessValidCss_output_1590455152,1590456604,1590455470,1134
251-nods-found-batch-output,JON_63_soa_only_nods_r100_t518400_5M_25d_20h_5m_49s_wro4j.wro4j-185ab60=ro.isdc.wro.extensions.processor.support.sass.TestRubySassEngine.shouldProcessValidNonAsciiSass_output_1590455152,1590456511,1590455463,1048
251-nods-found-batch-output,JON_63_soa_only_nods_r100_t518400_5M_25d_20h_5m_49s_wro4j.wro4j-185ab60=ro.isdc.wro.extensions.processor.support.sass.TestRubySassEngine.shouldProcessValidSass_output_1590455152,1590456560,1590455466,1094
251-nods-found-batch-output,JON_63_soa_only_nods_r100_t518400_5M_25d_20h_5m_49s_wro4j.wro4j-185ab60=ro.isdc.wro.extensions.processor.TestRubySassCssProcessor.executeMultipleTimesDoesntThrowOutOfMemoryException_output_1590455152,1590456776,1590455461,1315
251-nods-found-batch-output,JON_63_soa_only_nods_r100_t518400_5M_25d_20h_5m_49s_wro4j.wro4j-185ab60=ro.isdc.wro.extensions.processor.TestRubySassCssProcessor.shouldBeThreadSafe_output_1590455152,1590456662,1590455466,1196
251-nods-found-batch-output,JON_63_soa_only_nods_r100_t518400_5M_25d_20h_5m_49s_wro4j.wro4j-185ab60=ro.isdc.wro.extensions.processor.TestRubySassCssProcessor.shouldSucceedAfterAFailure_output_1590455152,1590456483,1590455414,1069
251-nods-found-batch-output,JON_63_soa_only_nods_r100_t518400_5M_25d_20h_5m_49s_wro4j.wro4j-185ab60=ro.isdc.wro.extensions.processor.TestRubySassCssProcessor.shouldTestFromFolder_output_1590455152,1590456630,1590455466,1164
251-nods-found-batch-output,JON_63_soa_only_nods_r100_t518400_5M_25d_20h_5m_49s_wso2.carbon-apimgt-a82213e=org.wso2.carbon.apimgt.throttling.siddhi.extension.ThrottleTimeBatchWindowTestCase.throttleTimeWindowBatchTest2_output_1590455152,1590457498,1590455466,2032
251-nods-found-batch-output,JON_63_soa_only_nods_r100_t518400_5M_25d_20h_5m_49s_zalando.riptide-8277e11=org.zalando.riptide.failsafe.RetryAfterDelayFunctionTest.shouldRetryWithDynamicDelayDate_output_1590455152,1590456428,1590455468,960
251-nods-found-batch-output,JON_63_soa_only_nods_r100_t518400_5M_25d_20h_8m_50s_apache.hbase-801fc05=org.apache.hadoop.hbase.procedure2.store.wal.TestWALProcedureStore.testEmptyRoll_output_1590455332,1590456646,1590455545,1101
251-nods-found-batch-output,JON_63_soa_only_nods_r100_t518400_5M_25d_20h_8m_50s_apache.hbase-801fc05=org.apache.hadoop.hbase.procedure2.store.wal.TestWALProcedureStore.testRestartWithoutData_output_1590455332,1590456770,1590455549,1221
251-nods-found-batch-output,JON_63_soa_only_nods_r100_t518400_5M_25d_20h_8m_50s_apache.incubator-dubbo-737f7a7=org.apache.dubbo.remoting.transport.netty.ThreadNameTest.testThreadName_output_1590455332,1590456971,1590455549,1422
251-nods-found-batch-output,JON_63_soa_only_nods_r100_t518400_5M_25d_20h_8m_50s_apache.incubator-dubbo-737f7a7=org.apache.dubbo.rpc.protocol.dubbo.ExplicitCallbackTest.TestCallbackMultiInstans_output_1590455332,1590456771,1590455550,1221
251-nods-found-batch-output,JON_63_soa_only_nods_r100_t518400_5M_25d_20h_8m_50s_apache.incubator-dubbo-737f7a7=org.apache.dubbo.rpc.protocol.dubbo.telnet.InvokerTelnetHandlerTest.testInvokeAutoFindMethod_output_1590455332,1590456631,1590455553,1078
251-nods-found-batch-output,JON_63_soa_only_nods_r100_t518400_5M_25d_20h_8m_50s_apache.incubator-dubbo-737f7a7=org.apache.dubbo.rpc.protocol.dubbo.telnet.InvokerTelnetHandlerTest.testInvokeByPassingNullValue_output_1590455332,1590456467,1590455564,903
251-nods-found-batch-output,JON_63_soa_only_nods_r100_t518400_5M_25d_20h_8m_50s_apache.incubator-dubbo-737f7a7=org.apache.dubbo.rpc.protocol.dubbo.telnet.InvokerTelnetHandlerTest.testInvokeDefaultSService_output_1590455332,1590456564,1590455621,943
251-nods-found-batch-output,JON_63_soa_only_nods_r100_t518400_5M_25d_20h_8m_50s_apache.incubator-dubbo-737f7a7=org.apache.dubbo.rpc.protocol.dubbo.telnet.PortTelnetHandlerTest.testListAllPort_output_1590455332,1590456545,1590455569,976
251-nods-found-batch-output,JON_63_soa_only_nods_r100_t518400_5M_25d_20h_8m_50s_apache.incubator-dubbo-737f7a7=org.apache.dubbo.rpc.protocol.dubbo.telnet.PortTelnetHandlerTest.testListDetail_output_1590455332,1590456593,1590455579,1014
251-nods-found-batch-output,JON_63_soa_only_nods_r100_t518400_5M_25d_20h_8m_50s_c2mon.c2mon-d80687b=cern.c2mon.daq.filter.dynamic.DiffMovingAverageTest.testAverage_output_1590455332,1590456000,1590455586,414
251-nods-found-batch-output,JON_63_soa_only_nods_r100_t518400_5M_25d_20h_8m_50s_c2mon.c2mon-d80687b=cern.c2mon.server.common.republisher.RepublisherImplTest.testMultiplePublicationsWithExceptions_output_1590455332,1590456106,1590455616,490
251-nods-found-batch-output,JON_63_soa_only_nods_r100_t518400_5M_25d_20h_8m_50s_davidmoten.rxjava2-extras-d0315b6=com.github.davidmoten.rx2.buffertofile.FlowableOnBackpressureBufferToFileTest.testCancel_output_1590455332,1590456199,1590455579,620
251-nods-found-batch-output,JON_63_soa_only_nods_r100_t518400_5M_25d_20h_8m_50s_elasticjob.elastic-job-lite-b022898=io.elasticjob.lite.internal.failover.FailoverServiceTest.assertGetLocalFailoverItemsIfShutdown_output_1590455332,1590456124,1590455581,543
251-nods-found-batch-output,JON_63_soa_only_nods_r100_t518400_5M_25d_20h_8m_50s_fluent.fluent-logger-java-da14ec3=org.fluentd.logger.TestFluentLogger.testClose_output_1590455332,1590455917,1590455586,331
251-nods-found-batch-output,JON_63_soa_only_nods_r100_t518400_5M_25d_20h_8m_50s_fluent.fluent-logger-java-da14ec3=org.fluentd.logger.TestFluentLogger.testFlushOnClose_output_1590455332,1590456022,1590455628,394
251-nods-found-batch-output,JON_63_soa_only_nods_r100_t518400_5M_25d_20h_8m_50s_fluent.fluent-logger-java-da14ec3=org.fluentd.logger.TestFluentLogger.testInMultiThreading_output_1590455332,1590456401,1590455623,778
251-nods-found-batch-output,JON_63_soa_only_nods_r100_t518400_5M_25d_20h_8m_50s_fluent.fluent-logger-java-da14ec3=org.fluentd.logger.TestFluentLogger.testNormal01_output_1590455332,1590456207,1590455626,581
251-nods-found-batch-output,JON_63_soa_only_nods_r100_t518400_5M_25d_20h_8m_50s_fluent.fluent-logger-java-da14ec3=org.fluentd.logger.TestFluentLogger.testNormal02_output_1590455332,1590456165,1590455588,577
251-nods-found-batch-output,JON_63_soa_only_nods_r100_t518400_5M_25d_20h_8m_50s_kagkarlsson.db-scheduler-4a8a28e=com.github.kagkarlsson.scheduler.compatibility.HsqlCompatibilityTest.test_jdbc_repository_compatibility_with_data_output_1590455332,1590456007,1590455619,388
251-nods-found-batch-output,JON_63_soa_only_nods_r100_t518400_5M_25d_20h_8m_50s_kagkarlsson.db-scheduler-4a8a28e=com.github.kagkarlsson.scheduler.DeadExecutionsTest.scheduler_should_detect_dead_execution_that_never_updated_heartbeat_output_1590455332,1590456058,1590455648,410
251-nods-found-batch-output,JON_63_soa_only_nods_r100_t518400_5M_25d_20h_8m_50s_kagkarlsson.db-scheduler-4a8a28e=com.github.kagkarlsson.scheduler.DeadExecutionsTest.scheduler_should_handle_dead_executions_output_1590455332,1590456054,1590455626,428
251-nods-found-batch-output,JON_63_soa_only_nods_r100_t518400_5M_25d_20h_8m_50s_kagkarlsson.db-scheduler-4a8a28e=com.github.kagkarlsson.scheduler.SchedulerClientTest.client_should_be_able_to_fetch_executions_for_task_output_1590455332,1590456044,1590455626,418
251-nods-found-batch-output,JON_63_soa_only_nods_r100_t518400_5M_25d_20h_8m_50s_kagkarlsson.db-scheduler-4a8a28e=com.github.kagkarlsson.scheduler.SchedulerClientTest.client_should_be_able_to_schedule_executions_output_1590455332,1590456023,1590455665,358
251-nods-found-batch-output,JON_63_soa_only_nods_r100_t518400_5M_25d_20h_8m_50s_kagkarlsson.db-scheduler-4a8a28e=com.github.kagkarlsson.scheduler.SchedulerClientTest.should_be_able_to_schedule_other_executions_from_an_executionhandler_output_1590455332,1590456040,1590455630,410
251-nods-found-batch-output,JON_63_soa_only_nods_r100_t518400_5M_25d_20h_8m_50s_nationalsecurityagency.timely-3a8cbd3=timely.store.iterators.TimeSeriesGroupingIteratorTest.testAdditionalTimeSeries_output_1590455332,1590456877,1590455662,1215
251-nods-found-batch-output,JON_63_soa_only_nods_r100_t518400_5M_25d_20h_8m_50s_nationalsecurityagency.timely-3a8cbd3=timely.store.iterators.TimeSeriesGroupingIteratorTest.testManySparseTimeSeries_output_1590455332,1590456885,1590455634,1251
251-nods-found-batch-output,JON_63_soa_only_nods_r100_t518400_5M_25d_20h_8m_50s_nationalsecurityagency.timely-3a8cbd3=timely.store.iterators.TimeSeriesGroupingIteratorTest.testTimeSeriesDropOff_output_1590455332,1590456861,1590455638,1223
251-nods-found-batch-output,JON_63_soa_only_nods_r100_t518400_5M_25d_20h_8m_50s_openpojo.openpojo-9badbcc=com.openpojo.issues.issue112.IssueTest.shouldNotFail_output_1590455332,1590456825,1590455674,1151
251-nods-found-batch-output,JON_63_soa_only_nods_r100_t518400_5M_25d_20h_8m_50s_openpojo.openpojo-9badbcc=com.openpojo.validation.rule.impl.TestClassMustEndWithRuleTest.aTestNGClassThatDoesntEndWithTestShouldFail_output_1590455332,1590456977,1590455665,1312
251-nods-found-batch-output,JON_63_soa_only_nods_r100_t518400_5M_25d_20h_8m_50s_openpojo.openpojo-9badbcc=com.openpojo.validation.test.impl.GetterTesterAndSetterTesterTest.shouldPassSetterTest_output_1590455332,1590456704,1590455643,1061
251-nods-found-batch-output,JON_63_soa_only_nods_r100_t518400_5M_25d_20h_8m_50s_openpojo.openpojo-9badbcc=com.openpojo.validation.test.impl.GetterTesterTest.shouldSuccessfullyValidateEvenIfLoggingFails_output_1590455332,1590456858,1590455667,1191
251-nods-found-batch-output,JON_63_soa_only_nods_r100_t518400_5M_25d_20h_8m_50s_openpojo.openpojo-9badbcc=com.openpojo.validation.test.impl.SerializableTesterTest.shouldFailNonSerializableObject_output_1590455332,1590456909,1590455667,1242
251-nods-found-batch-output,JON_63_soa_only_nods_r100_t518400_5M_25d_20h_8m_50s_openpojo.openpojo-9badbcc=com.openpojo.validation.test.impl.SerializableTesterTest.shouldFailOnObjectWrite_output_1590455332,1590456896,1590455675,1221
251-nods-found-batch-output,JON_63_soa_only_nods_r100_t518400_5M_25d_20h_8m_50s_openpojo.openpojo-9badbcc=com.openpojo.validation.test.impl.SerializableTesterTest.shouldFailOnReadObject_output_1590455332,1590456891,1590455669,1222
251-nods-found-batch-output,JON_63_soa_only_nods_r100_t518400_5M_25d_20h_8m_50s_openpojo.openpojo-9badbcc=com.openpojo.validation.test.impl.SerializableTesterTest.shouldFailSerializingSerializableChildOfSerializableParentWithNonSerializableField_output_1590455332,1590456874,1590455677,1197
251-nods-found-batch-output,JON_63_soa_only_nods_r100_t518400_5M_25d_20h_8m_50s_openpojo.openpojo-9badbcc=com.openpojo.validation.test.impl.SerializableTesterTest.shouldNotFailIfNonSerializableIsTransient_output_1590455332,1590456932,1590455671,1261
251-nods-found-batch-output,JON_63_soa_only_nods_r100_t518400_5M_25d_20h_8m_50s_openpojo.openpojo-9badbcc=com.openpojo.validation.test.impl.SerializableTesterTest.shouldPassSerializationTest_output_1590455332,1590456981,1590455679,1302
251-nods-found-batch-output,JON_63_soa_only_nods_r100_t518400_5M_25d_20h_8m_50s_openpojo.openpojo-9badbcc=com.openpojo.validation.test.impl.SerializableTesterTest.shouldSkipOverNonSerializableClass_output_1590455332,1590456818,1590455677,1141
251-nods-found-batch-output,JON_63_soa_only_nods_r100_t518400_5M_25d_20h_8m_50s_openpojo.openpojo-9badbcc=com.openpojo.validation.test.impl.SetterTesterTest.shouldSuccessfullyValidateEvenIfLoggingFails_output_1590455332,1590456982,1590455677,1305
251-nods-found-batch-output,JON_63_soa_only_nods_r100_t518400_5M_25d_20h_8m_50s_openpojo.openpojo-9badbcc=com.openpojo.validation.utils.ValidationHelperTest.shouldReportMissingASMProperly_output_1590455332,1590456732,1590455679,1053
251-nods-found-batch-output,JON_63_soa_only_nods_r100_t518400_5M_25d_20h_8m_50s_openpojo.openpojo-9badbcc=com.openpojo.validation.ValidatorBuilderTest.build_returnsValidator_output_1590455332,1590457016,1590455679,1337
251-nods-found-batch-output,JON_63_soa_only_nods_r100_t518400_5M_25d_20h_8m_50s_openpojo.openpojo-9badbcc=com.openpojo.validation.ValidatorBuilderTest.withRules_persistRules_output_1590455332,1590456862,1590455674,1188
251-nods-found-batch-output,JON_63_soa_only_nods_r100_t518400_5M_25d_20h_8m_50s_openpojo.openpojo-9badbcc=com.openpojo.validation.ValidatorBuilderTest.withTesters_persistRules_output_1590455332,1590456864,1590455677,1187
251-nods-found-batch-output,JON_63_soa_only_nods_r100_t518400_5M_25d_20h_8m_50s_oracle.oci-java-sdk-2e9982f=com.oracle.bmc.objectstorage.transfer.ProgressTrackerTest.singleUploadProgressTrackerFactory_resetProgressTracker_output_1590455332,1590456245,1590455682,563
251-nods-found-batch-output,JON_63_soa_only_nods_r100_t518400_5M_25d_20h_8m_50s_spinn3r.noxy-d53a494=com.spinn3r.noxy.discovery.zookeeper.ZKTest.testMembershipJoinAndLeave_output_1590455332,1590456309,1590455684,625
251-nods-found-batch-output,JON_63_soa_only_nods_r100_t518400_5M_25d_20h_8m_50s_spotify.helios-aebf68d=com.spotify.helios.testing.SimpleTest.simpleTest_output_1590455332,1590462694,1590455682,7012
251-nods-found-batch-output,JON_63_soa_only_nods_r100_t518400_5M_25d_20h_8m_50s_spotify.helios-aebf68d=com.spotify.helios.testing.TempJobFailureTest.testDeploymentFailure_output_1590455332,1590459166,1590455686,3480
251-nods-found-batch-output,JON_63_soa_only_nods_r100_t518400_5M_25d_20h_8m_50s_tootallnate.java-websocket-fa3909c=org.java_websocket.issues.Issue621Test.testIssue_output_1590455332,1590456139,1590455682,457
251-nods-found-batch-output,JON_63_soa_only_nods_r100_t518400_5M_25d_20h_8m_50s_undertow-io.undertow-d0efffa=io.undertow.websockets.jsr.test.extension.JsrWebsocketExtensionTestCase.testLongTextMessage_output_1590455332,1590457235,1590455686,1549
251-nods-found-batch-output,JON_63_soa_only_nods_r100_t518400_5M_25d_20h_8m_50s_undertow-io.undertow-d0efffa=io.undertow.websockets.jsr.test.JsrWebSocketServer13Test.testTextUsingWriter_output_1590455332,1590456584,1590455686,898
251-nods-found-batch-output,JON_63_soa_only_nods_r100_t518400_5M_25d_20h_8m_50s_undertow-io.undertow-d0efffa=io.undertow.websockets.jsr.test.stress.WebsocketStressTestCase.webSocketStringStressTestCase_output_1590455332,1590457009,1590455686,1323
251-nods-found-batch-output,JON_63_soa_only_nods_r100_t518400_5M_25d_20h_8m_50s_wro4j.wro4j-185ab60=ro.isdc.wro.extensions.processor.support.sass.TestRubySassEngine.shouldProcessValidCss_output_1590455332,1590456781,1590455689,1092
251-nods-found-batch-output,JON_63_soa_only_nods_r100_t518400_5M_25d_20h_8m_50s_wro4j.wro4j-185ab60=ro.isdc.wro.extensions.processor.support.sass.TestRubySassEngine.shouldProcessValidNonAsciiSass_output_1590455332,1590456813,1590455684,1129
251-nods-found-batch-output,JON_63_soa_only_nods_r100_t518400_5M_25d_20h_8m_50s_wro4j.wro4j-185ab60=ro.isdc.wro.extensions.processor.support.sass.TestRubySassEngine.shouldProcessValidSass_output_1590455332,1590456804,1590455703,1101
251-nods-found-batch-output,JON_63_soa_only_nods_r100_t518400_5M_25d_20h_8m_50s_wro4j.wro4j-185ab60=ro.isdc.wro.extensions.processor.TestRubySassCssProcessor.executeMultipleTimesDoesntThrowOutOfMemoryException_output_1590455332,1590456884,1590455691,1193
251-nods-found-batch-output,JON_63_soa_only_nods_r100_t518400_5M_25d_20h_8m_50s_wro4j.wro4j-185ab60=ro.isdc.wro.extensions.processor.TestRubySassCssProcessor.shouldBeThreadSafe_output_1590455332,1590456909,1590455689,1220
251-nods-found-batch-output,JON_63_soa_only_nods_r100_t518400_5M_25d_20h_8m_50s_wro4j.wro4j-185ab60=ro.isdc.wro.extensions.processor.TestRubySassCssProcessor.shouldSucceedAfterAFailure_output_1590455332,1590456845,1590455689,1156
251-nods-found-batch-output,JON_63_soa_only_nods_r100_t518400_5M_25d_20h_8m_50s_wro4j.wro4j-185ab60=ro.isdc.wro.extensions.processor.TestRubySassCssProcessor.shouldTestFromFolder_output_1590455332,1590456958,1590455695,1263
251-nods-found-batch-output,JON_63_soa_only_nods_r100_t518400_5M_25d_20h_8m_50s_wso2.carbon-apimgt-a82213e=org.wso2.carbon.apimgt.throttling.siddhi.extension.ThrottleTimeBatchWindowTestCase.throttleTimeWindowBatchTest2_output_1590455332,1590457773,1590455686,2087
251-nods-found-batch-output,JON_63_soa_only_nods_r100_t518400_5M_25d_20h_8m_50s_zalando.riptide-8277e11=org.zalando.riptide.failsafe.RetryAfterDelayFunctionTest.shouldRetryWithDynamicDelayDate_output_1590455332,1590456717,1590455693,1024
isolation-from-pom-output,JON_19-isolation-from-pom_r100_t518400_5M_30d_3h_25m_35s_davidmoten.rxjava2-extras-d0315b6=com.github.davidmoten.rx2.buffertofile.FlowableOnBackpressureBufferToFileTest.testCancelObservable_output_1590827137,1590827953,1590827407,546
isolation-from-pom-output,JON_19-isolation-from-pom_r100_t518400_5M_30d_3h_25m_35s_fromage.redpipe-0aff891=net.redpipe.templating.freemarker.ApiTest.checkMail_output_1590827137,1590827856,1590827374,482
isolation-from-pom-output,JON_19-isolation-from-pom_r100_t518400_5M_30d_3h_25m_35s_fromage.redpipe-0aff891=net.redpipe.templating.freemarker.ApiTest.checkTemplateNegociationSingleHtml_output_1590827137,1590827889,1590827368,521
isolation-from-pom-output,JON_19-isolation-from-pom_r100_t518400_5M_30d_3h_25m_35s_fromage.redpipe-0aff891=net.redpipe.templating.freemarker.ApiTest.checkTemplateNegociationText_output_1590827137,1590827898,1590827376,522
isolation-from-pom-output,JON_19-isolation-from-pom_r100_t518400_5M_30d_3h_25m_35s_javadelight.delight-nashorn-sandbox-da35edc=delight.nashornsandbox.TestIssue34.testIssue34_Scenario1_output_1590827137,1590827958,1590827419,539
isolation-from-pom-output,JON_19-isolation-from-pom_r100_t518400_5M_30d_3h_25m_35s_kagkarlsson.db-scheduler-4a8a28e=com.github.kagkarlsson.scheduler.WaiterTest.should_wait_until_woken_output_1590827137,1590827750,1590827416,334
isolation-from-pom-output,JON_19-isolation-from-pom_r100_t518400_5M_30d_3h_25m_35s_looly.hutool-91565d0=cn.hutool.cron.test.CronTest.matchAllTest_output_1590827137,1590827742,1590827368,374
isolation-from-pom-output,JON_19-isolation-from-pom_r100_t518400_5M_30d_3h_25m_35s_spotify.helios-aebf68d=com.spotify.helios.testing.ProberTest.testOverrideDefaultProber_output_1590827137,1590830116,1590827416,2700
isolation-from-pom-output,JON_19-isolation-from-pom_r100_t518400_5M_30d_3h_25m_35s_square.retrofit-ae28c3d=retrofit2.adapter.rxjava.CancelDisposeTest.cancelDoesNotDispose_output_1590827137,1590827804,1590827427,377
isolation-from-pom-output,JON_19-isolation-from-pom_r100_t518400_5M_30d_3h_25m_35s_square.retrofit-ae28c3d=retrofit2.adapter.rxjava.CompletableThrowingTest.bodyThrowingInOnErrorDeliveredToPlugin_output_1590827137,1590827786,1590827393,393
isolation-from-pom-output,JON_19-isolation-from-pom_r100_t518400_5M_30d_3h_25m_35s_square.retrofit-ae28c3d=retrofit2.adapter.rxjava.CompletableThrowingTest.throwingInOnCompleteDeliveredToPlugin_output_1590827137,1590827740,1590827383,357
isolation-from-pom-output,JON_19-isolation-from-pom_r100_t518400_5M_30d_3h_25m_35s_square.retrofit-ae28c3d=retrofit2.adapter.rxjava.ObservableThrowingTest.responseThrowingInOnCompleteDeliveredToPlugin_output_1590827137,1590827777,1590827391,386
isolation-from-pom-output,JON_19-isolation-from-pom_r100_t518400_5M_30d_3h_25m_35s_square.retrofit-ae28c3d=retrofit2.adapter.rxjava.SingleThrowingTest.bodyThrowingInOnSuccessDeliveredToPlugin_output_1590827137,1590827740,1590827388,352
isolation-from-pom-output,JON_19-isolation-from-pom_r100_t518400_5M_30d_3h_25m_35s_square.retrofit-ae28c3d=retrofit2.adapter.rxjava.SingleThrowingTest.responseThrowingInOnSuccessDeliveredToPlugin_output_1590827137,1590827753,1590827383,370
isolation-from-pom-output,JON_19-isolation-from-pom_r100_t518400_5M_30d_3h_25m_35s_tootallnate.java-websocket-fa3909c=org.java_websocket.issues.Issue580Test.runNoCloseBlockingTestScenario6_output_1590827137,1590827842,1590827419,423
isolation-from-pom-output,JON_19-isolation-from-pom_r100_t518400_5M_30d_3h_25m_35s_tootallnate.java-websocket-fa3909c=org.java_websocket.misc.OpeningHandshakeRejectionTest.testHandshakeRejectionTestCase0_output_1590827137,1590827850,1590827422,428
isolation-from-pom-output,JON_19-isolation-from-pom_r100_t518400_5M_30d_3h_37m_14s_davidmoten.rxjava2-extras-d0315b6=com.github.davidmoten.rx2.buffertofile.FlowableOnBackpressureBufferToFileTest.testCancelObservable_output_1590827835,1590828659,1590828079,580
isolation-from-pom-output,JON_19-isolation-from-pom_r100_t518400_5M_30d_3h_37m_14s_fromage.redpipe-0aff891=net.redpipe.templating.freemarker.ApiTest.checkMail_output_1590827835,1590828606,1590828097,509
isolation-from-pom-output,JON_19-isolation-from-pom_r100_t518400_5M_30d_3h_37m_14s_fromage.redpipe-0aff891=net.redpipe.templating.freemarker.ApiTest.checkTemplateNegociationSingleHtml_output_1590827835,1590828589,1590828071,518
isolation-from-pom-output,JON_19-isolation-from-pom_r100_t518400_5M_30d_3h_37m_14s_fromage.redpipe-0aff891=net.redpipe.templating.freemarker.ApiTest.checkTemplateNegociationText_output_1590827835,1590828616,1590828100,516
isolation-from-pom-output,JON_19-isolation-from-pom_r100_t518400_5M_30d_3h_37m_14s_javadelight.delight-nashorn-sandbox-da35edc=delight.nashornsandbox.TestIssue34.testIssue34_Scenario1_output_1590827835,1590828711,1590828135,576
isolation-from-pom-output,JON_19-isolation-from-pom_r100_t518400_5M_30d_3h_37m_14s_kagkarlsson.db-scheduler-4a8a28e=com.github.kagkarlsson.scheduler.WaiterTest.should_wait_until_woken_output_1590827835,1590828474,1590828129,345
isolation-from-pom-output,JON_19-isolation-from-pom_r100_t518400_5M_30d_3h_37m_14s_looly.hutool-91565d0=cn.hutool.cron.test.CronTest.matchAllTest_output_1590827835,1590828538,1590828132,406
isolation-from-pom-output,JON_19-isolation-from-pom_r100_t518400_5M_30d_3h_37m_14s_spotify.helios-aebf68d=com.spotify.helios.testing.JobNamePrefixTest.testJobNamePrefix_output_1590827835,1590830972,1590828109,2863
isolation-from-pom-output,JON_19-isolation-from-pom_r100_t518400_5M_30d_3h_37m_14s_spotify.helios-aebf68d=com.spotify.helios.testing.ProberTest.testOverrideDefaultProber_output_1590827835,1590830743,1590828134,2609
isolation-from-pom-output,JON_19-isolation-from-pom_r100_t518400_5M_30d_3h_37m_14s_square.retrofit-ae28c3d=retrofit2.adapter.rxjava.CancelDisposeTest.cancelDoesNotDispose_output_1590827835,1590828494,1590828114,380
isolation-from-pom-output,JON_19-isolation-from-pom_r100_t518400_5M_30d_3h_37m_14s_square.retrofit-ae28c3d=retrofit2.adapter.rxjava.CompletableThrowingTest.bodyThrowingInOnErrorDeliveredToPlugin_output_1590827835,1590828496,1590828111,385
isolation-from-pom-output,JON_19-isolation-from-pom_r100_t518400_5M_30d_3h_37m_14s_square.retrofit-ae28c3d=retrofit2.adapter.rxjava.CompletableThrowingTest.throwingInOnCompleteDeliveredToPlugin_output_1590827835,1590828481,1590828114,367
isolation-from-pom-output,JON_19-isolation-from-pom_r100_t518400_5M_30d_3h_37m_14s_square.retrofit-ae28c3d=retrofit2.adapter.rxjava.ObservableThrowingTest.responseThrowingInOnCompleteDeliveredToPlugin_output_1590827835,1590828497,1590828114,383
isolation-from-pom-output,JON_19-isolation-from-pom_r100_t518400_5M_30d_3h_37m_14s_square.retrofit-ae28c3d=retrofit2.adapter.rxjava.SingleThrowingTest.bodyThrowingInOnSuccessDeliveredToPlugin_output_1590827835,1590828519,1590828134,385
isolation-from-pom-output,JON_19-isolation-from-pom_r100_t518400_5M_30d_3h_37m_14s_square.retrofit-ae28c3d=retrofit2.adapter.rxjava.SingleThrowingTest.responseThrowingInOnSuccessDeliveredToPlugin_output_1590827835,1590828506,1590828121,385
isolation-from-pom-output,JON_19-isolation-from-pom_r100_t518400_5M_30d_3h_37m_14s_tootallnate.java-websocket-fa3909c=org.java_websocket.issues.Issue580Test.runNoCloseBlockingTestScenario6_output_1590827835,1590828573,1590828132,441
isolation-from-pom-output,JON_19-isolation-from-pom_r100_t518400_5M_30d_3h_37m_14s_tootallnate.java-websocket-fa3909c=org.java_websocket.misc.OpeningHandshakeRejectionTest.testHandshakeRejectionTestCase0_output_1590827835,1590828567,1590828134,433
isolation-from-pom-output,JON_19-isolation-from-pom_r100_t518400_5M_30d_3h_42m_14s_davidmoten.rxjava2-extras-d0315b6=com.github.davidmoten.rx2.buffertofile.FlowableOnBackpressureBufferToFileTest.testCancelObservable_output_1590828136,1590828989,1590828366,623
isolation-from-pom-output,JON_19-isolation-from-pom_r100_t518400_5M_30d_3h_42m_14s_fromage.redpipe-0aff891=net.redpipe.templating.freemarker.ApiTest.checkMail_output_1590828136,1590828843,1590828340,503
isolation-from-pom-output,JON_19-isolation-from-pom_r100_t518400_5M_30d_3h_42m_14s_fromage.redpipe-0aff891=net.redpipe.templating.freemarker.ApiTest.checkTemplateNegociationSingleHtml_output_1590828136,1590828923,1590828363,560
isolation-from-pom-output,JON_19-isolation-from-pom_r100_t518400_5M_30d_3h_42m_14s_fromage.redpipe-0aff891=net.redpipe.templating.freemarker.ApiTest.checkTemplateNegociationText_output_1590828136,1590828913,1590828348,565
isolation-from-pom-output,JON_19-isolation-from-pom_r100_t518400_5M_30d_3h_42m_14s_javadelight.delight-nashorn-sandbox-da35edc=delight.nashornsandbox.TestIssue34.testIssue34_Scenario1_output_1590828136,1590829034,1590828427,607
isolation-from-pom-output,JON_19-isolation-from-pom_r100_t518400_5M_30d_3h_42m_14s_kagkarlsson.db-scheduler-4a8a28e=com.github.kagkarlsson.scheduler.WaiterTest.should_wait_until_woken_output_1590828136,1590828734,1590828366,368
isolation-from-pom-output,JON_19-isolation-from-pom_r100_t518400_5M_30d_3h_42m_14s_looly.hutool-91565d0=cn.hutool.cron.test.CronTest.matchAllTest_output_1590828136,1590828815,1590828401,414
isolation-from-pom-output,JON_19-isolation-from-pom_r100_t518400_5M_30d_3h_42m_14s_spotify.helios-aebf68d=com.spotify.helios.testing.ProberTest.testOverrideDefaultProber_output_1590828136,1590831164,1590828417,2747
isolation-from-pom-output,JON_19-isolation-from-pom_r100_t518400_5M_30d_3h_42m_14s_square.retrofit-ae28c3d=retrofit2.adapter.rxjava.CancelDisposeTest.cancelDoesNotDispose_output_1590828136,1590828758,1590828377,381
isolation-from-pom-output,JON_19-isolation-from-pom_r100_t518400_5M_30d_3h_42m_14s_square.retrofit-ae28c3d=retrofit2.adapter.rxjava.CompletableThrowingTest.bodyThrowingInOnErrorDeliveredToPlugin_output_1590828136,1590828774,1590828374,400
isolation-from-pom-output,JON_19-isolation-from-pom_r100_t518400_5M_30d_3h_42m_14s_square.retrofit-ae28c3d=retrofit2.adapter.rxjava.CompletableThrowingTest.throwingInOnCompleteDeliveredToPlugin_output_1590828136,1590828784,1590828404,380
isolation-from-pom-output,JON_19-isolation-from-pom_r100_t518400_5M_30d_3h_42m_14s_square.retrofit-ae28c3d=retrofit2.adapter.rxjava.ObservableThrowingTest.responseThrowingInOnCompleteDeliveredToPlugin_output_1590828136,1590828806,1590828380,426
isolation-from-pom-output,JON_19-isolation-from-pom_r100_t518400_5M_30d_3h_42m_14s_square.retrofit-ae28c3d=retrofit2.adapter.rxjava.SingleThrowingTest.bodyThrowingInOnSuccessDeliveredToPlugin_output_1590828136,1590828734,1590828371,363
isolation-from-pom-output,JON_19-isolation-from-pom_r100_t518400_5M_30d_3h_42m_14s_square.retrofit-ae28c3d=retrofit2.adapter.rxjava.SingleThrowingTest.responseThrowingInOnSuccessDeliveredToPlugin_output_1590828136,1590828810,1590828395,415
isolation-from-pom-output,JON_19-isolation-from-pom_r100_t518400_5M_30d_3h_42m_14s_tootallnate.java-websocket-fa3909c=org.java_websocket.issues.Issue580Test.runNoCloseBlockingTestScenario6_output_1590828136,1590829239,1590828407,832
isolation-from-pom-output,JON_19-isolation-from-pom_r100_t518400_5M_30d_3h_42m_14s_tootallnate.java-websocket-fa3909c=org.java_websocket.misc.OpeningHandshakeRejectionTest.testHandshakeRejectionTestCase0_output_1590828136,1590828848,1590828421,427
isolation-from-pom-output,JON_19-isolation-from-pom_r100_t518400_5M_30d_3h_47m_14s_davidmoten.rxjava2-extras-d0315b6=com.github.davidmoten.rx2.buffertofile.FlowableOnBackpressureBufferToFileTest.testCancelObservable_output_1590828435,1590829252,1590828738,514
isolation-from-pom-output,JON_19-isolation-from-pom_r100_t518400_5M_30d_3h_47m_14s_fromage.redpipe-0aff891=net.redpipe.templating.freemarker.ApiTest.checkMail_output_1590828435,1590829178,1590828668,510
isolation-from-pom-output,JON_19-isolation-from-pom_r100_t518400_5M_30d_3h_47m_14s_fromage.redpipe-0aff891=net.redpipe.templating.freemarker.ApiTest.checkTemplateNegociationSingleHtml_output_1590828435,1590829214,1590828709,505
isolation-from-pom-output,JON_19-isolation-from-pom_r100_t518400_5M_30d_3h_47m_14s_fromage.redpipe-0aff891=net.redpipe.templating.freemarker.ApiTest.checkTemplateNegociationText_output_1590828435,1590829215,1590828709,506
isolation-from-pom-output,JON_19-isolation-from-pom_r100_t518400_5M_30d_3h_47m_14s_javadelight.delight-nashorn-sandbox-da35edc=delight.nashornsandbox.TestIssue34.testIssue34_Scenario1_output_1590828435,1590829264,1590828731,533
isolation-from-pom-output,JON_19-isolation-from-pom_r100_t518400_5M_30d_3h_47m_14s_kagkarlsson.db-scheduler-4a8a28e=com.github.kagkarlsson.scheduler.WaiterTest.should_wait_until_woken_output_1590828435,1590829042,1590828738,304
isolation-from-pom-output,JON_19-isolation-from-pom_r100_t518400_5M_30d_3h_47m_14s_looly.hutool-91565d0=cn.hutool.cron.test.CronTest.matchAllTest_output_1590828435,1590829068,1590828728,340
isolation-from-pom-output,JON_19-isolation-from-pom_r100_t518400_5M_30d_3h_47m_14s_spotify.helios-aebf68d=com.spotify.helios.testing.ProberTest.testOverrideDefaultProber_output_1590828435,1590831093,1590828731,2362
isolation-from-pom-output,JON_19-isolation-from-pom_r100_t518400_5M_30d_3h_47m_14s_square.retrofit-ae28c3d=retrofit2.adapter.rxjava.CancelDisposeTest.cancelDoesNotDispose_output_1590828435,1590829035,1590828709,326
isolation-from-pom-output,JON_19-isolation-from-pom_r100_t518400_5M_30d_3h_47m_14s_square.retrofit-ae28c3d=retrofit2.adapter.rxjava.CompletableThrowingTest.bodyThrowingInOnErrorDeliveredToPlugin_output_1590828435,1590829039,1590828709,330
isolation-from-pom-output,JON_19-isolation-from-pom_r100_t518400_5M_30d_3h_47m_14s_square.retrofit-ae28c3d=retrofit2.adapter.rxjava.CompletableThrowingTest.throwingInOnCompleteDeliveredToPlugin_output_1590828435,1590829034,1590828709,325
isolation-from-pom-output,JON_19-isolation-from-pom_r100_t518400_5M_30d_3h_47m_14s_square.retrofit-ae28c3d=retrofit2.adapter.rxjava.ObservableThrowingTest.responseThrowingInOnCompleteDeliveredToPlugin_output_1590828435,1590829010,1590828668,342
isolation-from-pom-output,JON_19-isolation-from-pom_r100_t518400_5M_30d_3h_47m_14s_square.retrofit-ae28c3d=retrofit2.adapter.rxjava.SingleThrowingTest.bodyThrowingInOnSuccessDeliveredToPlugin_output_1590828435,1590829026,1590828674,352
isolation-from-pom-output,JON_19-isolation-from-pom_r100_t518400_5M_30d_3h_47m_14s_square.retrofit-ae28c3d=retrofit2.adapter.rxjava.SingleThrowingTest.responseThrowingInOnSuccessDeliveredToPlugin_output_1590828435,1590829048,1590828709,339
isolation-from-pom-output,JON_19-isolation-from-pom_r100_t518400_5M_30d_3h_47m_14s_tootallnate.java-websocket-fa3909c=org.java_websocket.issues.Issue580Test.runNoCloseBlockingTestScenario6_output_1590828435,1590829141,1590828740,401
isolation-from-pom-output,JON_19-isolation-from-pom_r100_t518400_5M_30d_3h_47m_14s_tootallnate.java-websocket-fa3909c=org.java_websocket.misc.OpeningHandshakeRejectionTest.testHandshakeRejectionTestCase0_output_1590828435,1590829144,1590828740,404
isolation-from-pom-output,JON_19-isolation-from-pom_r100_t518400_5M_30d_3h_52m_14s_davidmoten.rxjava2-extras-d0315b6=com.github.davidmoten.rx2.buffertofile.FlowableOnBackpressureBufferToFileTest.testCancelObservable_output_1590828735,1590829629,1590828982,647
isolation-from-pom-output,JON_19-isolation-from-pom_r100_t518400_5M_30d_3h_52m_14s_fromage.redpipe-0aff891=net.redpipe.templating.freemarker.ApiTest.checkMail_output_1590828735,1590829569,1590829011,558
isolation-from-pom-output,JON_19-isolation-from-pom_r100_t518400_5M_30d_3h_52m_14s_fromage.redpipe-0aff891=net.redpipe.templating.freemarker.ApiTest.checkTemplateNegociationSingleHtml_output_1590828735,1590829550,1590828976,574
isolation-from-pom-output,JON_19-isolation-from-pom_r100_t518400_5M_30d_3h_52m_14s_fromage.redpipe-0aff891=net.redpipe.templating.freemarker.ApiTest.checkTemplateNegociationText_output_1590828735,1590829535,1590828977,558
isolation-from-pom-output,JON_19-isolation-from-pom_r100_t518400_5M_30d_3h_52m_14s_javadelight.delight-nashorn-sandbox-da35edc=delight.nashornsandbox.TestIssue34.testIssue34_Scenario1_output_1590828735,1590829584,1590829008,576
isolation-from-pom-output,JON_19-isolation-from-pom_r100_t518400_5M_30d_3h_52m_14s_kagkarlsson.db-scheduler-4a8a28e=com.github.kagkarlsson.scheduler.WaiterTest.should_wait_until_woken_output_1590828735,1590829368,1590828994,374
isolation-from-pom-output,JON_19-isolation-from-pom_r100_t518400_5M_30d_3h_52m_14s_looly.hutool-91565d0=cn.hutool.cron.test.CronTest.matchAllTest_output_1590828735,1590829392,1590829003,389
isolation-from-pom-output,JON_19-isolation-from-pom_r100_t518400_5M_30d_3h_52m_14s_spotify.helios-aebf68d=com.spotify.helios.testing.JobNamePrefixTest.testJobNamePrefix_output_1590828735,1590831894,1590828979,2915
isolation-from-pom-output,JON_19-isolation-from-pom_r100_t518400_5M_30d_3h_52m_14s_spotify.helios-aebf68d=com.spotify.helios.testing.ProberTest.testOverrideDefaultProber_output_1590828735,1590831728,1590829009,2719
isolation-from-pom-output,JON_19-isolation-from-pom_r100_t518400_5M_30d_3h_52m_14s_square.retrofit-ae28c3d=retrofit2.adapter.rxjava.CancelDisposeTest.cancelDoesNotDispose_output_1590828735,1590829355,1590828979,376
isolation-from-pom-output,JON_19-isolation-from-pom_r100_t518400_5M_30d_3h_52m_14s_square.retrofit-ae28c3d=retrofit2.adapter.rxjava.CompletableThrowingTest.bodyThrowingInOnErrorDeliveredToPlugin_output_1590828735,1590829364,1590828979,385
isolation-from-pom-output,JON_19-isolation-from-pom_r100_t518400_5M_30d_3h_52m_14s_square.retrofit-ae28c3d=retrofit2.adapter.rxjava.CompletableThrowingTest.throwingInOnCompleteDeliveredToPlugin_output_1590828735,1590829361,1590828977,384
isolation-from-pom-output,JON_19-isolation-from-pom_r100_t518400_5M_30d_3h_52m_14s_square.retrofit-ae28c3d=retrofit2.adapter.rxjava.ObservableThrowingTest.responseThrowingInOnCompleteDeliveredToPlugin_output_1590828735,1590829391,1590828979,412
isolation-from-pom-output,JON_19-isolation-from-pom_r100_t518400_5M_30d_3h_52m_14s_square.retrofit-ae28c3d=retrofit2.adapter.rxjava.SingleThrowingTest.bodyThrowingInOnSuccessDeliveredToPlugin_output_1590828735,1590829421,1590829008,413
isolation-from-pom-output,JON_19-isolation-from-pom_r100_t518400_5M_30d_3h_52m_14s_square.retrofit-ae28c3d=retrofit2.adapter.rxjava.SingleThrowingTest.responseThrowingInOnSuccessDeliveredToPlugin_output_1590828735,1590829385,1590828979,406
isolation-from-pom-output,JON_19-isolation-from-pom_r100_t518400_5M_30d_3h_52m_14s_tootallnate.java-websocket-fa3909c=org.java_websocket.issues.Issue580Test.runNoCloseBlockingTestScenario6_output_1590828735,1590829456,1590829011,445
isolation-from-pom-output,JON_19-isolation-from-pom_r100_t518400_5M_30d_3h_52m_14s_tootallnate.java-websocket-fa3909c=org.java_websocket.misc.OpeningHandshakeRejectionTest.testHandshakeRejectionTestCase0_output_1590828735,1590829435,1590829011,424
isolation-from-pom-output,JON_19-isolation-from-pom_r100_t518400_5M_30d_3h_57m_14s_davidmoten.rxjava2-extras-d0315b6=com.github.davidmoten.rx2.buffertofile.FlowableOnBackpressureBufferToFileTest.testCancelObservable_output_1590829036,1590829838,1590829282,556
isolation-from-pom-output,JON_19-isolation-from-pom_r100_t518400_5M_30d_3h_57m_14s_fromage.redpipe-0aff891=net.redpipe.templating.freemarker.ApiTest.checkMail_output_1590829036,1590829849,1590829256,593
isolation-from-pom-output,JON_19-isolation-from-pom_r100_t518400_5M_30d_3h_57m_14s_fromage.redpipe-0aff891=net.redpipe.templating.freemarker.ApiTest.checkTemplateNegociationSingleHtml_output_1590829036,1590829831,1590829260,571
isolation-from-pom-output,JON_19-isolation-from-pom_r100_t518400_5M_30d_3h_57m_14s_fromage.redpipe-0aff891=net.redpipe.templating.freemarker.ApiTest.checkTemplateNegociationText_output_1590829036,1590829825,1590829265,560
isolation-from-pom-output,JON_19-isolation-from-pom_r100_t518400_5M_30d_3h_57m_14s_javadelight.delight-nashorn-sandbox-da35edc=delight.nashornsandbox.TestIssue34.testIssue34_Scenario1_output_1590829036,1590829878,1590829290,588
isolation-from-pom-output,JON_19-isolation-from-pom_r100_t518400_5M_30d_3h_57m_14s_kagkarlsson.db-scheduler-4a8a28e=com.github.kagkarlsson.scheduler.WaiterTest.should_wait_until_woken_output_1590829036,1590829626,1590829290,336
isolation-from-pom-output,JON_19-isolation-from-pom_r100_t518400_5M_30d_3h_57m_14s_looly.hutool-91565d0=cn.hutool.cron.test.CronTest.matchAllTest_output_1590829036,1590829727,1590829282,445
isolation-from-pom-output,JON_19-isolation-from-pom_r100_t518400_5M_30d_3h_57m_14s_spotify.helios-aebf68d=com.spotify.helios.testing.ProberTest.testOverrideDefaultProber_output_1590829036,1590832134,1590829288,2846
isolation-from-pom-output,JON_19-isolation-from-pom_r100_t518400_5M_30d_3h_57m_14s_square.retrofit-ae28c3d=retrofit2.adapter.rxjava.CancelDisposeTest.cancelDoesNotDispose_output_1590829036,1590829661,1590829269,392
isolation-from-pom-output,JON_19-isolation-from-pom_r100_t518400_5M_30d_3h_57m_14s_square.retrofit-ae28c3d=retrofit2.adapter.rxjava.CompletableThrowingTest.bodyThrowingInOnErrorDeliveredToPlugin_output_1590829036,1590829658,1590829268,390
isolation-from-pom-output,JON_19-isolation-from-pom_r100_t518400_5M_30d_3h_57m_14s_square.retrofit-ae28c3d=retrofit2.adapter.rxjava.CompletableThrowingTest.throwingInOnCompleteDeliveredToPlugin_output_1590829036,1590829691,1590829279,412
isolation-from-pom-output,JON_19-isolation-from-pom_r100_t518400_5M_30d_3h_57m_14s_square.retrofit-ae28c3d=retrofit2.adapter.rxjava.ObservableThrowingTest.responseThrowingInOnCompleteDeliveredToPlugin_output_1590829036,1590829692,1590829274,418
isolation-from-pom-output,JON_19-isolation-from-pom_r100_t518400_5M_30d_3h_57m_14s_square.retrofit-ae28c3d=retrofit2.adapter.rxjava.SingleThrowingTest.bodyThrowingInOnSuccessDeliveredToPlugin_output_1590829036,1590829678,1590829270,408
isolation-from-pom-output,JON_19-isolation-from-pom_r100_t518400_5M_30d_3h_57m_14s_square.retrofit-ae28c3d=retrofit2.adapter.rxjava.SingleThrowingTest.responseThrowingInOnSuccessDeliveredToPlugin_output_1590829036,1590829679,1590829285,394
isolation-from-pom-output,JON_19-isolation-from-pom_r100_t518400_5M_30d_3h_57m_14s_tootallnate.java-websocket-fa3909c=org.java_websocket.issues.Issue580Test.runNoCloseBlockingTestScenario6_output_1590829036,1590829764,1590829290,474
isolation-from-pom-output,JON_19-isolation-from-pom_r100_t518400_5M_30d_3h_57m_14s_tootallnate.java-websocket-fa3909c=org.java_websocket.misc.OpeningHandshakeRejectionTest.testHandshakeRejectionTestCase0_output_1590829036,1590829724,1590829288,436
isolation-from-pom-output,JON_19-isolation-from-pom_r100_t518400_5M_30d_4h_12m_14s_davidmoten.rxjava2-extras-d0315b6=com.github.davidmoten.rx2.buffertofile.FlowableOnBackpressureBufferToFileTest.testCancelObservable_output_1590829935,1590830771,1590830173,598
isolation-from-pom-output,JON_19-isolation-from-pom_r100_t518400_5M_30d_4h_12m_14s_fromage.redpipe-0aff891=net.redpipe.templating.freemarker.ApiTest.checkMail_output_1590829935,1590830716,1590830156,560
isolation-from-pom-output,JON_19-isolation-from-pom_r100_t518400_5M_30d_4h_12m_14s_fromage.redpipe-0aff891=net.redpipe.templating.freemarker.ApiTest.checkTemplateNegociationSingleHtml_output_1590829935,1590830712,1590830159,553
isolation-from-pom-output,JON_19-isolation-from-pom_r100_t518400_5M_30d_4h_12m_14s_fromage.redpipe-0aff891=net.redpipe.templating.freemarker.ApiTest.checkTemplateNegociationText_output_1590829935,1590830732,1590830162,570
isolation-from-pom-output,JON_19-isolation-from-pom_r100_t518400_5M_30d_4h_12m_14s_javadelight.delight-nashorn-sandbox-da35edc=delight.nashornsandbox.TestIssue34.testIssue34_Scenario1_output_1590829935,1590830783,1590830187,596
isolation-from-pom-output,JON_19-isolation-from-pom_r100_t518400_5M_30d_4h_12m_14s_kagkarlsson.db-scheduler-4a8a28e=com.github.kagkarlsson.scheduler.WaiterTest.should_wait_until_woken_output_1590829935,1590830536,1590830179,357
isolation-from-pom-output,JON_19-isolation-from-pom_r100_t518400_5M_30d_4h_12m_14s_looly.hutool-91565d0=cn.hutool.cron.test.CronTest.matchAllTest_output_1590829935,1590830600,1590830181,419
isolation-from-pom-output,JON_19-isolation-from-pom_r100_t518400_5M_30d_4h_12m_14s_spotify.helios-aebf68d=com.spotify.helios.testing.ProberTest.testOverrideDefaultProber_output_1590829935,1590833029,1590830207,2822
isolation-from-pom-output,JON_19-isolation-from-pom_r100_t518400_5M_30d_4h_12m_14s_square.retrofit-ae28c3d=retrofit2.adapter.rxjava.CancelDisposeTest.cancelDoesNotDispose_output_1590829935,1590830561,1590830162,399
isolation-from-pom-output,JON_19-isolation-from-pom_r100_t518400_5M_30d_4h_12m_14s_square.retrofit-ae28c3d=retrofit2.adapter.rxjava.CompletableThrowingTest.bodyThrowingInOnErrorDeliveredToPlugin_output_1590829935,1590830575,1590830167,408
isolation-from-pom-output,JON_19-isolation-from-pom_r100_t518400_5M_30d_4h_12m_14s_square.retrofit-ae28c3d=retrofit2.adapter.rxjava.CompletableThrowingTest.throwingInOnCompleteDeliveredToPlugin_output_1590829935,1590830599,1590830173,426
isolation-from-pom-output,JON_19-isolation-from-pom_r100_t518400_5M_30d_4h_12m_14s_square.retrofit-ae28c3d=retrofit2.adapter.rxjava.ObservableThrowingTest.responseThrowingInOnCompleteDeliveredToPlugin_output_1590829935,1590830578,1590830173,405
isolation-from-pom-output,JON_19-isolation-from-pom_r100_t518400_5M_30d_4h_12m_14s_square.retrofit-ae28c3d=retrofit2.adapter.rxjava.SingleThrowingTest.bodyThrowingInOnSuccessDeliveredToPlugin_output_1590829935,1590830577,1590830176,401
isolation-from-pom-output,JON_19-isolation-from-pom_r100_t518400_5M_30d_4h_12m_14s_square.retrofit-ae28c3d=retrofit2.adapter.rxjava.SingleThrowingTest.responseThrowingInOnSuccessDeliveredToPlugin_output_1590829935,1590830604,1590830187,417
isolation-from-pom-output,JON_19-isolation-from-pom_r100_t518400_5M_30d_4h_12m_14s_tootallnate.java-websocket-fa3909c=org.java_websocket.issues.Issue580Test.runNoCloseBlockingTestScenario6_output_1590829935,1590830666,1590830187,479
isolation-from-pom-output,JON_19-isolation-from-pom_r100_t518400_5M_30d_4h_12m_14s_tootallnate.java-websocket-fa3909c=org.java_websocket.misc.OpeningHandshakeRejectionTest.testHandshakeRejectionTestCase0_output_1590829935,1590830669,1590830202,467
isolation-from-pom-output,JON_19-isolation-from-pom_r100_t518400_5M_30d_4h_17m_14s_davidmoten.rxjava2-extras-d0315b6=com.github.davidmoten.rx2.buffertofile.FlowableOnBackpressureBufferToFileTest.testCancelObservable_output_1590830235,1590831237,1590830707,530
isolation-from-pom-output,JON_19-isolation-from-pom_r100_t518400_5M_30d_4h_17m_14s_fromage.redpipe-0aff891=net.redpipe.templating.freemarker.ApiTest.checkMail_output_1590830235,1590830954,1590830469,485
isolation-from-pom-output,JON_19-isolation-from-pom_r100_t518400_5M_30d_4h_17m_14s_fromage.redpipe-0aff891=net.redpipe.templating.freemarker.ApiTest.checkTemplateNegociationSingleHtml_output_1590830235,1590830969,1590830480,489
isolation-from-pom-output,JON_19-isolation-from-pom_r100_t518400_5M_30d_4h_17m_14s_fromage.redpipe-0aff891=net.redpipe.templating.freemarker.ApiTest.checkTemplateNegociationText_output_1590830235,1590830952,1590830480,472
isolation-from-pom-output,JON_19-isolation-from-pom_r100_t518400_5M_30d_4h_17m_14s_javadelight.delight-nashorn-sandbox-da35edc=delight.nashornsandbox.TestIssue34.testIssue34_Scenario1_output_1590830235,1590831148,1590830610,538
isolation-from-pom-output,JON_19-isolation-from-pom_r100_t518400_5M_30d_4h_17m_14s_kagkarlsson.db-scheduler-4a8a28e=com.github.kagkarlsson.scheduler.WaiterTest.should_wait_until_woken_output_1590830235,1590830955,1590830620,335
isolation-from-pom-output,JON_19-isolation-from-pom_r100_t518400_5M_30d_4h_17m_14s_looly.hutool-91565d0=cn.hutool.cron.test.CronTest.matchAllTest_output_1590830235,1590830918,1590830526,392
isolation-from-pom-output,JON_19-isolation-from-pom_r100_t518400_5M_30d_4h_17m_14s_spotify.helios-aebf68d=com.spotify.helios.testing.JobNamePrefixTest.testJobNamePrefix_output_1590830235,1590832815,1590830480,2335
isolation-from-pom-output,JON_19-isolation-from-pom_r100_t518400_5M_30d_4h_17m_14s_spotify.helios-aebf68d=com.spotify.helios.testing.ProberTest.testOverrideDefaultProber_output_1590830235,1590832752,1590830475,2277
isolation-from-pom-output,JON_19-isolation-from-pom_r100_t518400_5M_30d_4h_17m_14s_square.retrofit-ae28c3d=retrofit2.adapter.rxjava.CancelDisposeTest.cancelDoesNotDispose_output_1590830235,1590830782,1590830501,281
isolation-from-pom-output,JON_19-isolation-from-pom_r100_t518400_5M_30d_4h_17m_14s_square.retrofit-ae28c3d=retrofit2.adapter.rxjava.CompletableThrowingTest.bodyThrowingInOnErrorDeliveredToPlugin_output_1590830235,1590830792,1590830512,280
isolation-from-pom-output,JON_19-isolation-from-pom_r100_t518400_5M_30d_4h_17m_14s_square.retrofit-ae28c3d=retrofit2.adapter.rxjava.CompletableThrowingTest.throwingInOnCompleteDeliveredToPlugin_output_1590830235,1590830881,1590830522,359
isolation-from-pom-output,JON_19-isolation-from-pom_r100_t518400_5M_30d_4h_17m_14s_square.retrofit-ae28c3d=retrofit2.adapter.rxjava.ObservableThrowingTest.responseThrowingInOnCompleteDeliveredToPlugin_output_1590830235,1590830867,1590830512,355
isolation-from-pom-output,JON_19-isolation-from-pom_r100_t518400_5M_30d_4h_17m_14s_square.retrofit-ae28c3d=retrofit2.adapter.rxjava.SingleThrowingTest.bodyThrowingInOnSuccessDeliveredToPlugin_output_1590830235,1590830813,1590830469,344
isolation-from-pom-output,JON_19-isolation-from-pom_r100_t518400_5M_30d_4h_17m_14s_square.retrofit-ae28c3d=retrofit2.adapter.rxjava.SingleThrowingTest.responseThrowingInOnSuccessDeliveredToPlugin_output_1590830235,1590830891,1590830534,357
isolation-from-pom-output,JON_19-isolation-from-pom_r100_t518400_5M_30d_4h_17m_14s_tootallnate.java-websocket-fa3909c=org.java_websocket.issues.Issue580Test.runNoCloseBlockingTestScenario6_output_1590830235,1590831091,1590830696,395
isolation-from-pom-output,JON_19-isolation-from-pom_r100_t518400_5M_30d_4h_17m_14s_tootallnate.java-websocket-fa3909c=org.java_websocket.misc.OpeningHandshakeRejectionTest.testHandshakeRejectionTestCase0_output_1590830235,1590831085,1590830668,417
isolation-from-pom-output,JON_19-isolation-from-pom_r100_t518400_5M_30d_4h_22m_14s_davidmoten.rxjava2-extras-d0315b6=com.github.davidmoten.rx2.buffertofile.FlowableOnBackpressureBufferToFileTest.testCancelObservable_output_1590830536,1590831400,1590830818,582
isolation-from-pom-output,JON_19-isolation-from-pom_r100_t518400_5M_30d_4h_22m_14s_fromage.redpipe-0aff891=net.redpipe.templating.freemarker.ApiTest.checkMail_output_1590830536,1590831386,1590830815,571
isolation-from-pom-output,JON_19-isolation-from-pom_r100_t518400_5M_30d_4h_22m_14s_fromage.redpipe-0aff891=net.redpipe.templating.freemarker.ApiTest.checkTemplateNegociationSingleHtml_output_1590830536,1590831358,1590830805,553
isolation-from-pom-output,JON_19-isolation-from-pom_r100_t518400_5M_30d_4h_22m_14s_fromage.redpipe-0aff891=net.redpipe.templating.freemarker.ApiTest.checkTemplateNegociationText_output_1590830536,1590831417,1590830815,602
isolation-from-pom-output,JON_19-isolation-from-pom_r100_t518400_5M_30d_4h_22m_14s_javadelight.delight-nashorn-sandbox-da35edc=delight.nashornsandbox.TestIssue34.testIssue34_Scenario1_output_1590830536,1590831385,1590830818,567
isolation-from-pom-output,JON_19-isolation-from-pom_r100_t518400_5M_30d_4h_22m_14s_kagkarlsson.db-scheduler-4a8a28e=com.github.kagkarlsson.scheduler.WaiterTest.should_wait_until_woken_output_1590830536,1590831176,1590830818,358
isolation-from-pom-output,JON_19-isolation-from-pom_r100_t518400_5M_30d_4h_22m_14s_looly.hutool-91565d0=cn.hutool.cron.test.CronTest.matchAllTest_output_1590830536,1590831251,1590830832,419
isolation-from-pom-output,JON_19-isolation-from-pom_r100_t518400_5M_30d_4h_22m_14s_spotify.helios-aebf68d=com.spotify.helios.testing.ProberTest.testOverrideDefaultProber_output_1590830536,1590833561,1590830824,2737
isolation-from-pom-output,JON_19-isolation-from-pom_r100_t518400_5M_30d_4h_22m_14s_square.retrofit-ae28c3d=retrofit2.adapter.rxjava.CancelDisposeTest.cancelDoesNotDispose_output_1590830536,1590831225,1590830818,407
isolation-from-pom-output,JON_19-isolation-from-pom_r100_t518400_5M_30d_4h_22m_14s_square.retrofit-ae28c3d=retrofit2.adapter.rxjava.CompletableThrowingTest.bodyThrowingInOnErrorDeliveredToPlugin_output_1590830536,1590831235,1590830818,417
isolation-from-pom-output,JON_19-isolation-from-pom_r100_t518400_5M_30d_4h_22m_14s_square.retrofit-ae28c3d=retrofit2.adapter.rxjava.CompletableThrowingTest.throwingInOnCompleteDeliveredToPlugin_output_1590830536,1590831185,1590830818,367
isolation-from-pom-output,JON_19-isolation-from-pom_r100_t518400_5M_30d_4h_22m_14s_square.retrofit-ae28c3d=retrofit2.adapter.rxjava.ObservableThrowingTest.responseThrowingInOnCompleteDeliveredToPlugin_output_1590830536,1590831191,1590830807,384
isolation-from-pom-output,JON_19-isolation-from-pom_r100_t518400_5M_30d_4h_22m_14s_square.retrofit-ae28c3d=retrofit2.adapter.rxjava.SingleThrowingTest.bodyThrowingInOnSuccessDeliveredToPlugin_output_1590830536,1590831262,1590830826,436
isolation-from-pom-output,JON_19-isolation-from-pom_r100_t518400_5M_30d_4h_22m_14s_square.retrofit-ae28c3d=retrofit2.adapter.rxjava.SingleThrowingTest.responseThrowingInOnSuccessDeliveredToPlugin_output_1590830536,1590831194,1590830818,376
isolation-from-pom-output,JON_19-isolation-from-pom_r100_t518400_5M_30d_4h_22m_14s_tootallnate.java-websocket-fa3909c=org.java_websocket.issues.Issue580Test.runNoCloseBlockingTestScenario6_output_1590830536,1590831308,1590830835,473
isolation-from-pom-output,JON_19-isolation-from-pom_r100_t518400_5M_30d_4h_22m_14s_tootallnate.java-websocket-fa3909c=org.java_websocket.misc.OpeningHandshakeRejectionTest.testHandshakeRejectionTestCase0_output_1590830536,1590831276,1590830834,442
isolation-from-pom-output,JON_19-isolation-from-pom_r100_t518400_5M_30d_4h_27m_14s_davidmoten.rxjava2-extras-d0315b6=com.github.davidmoten.rx2.buffertofile.FlowableOnBackpressureBufferToFileTest.testCancelObservable_output_1590830836,1590831698,1590831120,578
isolation-from-pom-output,JON_19-isolation-from-pom_r100_t518400_5M_30d_4h_27m_14s_fromage.redpipe-0aff891=net.redpipe.templating.freemarker.ApiTest.checkMail_output_1590830836,1590831761,1590831101,660
isolation-from-pom-output,JON_19-isolation-from-pom_r100_t518400_5M_30d_4h_27m_14s_fromage.redpipe-0aff891=net.redpipe.templating.freemarker.ApiTest.checkTemplateNegociationSingleHtml_output_1590830836,1590831675,1590831099,576
isolation-from-pom-output,JON_19-isolation-from-pom_r100_t518400_5M_30d_4h_27m_14s_fromage.redpipe-0aff891=net.redpipe.templating.freemarker.ApiTest.checkTemplateNegociationText_output_1590830836,1590831674,1590831101,573
isolation-from-pom-output,JON_19-isolation-from-pom_r100_t518400_5M_30d_4h_27m_14s_javadelight.delight-nashorn-sandbox-da35edc=delight.nashornsandbox.TestIssue34.testIssue34_Scenario1_output_1590830836,1590831748,1590831162,586
isolation-from-pom-output,JON_19-isolation-from-pom_r100_t518400_5M_30d_4h_27m_14s_kagkarlsson.db-scheduler-4a8a28e=com.github.kagkarlsson.scheduler.WaiterTest.should_wait_until_woken_output_1590830836,1590831529,1590831148,381
isolation-from-pom-output,JON_19-isolation-from-pom_r100_t518400_5M_30d_4h_27m_14s_looly.hutool-91565d0=cn.hutool.cron.test.CronTest.matchAllTest_output_1590830836,1590831515,1590831118,397
isolation-from-pom-output,JON_19-isolation-from-pom_r100_t518400_5M_30d_4h_27m_14s_spotify.helios-aebf68d=com.spotify.helios.testing.ProberTest.testOverrideDefaultProber_output_1590830836,1590834069,1590831165,2904
isolation-from-pom-output,JON_19-isolation-from-pom_r100_t518400_5M_30d_4h_27m_14s_square.retrofit-ae28c3d=retrofit2.adapter.rxjava.CancelDisposeTest.cancelDoesNotDispose_output_1590830836,1590831522,1590831107,415
isolation-from-pom-output,JON_19-isolation-from-pom_r100_t518400_5M_30d_4h_27m_14s_square.retrofit-ae28c3d=retrofit2.adapter.rxjava.CompletableThrowingTest.bodyThrowingInOnErrorDeliveredToPlugin_output_1590830836,1590831512,1590831115,397
isolation-from-pom-output,JON_19-isolation-from-pom_r100_t518400_5M_30d_4h_27m_14s_square.retrofit-ae28c3d=retrofit2.adapter.rxjava.CompletableThrowingTest.throwingInOnCompleteDeliveredToPlugin_output_1590830836,1590831490,1590831099,391
isolation-from-pom-output,JON_19-isolation-from-pom_r100_t518400_5M_30d_4h_27m_14s_square.retrofit-ae28c3d=retrofit2.adapter.rxjava.ObservableThrowingTest.responseThrowingInOnCompleteDeliveredToPlugin_output_1590830836,1590831535,1590831120,415
isolation-from-pom-output,JON_19-isolation-from-pom_r100_t518400_5M_30d_4h_27m_14s_square.retrofit-ae28c3d=retrofit2.adapter.rxjava.SingleThrowingTest.bodyThrowingInOnSuccessDeliveredToPlugin_output_1590830836,1590831528,1590831140,388
isolation-from-pom-output,JON_19-isolation-from-pom_r100_t518400_5M_30d_4h_27m_14s_square.retrofit-ae28c3d=retrofit2.adapter.rxjava.SingleThrowingTest.responseThrowingInOnSuccessDeliveredToPlugin_output_1590830836,1590831534,1590831140,394
isolation-from-pom-output,JON_19-isolation-from-pom_r100_t518400_5M_30d_4h_27m_14s_tootallnate.java-websocket-fa3909c=org.java_websocket.issues.Issue580Test.runNoCloseBlockingTestScenario6_output_1590830836,1590831627,1590831167,460
isolation-from-pom-output,JON_19-isolation-from-pom_r100_t518400_5M_30d_4h_27m_14s_tootallnate.java-websocket-fa3909c=org.java_websocket.misc.OpeningHandshakeRejectionTest.testHandshakeRejectionTestCase0_output_1590830836,1590831645,1590831182,463
isolation-from-pom-output,JON_19-isolation-from-pom_r100_t518400_5M_30d_4h_2m_14s_davidmoten.rxjava2-extras-d0315b6=com.github.davidmoten.rx2.buffertofile.FlowableOnBackpressureBufferToFileTest.testCancelObservable_output_1590829336,1590830166,1590829641,525
isolation-from-pom-output,JON_19-isolation-from-pom_r100_t518400_5M_30d_4h_2m_14s_fromage.redpipe-0aff891=net.redpipe.templating.freemarker.ApiTest.checkMail_output_1590829336,1590830056,1590829559,497
isolation-from-pom-output,JON_19-isolation-from-pom_r100_t518400_5M_30d_4h_2m_14s_fromage.redpipe-0aff891=net.redpipe.templating.freemarker.ApiTest.checkTemplateNegociationSingleHtml_output_1590829336,1590830102,1590829578,524
isolation-from-pom-output,JON_19-isolation-from-pom_r100_t518400_5M_30d_4h_2m_14s_fromage.redpipe-0aff891=net.redpipe.templating.freemarker.ApiTest.checkTemplateNegociationText_output_1590829336,1590830090,1590829567,523
isolation-from-pom-output,JON_19-isolation-from-pom_r100_t518400_5M_30d_4h_2m_14s_javadelight.delight-nashorn-sandbox-da35edc=delight.nashornsandbox.TestIssue34.testIssue34_Scenario1_output_1590829336,1590830143,1590829567,576
isolation-from-pom-output,JON_19-isolation-from-pom_r100_t518400_5M_30d_4h_2m_14s_kagkarlsson.db-scheduler-4a8a28e=com.github.kagkarlsson.scheduler.WaiterTest.should_wait_until_woken_output_1590829336,1590829983,1590829641,342
isolation-from-pom-output,JON_19-isolation-from-pom_r100_t518400_5M_30d_4h_2m_14s_looly.hutool-91565d0=cn.hutool.cron.test.CronTest.matchAllTest_output_1590829336,1590829985,1590829588,397
isolation-from-pom-output,JON_19-isolation-from-pom_r100_t518400_5M_30d_4h_2m_14s_spotify.helios-aebf68d=com.spotify.helios.testing.ProberTest.testOverrideDefaultProber_output_1590829336,1590832377,1590829664,2713
isolation-from-pom-output,JON_19-isolation-from-pom_r100_t518400_5M_30d_4h_2m_14s_square.retrofit-ae28c3d=retrofit2.adapter.rxjava.CancelDisposeTest.cancelDoesNotDispose_output_1590829336,1590829922,1590829562,360
isolation-from-pom-output,JON_19-isolation-from-pom_r100_t518400_5M_30d_4h_2m_14s_square.retrofit-ae28c3d=retrofit2.adapter.rxjava.CompletableThrowingTest.bodyThrowingInOnErrorDeliveredToPlugin_output_1590829336,1590829923,1590829564,359
isolation-from-pom-output,JON_19-isolation-from-pom_r100_t518400_5M_30d_4h_2m_14s_square.retrofit-ae28c3d=retrofit2.adapter.rxjava.CompletableThrowingTest.throwingInOnCompleteDeliveredToPlugin_output_1590829336,1590829949,1590829581,368
isolation-from-pom-output,JON_19-isolation-from-pom_r100_t518400_5M_30d_4h_2m_14s_square.retrofit-ae28c3d=retrofit2.adapter.rxjava.ObservableThrowingTest.responseThrowingInOnCompleteDeliveredToPlugin_output_1590829336,1590830022,1590829639,383
isolation-from-pom-output,JON_19-isolation-from-pom_r100_t518400_5M_30d_4h_2m_14s_square.retrofit-ae28c3d=retrofit2.adapter.rxjava.SingleThrowingTest.bodyThrowingInOnSuccessDeliveredToPlugin_output_1590829336,1590830003,1590829641,362
isolation-from-pom-output,JON_19-isolation-from-pom_r100_t518400_5M_30d_4h_2m_14s_square.retrofit-ae28c3d=retrofit2.adapter.rxjava.SingleThrowingTest.responseThrowingInOnSuccessDeliveredToPlugin_output_1590829336,1590830028,1590829650,378
isolation-from-pom-output,JON_19-isolation-from-pom_r100_t518400_5M_30d_4h_2m_14s_tootallnate.java-websocket-fa3909c=org.java_websocket.issues.Issue580Test.runNoCloseBlockingTestScenario6_output_1590829336,1590829993,1590829564,429
isolation-from-pom-output,JON_19-isolation-from-pom_r100_t518400_5M_30d_4h_2m_14s_tootallnate.java-websocket-fa3909c=org.java_websocket.misc.OpeningHandshakeRejectionTest.testHandshakeRejectionTestCase0_output_1590829336,1590830068,1590829652,416
isolation-from-pom-output,JON_19-isolation-from-pom_r100_t518400_5M_30d_4h_32m_14s_davidmoten.rxjava2-extras-d0315b6=com.github.davidmoten.rx2.buffertofile.FlowableOnBackpressureBufferToFileTest.testCancelObservable_output_1590831135,1590831875,1590831376,499
isolation-from-pom-output,JON_19-isolation-from-pom_r100_t518400_5M_30d_4h_32m_14s_fromage.redpipe-0aff891=net.redpipe.templating.freemarker.ApiTest.checkMail_output_1590831135,1590831803,1590831340,463
isolation-from-pom-output,JON_19-isolation-from-pom_r100_t518400_5M_30d_4h_32m_14s_fromage.redpipe-0aff891=net.redpipe.templating.freemarker.ApiTest.checkTemplateNegociationSingleHtml_output_1590831135,1590831930,1590831362,568
isolation-from-pom-output,JON_19-isolation-from-pom_r100_t518400_5M_30d_4h_32m_14s_fromage.redpipe-0aff891=net.redpipe.templating.freemarker.ApiTest.checkTemplateNegociationText_output_1590831135,1590831914,1590831370,544
isolation-from-pom-output,JON_19-isolation-from-pom_r100_t518400_5M_30d_4h_32m_14s_javadelight.delight-nashorn-sandbox-da35edc=delight.nashornsandbox.TestIssue34.testIssue34_Scenario1_output_1590831135,1590831930,1590831399,531
isolation-from-pom-output,JON_19-isolation-from-pom_r100_t518400_5M_30d_4h_32m_14s_kagkarlsson.db-scheduler-4a8a28e=com.github.kagkarlsson.scheduler.WaiterTest.should_wait_until_woken_output_1590831135,1590831714,1590831399,315
isolation-from-pom-output,JON_19-isolation-from-pom_r100_t518400_5M_30d_4h_32m_14s_looly.hutool-91565d0=cn.hutool.cron.test.CronTest.matchAllTest_output_1590831135,1590831776,1590831388,388
isolation-from-pom-output,JON_19-isolation-from-pom_r100_t518400_5M_30d_4h_37m_14s_looly.hutool-91565d0=cn.hutool.cron.test.CronTest.matchAllTest_output_1590831436,1590832058,1590831723,335
isolation-from-pom-output,JON_19-isolation-from-pom_r100_t518400_5M_30d_4h_32m_14s_spotify.helios-aebf68d=com.spotify.helios.testing.JobNamePrefixTest.testJobNamePrefix_output_1590831135,1590833860,1590831373,2487
isolation-from-pom-output,JON_19-isolation-from-pom_r100_t518400_5M_30d_4h_32m_14s_spotify.helios-aebf68d=com.spotify.helios.testing.ProberTest.testOverrideDefaultProber_output_1590831135,1590834031,1590831401,2630
isolation-from-pom-output,JON_19-isolation-from-pom_r100_t518400_5M_30d_4h_32m_14s_square.retrofit-ae28c3d=retrofit2.adapter.rxjava.CancelDisposeTest.cancelDoesNotDispose_output_1590831135,1590831744,1590831399,345
isolation-from-pom-output,JON_19-isolation-from-pom_r100_t518400_5M_30d_4h_32m_14s_square.retrofit-ae28c3d=retrofit2.adapter.rxjava.CompletableThrowingTest.bodyThrowingInOnErrorDeliveredToPlugin_output_1590831135,1590831741,1590831370,371
isolation-from-pom-output,JON_19-isolation-from-pom_r100_t518400_5M_30d_4h_32m_14s_square.retrofit-ae28c3d=retrofit2.adapter.rxjava.CompletableThrowingTest.throwingInOnCompleteDeliveredToPlugin_output_1590831135,1590831749,1590831370,379
isolation-from-pom-output,JON_19-isolation-from-pom_r100_t518400_5M_30d_4h_32m_14s_square.retrofit-ae28c3d=retrofit2.adapter.rxjava.ObservableThrowingTest.responseThrowingInOnCompleteDeliveredToPlugin_output_1590831135,1590831724,1590831379,345
isolation-from-pom-output,JON_19-isolation-from-pom_r100_t518400_5M_30d_4h_32m_14s_square.retrofit-ae28c3d=retrofit2.adapter.rxjava.SingleThrowingTest.bodyThrowingInOnSuccessDeliveredToPlugin_output_1590831135,1590831723,1590831399,324
isolation-from-pom-output,JON_19-isolation-from-pom_r100_t518400_5M_30d_4h_32m_14s_square.retrofit-ae28c3d=retrofit2.adapter.rxjava.SingleThrowingTest.responseThrowingInOnSuccessDeliveredToPlugin_output_1590831135,1590831822,1590831390,432
isolation-from-pom-output,JON_19-isolation-from-pom_r100_t518400_5M_30d_4h_32m_14s_tootallnate.java-websocket-fa3909c=org.java_websocket.issues.Issue580Test.runNoCloseBlockingTestScenario6_output_1590831135,1590831770,1590831353,417
isolation-from-pom-output,JON_19-isolation-from-pom_r100_t518400_5M_30d_4h_32m_14s_tootallnate.java-websocket-fa3909c=org.java_websocket.misc.OpeningHandshakeRejectionTest.testHandshakeRejectionTestCase0_output_1590831135,1590831796,1590831357,439
isolation-from-pom-output,JON_19-isolation-from-pom_r100_t518400_5M_30d_4h_37m_14s_davidmoten.rxjava2-extras-d0315b6=com.github.davidmoten.rx2.buffertofile.FlowableOnBackpressureBufferToFileTest.testCancelObservable_output_1590831436,1590832239,1590831721,518
isolation-from-pom-output,JON_19-isolation-from-pom_r100_t518400_5M_30d_4h_37m_14s_fromage.redpipe-0aff891=net.redpipe.templating.freemarker.ApiTest.checkMail_output_1590831436,1590832165,1590831663,502
isolation-from-pom-output,JON_19-isolation-from-pom_r100_t518400_5M_30d_4h_37m_14s_fromage.redpipe-0aff891=net.redpipe.templating.freemarker.ApiTest.checkTemplateNegociationSingleHtml_output_1590831436,1590832200,1590831657,543
isolation-from-pom-output,JON_19-isolation-from-pom_r100_t518400_5M_30d_4h_37m_14s_fromage.redpipe-0aff891=net.redpipe.templating.freemarker.ApiTest.checkTemplateNegociationText_output_1590831436,1590832183,1590831660,523
isolation-from-pom-output,JON_19-isolation-from-pom_r100_t518400_5M_30d_4h_37m_14s_javadelight.delight-nashorn-sandbox-da35edc=delight.nashornsandbox.TestIssue34.testIssue34_Scenario1_output_1590831436,1590832251,1590831723,528
isolation-from-pom-output,JON_19-isolation-from-pom_r100_t518400_5M_30d_4h_37m_14s_kagkarlsson.db-scheduler-4a8a28e=com.github.kagkarlsson.scheduler.WaiterTest.should_wait_until_woken_output_1590831436,1590832039,1590831726,313
isolation-from-pom-output,JON_19-isolation-from-pom_r100_t518400_5M_30d_4h_37m_14s_spotify.helios-aebf68d=com.spotify.helios.testing.ProberTest.testOverrideDefaultProber_output_1590831436,1590834237,1590831712,2525
isolation-from-pom-output,JON_19-isolation-from-pom_r100_t518400_5M_30d_4h_37m_14s_square.retrofit-ae28c3d=retrofit2.adapter.rxjava.CancelDisposeTest.cancelDoesNotDispose_output_1590831436,1590832009,1590831673,336
isolation-from-pom-output,JON_19-isolation-from-pom_r100_t518400_5M_30d_4h_37m_14s_square.retrofit-ae28c3d=retrofit2.adapter.rxjava.CompletableThrowingTest.bodyThrowingInOnErrorDeliveredToPlugin_output_1590831436,1590832063,1590831681,382
isolation-from-pom-output,JON_19-isolation-from-pom_r100_t518400_5M_30d_4h_37m_14s_square.retrofit-ae28c3d=retrofit2.adapter.rxjava.CompletableThrowingTest.throwingInOnCompleteDeliveredToPlugin_output_1590831436,1590832049,1590831663,386
isolation-from-pom-output,JON_19-isolation-from-pom_r100_t518400_5M_30d_4h_37m_14s_square.retrofit-ae28c3d=retrofit2.adapter.rxjava.ObservableThrowingTest.responseThrowingInOnCompleteDeliveredToPlugin_output_1590831436,1590832020,1590831663,357
isolation-from-pom-output,JON_19-isolation-from-pom_r100_t518400_5M_30d_4h_37m_14s_square.retrofit-ae28c3d=retrofit2.adapter.rxjava.SingleThrowingTest.bodyThrowingInOnSuccessDeliveredToPlugin_output_1590831436,1590832042,1590831673,369
isolation-from-pom-output,JON_19-isolation-from-pom_r100_t518400_5M_30d_4h_37m_14s_square.retrofit-ae28c3d=retrofit2.adapter.rxjava.SingleThrowingTest.responseThrowingInOnSuccessDeliveredToPlugin_output_1590831436,1590832139,1590831739,400
isolation-from-pom-output,JON_19-isolation-from-pom_r100_t518400_5M_30d_4h_37m_14s_tootallnate.java-websocket-fa3909c=org.java_websocket.issues.Issue580Test.runNoCloseBlockingTestScenario6_output_1590831436,1590832102,1590831685,417
isolation-from-pom-output,JON_19-isolation-from-pom_r100_t518400_5M_30d_4h_37m_14s_tootallnate.java-websocket-fa3909c=org.java_websocket.misc.OpeningHandshakeRejectionTest.testHandshakeRejectionTestCase0_output_1590831436,1590832176,1590831745,431
isolation-from-pom-output,JON_19-isolation-from-pom_r100_t518400_5M_30d_4h_42m_14s_davidmoten.rxjava2-extras-d0315b6=com.github.davidmoten.rx2.buffertofile.FlowableOnBackpressureBufferToFileTest.testCancelObservable_output_1590831736,1590832548,1590832017,531
isolation-from-pom-output,JON_19-isolation-from-pom_r100_t518400_5M_30d_4h_42m_14s_fromage.redpipe-0aff891=net.redpipe.templating.freemarker.ApiTest.checkMail_output_1590831736,1590832517,1590832017,500
isolation-from-pom-output,JON_19-isolation-from-pom_r100_t518400_5M_30d_4h_42m_14s_fromage.redpipe-0aff891=net.redpipe.templating.freemarker.ApiTest.checkTemplateNegociationSingleHtml_output_1590831736,1590832424,1590831976,448
isolation-from-pom-output,JON_19-isolation-from-pom_r100_t518400_5M_30d_4h_42m_14s_fromage.redpipe-0aff891=net.redpipe.templating.freemarker.ApiTest.checkTemplateNegociationText_output_1590831736,1590832434,1590831978,456
isolation-from-pom-output,JON_19-isolation-from-pom_r100_t518400_5M_30d_4h_42m_14s_javadelight.delight-nashorn-sandbox-da35edc=delight.nashornsandbox.TestIssue34.testIssue34_Scenario1_output_1590831736,1590832574,1590832037,537
isolation-from-pom-output,JON_19-isolation-from-pom_r100_t518400_5M_30d_4h_42m_14s_kagkarlsson.db-scheduler-4a8a28e=com.github.kagkarlsson.scheduler.WaiterTest.should_wait_until_woken_output_1590831736,1590832323,1590832017,306
isolation-from-pom-output,JON_19-isolation-from-pom_r100_t518400_5M_30d_4h_42m_14s_looly.hutool-91565d0=cn.hutool.cron.test.CronTest.matchAllTest_output_1590831736,1590832384,1590831999,385
isolation-from-pom-output,JON_19-isolation-from-pom_r100_t518400_5M_30d_4h_42m_14s_spotify.helios-aebf68d=com.spotify.helios.testing.JobNamePrefixTest.testJobNamePrefix_output_1590831736,1590834241,1590831976,2265
isolation-from-pom-output,JON_19-isolation-from-pom_r100_t518400_5M_30d_4h_42m_14s_spotify.helios-aebf68d=com.spotify.helios.testing.ProberTest.testOverrideDefaultProber_output_1590831736,1590834300,1590832033,2267
isolation-from-pom-output,JON_19-isolation-from-pom_r100_t518400_5M_30d_4h_42m_14s_square.retrofit-ae28c3d=retrofit2.adapter.rxjava.CancelDisposeTest.cancelDoesNotDispose_output_1590831736,1590832356,1590831991,365
isolation-from-pom-output,JON_19-isolation-from-pom_r100_t518400_5M_30d_4h_42m_14s_square.retrofit-ae28c3d=retrofit2.adapter.rxjava.CompletableThrowingTest.bodyThrowingInOnErrorDeliveredToPlugin_output_1590831736,1590832271,1590831978,293
isolation-from-pom-output,JON_19-isolation-from-pom_r100_t518400_5M_30d_4h_42m_14s_square.retrofit-ae28c3d=retrofit2.adapter.rxjava.CompletableThrowingTest.throwingInOnCompleteDeliveredToPlugin_output_1590831736,1590832321,1590831982,339
isolation-from-pom-output,JON_19-isolation-from-pom_r100_t518400_5M_30d_4h_42m_14s_square.retrofit-ae28c3d=retrofit2.adapter.rxjava.ObservableThrowingTest.responseThrowingInOnCompleteDeliveredToPlugin_output_1590831736,1590832322,1590831982,340
isolation-from-pom-output,JON_19-isolation-from-pom_r100_t518400_5M_30d_4h_42m_14s_square.retrofit-ae28c3d=retrofit2.adapter.rxjava.SingleThrowingTest.bodyThrowingInOnSuccessDeliveredToPlugin_output_1590831736,1590832347,1590831984,363
isolation-from-pom-output,JON_19-isolation-from-pom_r100_t518400_5M_30d_4h_42m_14s_square.retrofit-ae28c3d=retrofit2.adapter.rxjava.SingleThrowingTest.responseThrowingInOnSuccessDeliveredToPlugin_output_1590831736,1590832373,1590832009,364
isolation-from-pom-output,JON_19-isolation-from-pom_r100_t518400_5M_30d_4h_42m_14s_tootallnate.java-websocket-fa3909c=org.java_websocket.issues.Issue580Test.runNoCloseBlockingTestScenario6_output_1590831736,1590832455,1590832037,418
isolation-from-pom-output,JON_19-isolation-from-pom_r100_t518400_5M_30d_4h_42m_14s_tootallnate.java-websocket-fa3909c=org.java_websocket.misc.OpeningHandshakeRejectionTest.testHandshakeRejectionTestCase0_output_1590831736,1590832408,1590832037,371
isolation-from-pom-output,JON_19-isolation-from-pom_r100_t518400_5M_30d_4h_47m_14s_davidmoten.rxjava2-extras-d0315b6=com.github.davidmoten.rx2.buffertofile.FlowableOnBackpressureBufferToFileTest.testCancelObservable_output_1590832035,1590832931,1590832348,583
isolation-from-pom-output,JON_19-isolation-from-pom_r100_t518400_5M_30d_4h_47m_14s_fromage.redpipe-0aff891=net.redpipe.templating.freemarker.ApiTest.checkMail_output_1590832035,1590832859,1590832299,560
isolation-from-pom-output,JON_19-isolation-from-pom_r100_t518400_5M_30d_4h_47m_14s_fromage.redpipe-0aff891=net.redpipe.templating.freemarker.ApiTest.checkTemplateNegociationSingleHtml_output_1590832035,1590832876,1590832304,572
isolation-from-pom-output,JON_19-isolation-from-pom_r100_t518400_5M_30d_4h_47m_14s_fromage.redpipe-0aff891=net.redpipe.templating.freemarker.ApiTest.checkTemplateNegociationText_output_1590832035,1590832915,1590832337,578
isolation-from-pom-output,JON_19-isolation-from-pom_r100_t518400_5M_30d_4h_47m_14s_javadelight.delight-nashorn-sandbox-da35edc=delight.nashornsandbox.TestIssue34.testIssue34_Scenario1_output_1590832035,1590832902,1590832304,598
isolation-from-pom-output,JON_19-isolation-from-pom_r100_t518400_5M_30d_4h_47m_14s_kagkarlsson.db-scheduler-4a8a28e=com.github.kagkarlsson.scheduler.WaiterTest.should_wait_until_woken_output_1590832035,1590832760,1590832361,399
isolation-from-pom-output,JON_19-isolation-from-pom_r100_t518400_5M_30d_4h_47m_14s_looly.hutool-91565d0=cn.hutool.cron.test.CronTest.matchAllTest_output_1590832035,1590832775,1590832345,430
isolation-from-pom-output,JON_19-isolation-from-pom_r100_t518400_5M_30d_4h_47m_14s_spotify.helios-aebf68d=com.spotify.helios.testing.ProberTest.testOverrideDefaultProber_output_1590832035,1590835293,1590832359,2934
isolation-from-pom-output,JON_19-isolation-from-pom_r100_t518400_5M_30d_4h_47m_14s_square.retrofit-ae28c3d=retrofit2.adapter.rxjava.CancelDisposeTest.cancelDoesNotDispose_output_1590832035,1590832732,1590832343,389
isolation-from-pom-output,JON_19-isolation-from-pom_r100_t518400_5M_30d_4h_47m_14s_square.retrofit-ae28c3d=retrofit2.adapter.rxjava.CompletableThrowingTest.bodyThrowingInOnErrorDeliveredToPlugin_output_1590832035,1590832724,1590832345,379
isolation-from-pom-output,JON_19-isolation-from-pom_r100_t518400_5M_30d_4h_47m_14s_square.retrofit-ae28c3d=retrofit2.adapter.rxjava.CompletableThrowingTest.throwingInOnCompleteDeliveredToPlugin_output_1590832035,1590832739,1590832345,394
isolation-from-pom-output,JON_19-isolation-from-pom_r100_t518400_5M_30d_4h_47m_14s_square.retrofit-ae28c3d=retrofit2.adapter.rxjava.ObservableThrowingTest.responseThrowingInOnCompleteDeliveredToPlugin_output_1590832035,1590832717,1590832345,372
isolation-from-pom-output,JON_19-isolation-from-pom_r100_t518400_5M_30d_4h_47m_14s_square.retrofit-ae28c3d=retrofit2.adapter.rxjava.SingleThrowingTest.bodyThrowingInOnSuccessDeliveredToPlugin_output_1590832035,1590832749,1590832353,396
isolation-from-pom-output,JON_19-isolation-from-pom_r100_t518400_5M_30d_4h_47m_14s_square.retrofit-ae28c3d=retrofit2.adapter.rxjava.SingleThrowingTest.responseThrowingInOnSuccessDeliveredToPlugin_output_1590832035,1590832727,1590832345,382
isolation-from-pom-output,JON_19-isolation-from-pom_r100_t518400_5M_30d_4h_47m_14s_tootallnate.java-websocket-fa3909c=org.java_websocket.issues.Issue580Test.runNoCloseBlockingTestScenario6_output_1590832035,1590832873,1590832359,514
isolation-from-pom-output,JON_19-isolation-from-pom_r100_t518400_5M_30d_4h_47m_14s_tootallnate.java-websocket-fa3909c=org.java_websocket.misc.OpeningHandshakeRejectionTest.testHandshakeRejectionTestCase0_output_1590832035,1590832796,1590832353,443
isolation-from-pom-output,JON_19-isolation-from-pom_r100_t518400_5M_30d_4h_52m_14s_davidmoten.rxjava2-extras-d0315b6=com.github.davidmoten.rx2.buffertofile.FlowableOnBackpressureBufferToFileTest.testCancelObservable_output_1590832336,1590833214,1590832597,617
isolation-from-pom-output,JON_19-isolation-from-pom_r100_t518400_5M_30d_4h_52m_14s_fromage.redpipe-0aff891=net.redpipe.templating.freemarker.ApiTest.checkMail_output_1590832336,1590833108,1590832574,534
isolation-from-pom-output,JON_19-isolation-from-pom_r100_t518400_5M_30d_4h_52m_14s_fromage.redpipe-0aff891=net.redpipe.templating.freemarker.ApiTest.checkTemplateNegociationSingleHtml_output_1590832336,1590833151,1590832566,585
isolation-from-pom-output,JON_19-isolation-from-pom_r100_t518400_5M_30d_4h_52m_14s_fromage.redpipe-0aff891=net.redpipe.templating.freemarker.ApiTest.checkTemplateNegociationText_output_1590832336,1590833162,1590832571,591
isolation-from-pom-output,JON_19-isolation-from-pom_r100_t518400_5M_30d_4h_52m_14s_javadelight.delight-nashorn-sandbox-da35edc=delight.nashornsandbox.TestIssue34.testIssue34_Scenario1_output_1590832336,1590833208,1590832589,619
isolation-from-pom-output,JON_19-isolation-from-pom_r100_t518400_5M_30d_4h_52m_14s_kagkarlsson.db-scheduler-4a8a28e=com.github.kagkarlsson.scheduler.WaiterTest.should_wait_until_woken_output_1590832336,1590832977,1590832603,374
isolation-from-pom-output,JON_19-isolation-from-pom_r100_t518400_5M_30d_4h_52m_14s_looly.hutool-91565d0=cn.hutool.cron.test.CronTest.matchAllTest_output_1590832336,1590833003,1590832566,437
isolation-from-pom-output,JON_19-isolation-from-pom_r100_t518400_5M_30d_4h_52m_14s_spotify.helios-aebf68d=com.spotify.helios.testing.JobNamePrefixTest.testJobNamePrefix_output_1590832336,1590835500,1590832589,2911
isolation-from-pom-output,JON_19-isolation-from-pom_r100_t518400_5M_30d_4h_52m_14s_spotify.helios-aebf68d=com.spotify.helios.testing.ProberTest.testOverrideDefaultProber_output_1590832336,1590835293,1590832603,2690
isolation-from-pom-output,JON_19-isolation-from-pom_r100_t518400_5M_30d_4h_52m_14s_square.retrofit-ae28c3d=retrofit2.adapter.rxjava.CancelDisposeTest.cancelDoesNotDispose_output_1590832336,1590832982,1590832597,385
isolation-from-pom-output,JON_19-isolation-from-pom_r100_t518400_5M_30d_4h_52m_14s_square.retrofit-ae28c3d=retrofit2.adapter.rxjava.CompletableThrowingTest.bodyThrowingInOnErrorDeliveredToPlugin_output_1590832336,1590833019,1590832580,439
isolation-from-pom-output,JON_19-isolation-from-pom_r100_t518400_5M_30d_4h_52m_14s_square.retrofit-ae28c3d=retrofit2.adapter.rxjava.CompletableThrowingTest.throwingInOnCompleteDeliveredToPlugin_output_1590832336,1590832983,1590832583,400
isolation-from-pom-output,JON_19-isolation-from-pom_r100_t518400_5M_30d_4h_52m_14s_square.retrofit-ae28c3d=retrofit2.adapter.rxjava.ObservableThrowingTest.responseThrowingInOnCompleteDeliveredToPlugin_output_1590832336,1590833020,1590832585,435
isolation-from-pom-output,JON_19-isolation-from-pom_r100_t518400_5M_30d_4h_52m_14s_square.retrofit-ae28c3d=retrofit2.adapter.rxjava.SingleThrowingTest.bodyThrowingInOnSuccessDeliveredToPlugin_output_1590832336,1590832992,1590832583,409
isolation-from-pom-output,JON_19-isolation-from-pom_r100_t518400_5M_30d_4h_52m_14s_square.retrofit-ae28c3d=retrofit2.adapter.rxjava.SingleThrowingTest.responseThrowingInOnSuccessDeliveredToPlugin_output_1590832336,1590833007,1590832592,415
isolation-from-pom-output,JON_19-isolation-from-pom_r100_t518400_5M_30d_4h_52m_14s_tootallnate.java-websocket-fa3909c=org.java_websocket.issues.Issue580Test.runNoCloseBlockingTestScenario6_output_1590832336,1590833068,1590832589,479
isolation-from-pom-output,JON_19-isolation-from-pom_r100_t518400_5M_30d_4h_52m_14s_tootallnate.java-websocket-fa3909c=org.java_websocket.misc.OpeningHandshakeRejectionTest.testHandshakeRejectionTestCase0_output_1590832336,1590833060,1590832605,455
isolation-from-pom-output,JON_19-isolation-from-pom_r100_t518400_5M_30d_4h_57m_14s_davidmoten.rxjava2-extras-d0315b6=com.github.davidmoten.rx2.buffertofile.FlowableOnBackpressureBufferToFileTest.testCancelObservable_output_1590832635,1590833499,1590832934,565
isolation-from-pom-output,JON_19-isolation-from-pom_r100_t518400_5M_30d_4h_57m_14s_fromage.redpipe-0aff891=net.redpipe.templating.freemarker.ApiTest.checkMail_output_1590832635,1590833424,1590832875,549
isolation-from-pom-output,JON_19-isolation-from-pom_r100_t518400_5M_30d_4h_57m_14s_fromage.redpipe-0aff891=net.redpipe.templating.freemarker.ApiTest.checkTemplateNegociationSingleHtml_output_1590832635,1590833446,1590832895,551
isolation-from-pom-output,JON_19-isolation-from-pom_r100_t518400_5M_30d_4h_57m_14s_fromage.redpipe-0aff891=net.redpipe.templating.freemarker.ApiTest.checkTemplateNegociationText_output_1590832635,1590833502,1590832906,596
isolation-from-pom-output,JON_19-isolation-from-pom_r100_t518400_5M_30d_4h_57m_14s_javadelight.delight-nashorn-sandbox-da35edc=delight.nashornsandbox.TestIssue34.testIssue34_Scenario1_output_1590832635,1590833479,1590832901,578
isolation-from-pom-output,JON_19-isolation-from-pom_r100_t518400_5M_30d_4h_57m_14s_kagkarlsson.db-scheduler-4a8a28e=com.github.kagkarlsson.scheduler.WaiterTest.should_wait_until_woken_output_1590832635,1590833299,1590832923,376
isolation-from-pom-output,JON_19-isolation-from-pom_r100_t518400_5M_30d_4h_57m_14s_looly.hutool-91565d0=cn.hutool.cron.test.CronTest.matchAllTest_output_1590832635,1590833323,1590832898,425
isolation-from-pom-output,JON_19-isolation-from-pom_r100_t518400_5M_30d_4h_57m_14s_spotify.helios-aebf68d=com.spotify.helios.testing.JobNamePrefixTest.testJobNamePrefix_output_1590832635,1590835893,1590832882,3011
isolation-from-pom-output,JON_19-isolation-from-pom_r100_t518400_5M_30d_4h_57m_14s_spotify.helios-aebf68d=com.spotify.helios.testing.ProberTest.testOverrideDefaultProber_output_1590832635,1590835769,1590832934,2835
isolation-from-pom-output,JON_19-isolation-from-pom_r100_t518400_5M_30d_4h_57m_14s_square.retrofit-ae28c3d=retrofit2.adapter.rxjava.CancelDisposeTest.cancelDoesNotDispose_output_1590832635,1590833316,1590832926,390
isolation-from-pom-output,JON_19-isolation-from-pom_r100_t518400_5M_30d_4h_57m_14s_square.retrofit-ae28c3d=retrofit2.adapter.rxjava.CompletableThrowingTest.bodyThrowingInOnErrorDeliveredToPlugin_output_1590832635,1590833297,1590832895,402
isolation-from-pom-output,JON_19-isolation-from-pom_r100_t518400_5M_30d_4h_57m_14s_square.retrofit-ae28c3d=retrofit2.adapter.rxjava.CompletableThrowingTest.throwingInOnCompleteDeliveredToPlugin_output_1590832635,1590833318,1590832903,415
isolation-from-pom-output,JON_19-isolation-from-pom_r100_t518400_5M_30d_4h_57m_14s_square.retrofit-ae28c3d=retrofit2.adapter.rxjava.ObservableThrowingTest.responseThrowingInOnCompleteDeliveredToPlugin_output_1590832635,1590833297,1590832890,407
isolation-from-pom-output,JON_19-isolation-from-pom_r100_t518400_5M_30d_4h_57m_14s_square.retrofit-ae28c3d=retrofit2.adapter.rxjava.SingleThrowingTest.bodyThrowingInOnSuccessDeliveredToPlugin_output_1590832635,1590833284,1590832895,389
isolation-from-pom-output,JON_19-isolation-from-pom_r100_t518400_5M_30d_4h_57m_14s_square.retrofit-ae28c3d=retrofit2.adapter.rxjava.SingleThrowingTest.responseThrowingInOnSuccessDeliveredToPlugin_output_1590832635,1590833316,1590832903,413
isolation-from-pom-output,JON_19-isolation-from-pom_r100_t518400_5M_30d_4h_57m_14s_tootallnate.java-websocket-fa3909c=org.java_websocket.issues.Issue580Test.runNoCloseBlockingTestScenario6_output_1590832635,1590833405,1590832929,476
isolation-from-pom-output,JON_19-isolation-from-pom_r100_t518400_5M_30d_4h_57m_14s_tootallnate.java-websocket-fa3909c=org.java_websocket.misc.OpeningHandshakeRejectionTest.testHandshakeRejectionTestCase0_output_1590832635,1590833372,1590832934,438
isolation-from-pom-output,JON_19-isolation-from-pom_r100_t518400_5M_30d_4h_7m_14s_davidmoten.rxjava2-extras-d0315b6=com.github.davidmoten.rx2.buffertofile.FlowableOnBackpressureBufferToFileTest.testCancelObservable_output_1590829635,1590830466,1590829892,574
isolation-from-pom-output,JON_19-isolation-from-pom_r100_t518400_5M_30d_4h_7m_14s_fromage.redpipe-0aff891=net.redpipe.templating.freemarker.ApiTest.checkMail_output_1590829635,1590830422,1590829862,560
isolation-from-pom-output,JON_19-isolation-from-pom_r100_t518400_5M_30d_4h_7m_14s_fromage.redpipe-0aff891=net.redpipe.templating.freemarker.ApiTest.checkTemplateNegociationSingleHtml_output_1590829635,1590830391,1590829872,519
isolation-from-pom-output,JON_19-isolation-from-pom_r100_t518400_5M_30d_4h_7m_14s_fromage.redpipe-0aff891=net.redpipe.templating.freemarker.ApiTest.checkTemplateNegociationText_output_1590829635,1590830391,1590829877,514
isolation-from-pom-output,JON_19-isolation-from-pom_r100_t518400_5M_30d_4h_7m_14s_javadelight.delight-nashorn-sandbox-da35edc=delight.nashornsandbox.TestIssue34.testIssue34_Scenario1_output_1590829635,1590830476,1590829901,575
isolation-from-pom-output,JON_19-isolation-from-pom_r100_t518400_5M_30d_4h_7m_14s_kagkarlsson.db-scheduler-4a8a28e=com.github.kagkarlsson.scheduler.WaiterTest.should_wait_until_woken_output_1590829635,1590830197,1590829880,317
isolation-from-pom-output,JON_19-isolation-from-pom_r100_t518400_5M_30d_4h_7m_14s_looly.hutool-91565d0=cn.hutool.cron.test.CronTest.matchAllTest_output_1590829635,1590830270,1590829877,393
isolation-from-pom-output,JON_19-isolation-from-pom_r100_t518400_5M_30d_4h_7m_14s_spotify.helios-aebf68d=com.spotify.helios.testing.ProberTest.testOverrideDefaultProber_output_1590829635,1590832563,1590829883,2680
isolation-from-pom-output,JON_19-isolation-from-pom_r100_t518400_5M_30d_4h_7m_14s_square.retrofit-ae28c3d=retrofit2.adapter.rxjava.CancelDisposeTest.cancelDoesNotDispose_output_1590829635,1590830245,1590829874,371
isolation-from-pom-output,JON_19-isolation-from-pom_r100_t518400_5M_30d_4h_7m_14s_square.retrofit-ae28c3d=retrofit2.adapter.rxjava.CompletableThrowingTest.bodyThrowingInOnErrorDeliveredToPlugin_output_1590829635,1590830252,1590829866,386
isolation-from-pom-output,JON_19-isolation-from-pom_r100_t518400_5M_30d_4h_7m_14s_square.retrofit-ae28c3d=retrofit2.adapter.rxjava.CompletableThrowingTest.throwingInOnCompleteDeliveredToPlugin_output_1590829635,1590830264,1590829874,390
isolation-from-pom-output,JON_19-isolation-from-pom_r100_t518400_5M_30d_4h_7m_14s_square.retrofit-ae28c3d=retrofit2.adapter.rxjava.ObservableThrowingTest.responseThrowingInOnCompleteDeliveredToPlugin_output_1590829635,1590830267,1590829877,390
isolation-from-pom-output,JON_19-isolation-from-pom_r100_t518400_5M_30d_4h_7m_14s_square.retrofit-ae28c3d=retrofit2.adapter.rxjava.SingleThrowingTest.bodyThrowingInOnSuccessDeliveredToPlugin_output_1590829635,1590830326,1590829906,420
isolation-from-pom-output,JON_19-isolation-from-pom_r100_t518400_5M_30d_4h_7m_14s_square.retrofit-ae28c3d=retrofit2.adapter.rxjava.SingleThrowingTest.responseThrowingInOnSuccessDeliveredToPlugin_output_1590829635,1590830241,1590829883,358
isolation-from-pom-output,JON_19-isolation-from-pom_r100_t518400_5M_30d_4h_7m_14s_tootallnate.java-websocket-fa3909c=org.java_websocket.issues.Issue580Test.runNoCloseBlockingTestScenario6_output_1590829635,1590830346,1590829903,443
isolation-from-pom-output,JON_19-isolation-from-pom_r100_t518400_5M_30d_4h_7m_14s_tootallnate.java-websocket-fa3909c=org.java_websocket.misc.OpeningHandshakeRejectionTest.testHandshakeRejectionTestCase0_output_1590829635,1590830335,1590829883,452
isolation-from-pom-output,JON_19-isolation-from-pom_r100_t518400_5M_30d_5h_2m_14s_davidmoten.rxjava2-extras-d0315b6=com.github.davidmoten.rx2.buffertofile.FlowableOnBackpressureBufferToFileTest.testCancelObservable_output_1590832935,1590833739,1590833222,517
isolation-from-pom-output,JON_19-isolation-from-pom_r100_t518400_5M_30d_5h_2m_14s_fromage.redpipe-0aff891=net.redpipe.templating.freemarker.ApiTest.checkMail_output_1590832935,1590833617,1590833213,404
isolation-from-pom-output,JON_19-isolation-from-pom_r100_t518400_5M_30d_5h_2m_14s_fromage.redpipe-0aff891=net.redpipe.templating.freemarker.ApiTest.checkTemplateNegociationSingleHtml_output_1590832935,1590833724,1590833216,508
isolation-from-pom-output,JON_19-isolation-from-pom_r100_t518400_5M_30d_5h_2m_14s_fromage.redpipe-0aff891=net.redpipe.templating.freemarker.ApiTest.checkTemplateNegociationText_output_1590832935,1590833718,1590833210,508
isolation-from-pom-output,JON_19-isolation-from-pom_r100_t518400_5M_30d_5h_2m_14s_javadelight.delight-nashorn-sandbox-da35edc=delight.nashornsandbox.TestIssue34.testIssue34_Scenario1_output_1590832935,1590833790,1590833230,560
isolation-from-pom-output,JON_19-isolation-from-pom_r100_t518400_5M_30d_5h_2m_14s_kagkarlsson.db-scheduler-4a8a28e=com.github.kagkarlsson.scheduler.WaiterTest.should_wait_until_woken_output_1590832935,1590833531,1590833224,307
isolation-from-pom-output,JON_19-isolation-from-pom_r100_t518400_5M_30d_5h_2m_14s_looly.hutool-91565d0=cn.hutool.cron.test.CronTest.matchAllTest_output_1590832935,1590833583,1590833224,359
isolation-from-pom-output,JON_19-isolation-from-pom_r100_t518400_5M_30d_5h_2m_14s_spotify.helios-aebf68d=com.spotify.helios.testing.JobNamePrefixTest.testJobNamePrefix_output_1590832935,1590835477,1590833210,2267
isolation-from-pom-output,JON_19-isolation-from-pom_r100_t518400_5M_30d_5h_2m_14s_spotify.helios-aebf68d=com.spotify.helios.testing.ProberTest.testOverrideDefaultProber_output_1590832935,1590835358,1590833224,2134
isolation-from-pom-output,JON_19-isolation-from-pom_r100_t518400_5M_30d_5h_2m_14s_square.retrofit-ae28c3d=retrofit2.adapter.rxjava.CancelDisposeTest.cancelDoesNotDispose_output_1590832935,1590833548,1590833216,332
isolation-from-pom-output,JON_19-isolation-from-pom_r100_t518400_5M_30d_5h_2m_14s_square.retrofit-ae28c3d=retrofit2.adapter.rxjava.CompletableThrowingTest.bodyThrowingInOnErrorDeliveredToPlugin_output_1590832935,1590833566,1590833222,344
isolation-from-pom-output,JON_19-isolation-from-pom_r100_t518400_5M_30d_5h_2m_14s_square.retrofit-ae28c3d=retrofit2.adapter.rxjava.CompletableThrowingTest.throwingInOnCompleteDeliveredToPlugin_output_1590832935,1590833531,1590833222,309
isolation-from-pom-output,JON_19-isolation-from-pom_r100_t518400_5M_30d_5h_2m_14s_square.retrofit-ae28c3d=retrofit2.adapter.rxjava.ObservableThrowingTest.responseThrowingInOnCompleteDeliveredToPlugin_output_1590832935,1590833534,1590833222,312
isolation-from-pom-output,JON_19-isolation-from-pom_r100_t518400_5M_30d_5h_2m_14s_square.retrofit-ae28c3d=retrofit2.adapter.rxjava.SingleThrowingTest.bodyThrowingInOnSuccessDeliveredToPlugin_output_1590832935,1590833545,1590833210,335
isolation-from-pom-output,JON_19-isolation-from-pom_r100_t518400_5M_30d_5h_2m_14s_square.retrofit-ae28c3d=retrofit2.adapter.rxjava.SingleThrowingTest.responseThrowingInOnSuccessDeliveredToPlugin_output_1590832935,1590833501,1590833222,279
isolation-from-pom-output,JON_19-isolation-from-pom_r100_t518400_5M_30d_5h_2m_14s_tootallnate.java-websocket-fa3909c=org.java_websocket.issues.Issue580Test.runNoCloseBlockingTestScenario6_output_1590832935,1590833628,1590833227,401
isolation-from-pom-output,JON_19-isolation-from-pom_r100_t518400_5M_30d_5h_2m_14s_tootallnate.java-websocket-fa3909c=org.java_websocket.misc.OpeningHandshakeRejectionTest.testHandshakeRejectionTestCase0_output_1590832936,1590833615,1590833227,388
isolation-from-pom-output,JON_19-isolation-from-pom_r100_t518400_5M_30d_5h_7m_14s_davidmoten.rxjava2-extras-d0315b6=com.github.davidmoten.rx2.buffertofile.FlowableOnBackpressureBufferToFileTest.testCancelObservable_output_1590833236,1590834145,1590833523,622
isolation-from-pom-output,JON_19-isolation-from-pom_r100_t518400_5M_30d_5h_7m_14s_fromage.redpipe-0aff891=net.redpipe.templating.freemarker.ApiTest.checkMail_output_1590833236,1590834038,1590833496,542
isolation-from-pom-output,JON_19-isolation-from-pom_r100_t518400_5M_30d_5h_7m_14s_fromage.redpipe-0aff891=net.redpipe.templating.freemarker.ApiTest.checkTemplateNegociationSingleHtml_output_1590833236,1590834070,1590833494,576
isolation-from-pom-output,JON_19-isolation-from-pom_r100_t518400_5M_30d_5h_7m_14s_fromage.redpipe-0aff891=net.redpipe.templating.freemarker.ApiTest.checkTemplateNegociationText_output_1590833236,1590834084,1590833518,566
isolation-from-pom-output,JON_19-isolation-from-pom_r100_t518400_5M_30d_5h_7m_14s_javadelight.delight-nashorn-sandbox-da35edc=delight.nashornsandbox.TestIssue34.testIssue34_Scenario1_output_1590833236,1590834115,1590833526,589
isolation-from-pom-output,JON_19-isolation-from-pom_r100_t518400_5M_30d_5h_7m_14s_kagkarlsson.db-scheduler-4a8a28e=com.github.kagkarlsson.scheduler.WaiterTest.should_wait_until_woken_output_1590833236,1590833894,1590833496,398
isolation-from-pom-output,JON_19-isolation-from-pom_r100_t518400_5M_30d_5h_7m_14s_looly.hutool-91565d0=cn.hutool.cron.test.CronTest.matchAllTest_output_1590833236,1590833915,1590833510,405
isolation-from-pom-output,JON_19-isolation-from-pom_r100_t518400_5M_30d_5h_7m_14s_spotify.helios-aebf68d=com.spotify.helios.testing.JobNamePrefixTest.testJobNamePrefix_output_1590833236,1590836393,1590833499,2894
isolation-from-pom-output,JON_19-isolation-from-pom_r100_t518400_5M_30d_5h_7m_14s_spotify.helios-aebf68d=com.spotify.helios.testing.ProberTest.testOverrideDefaultProber_output_1590833236,1590836199,1590833523,2676
isolation-from-pom-output,JON_19-isolation-from-pom_r100_t518400_5M_30d_5h_7m_14s_square.retrofit-ae28c3d=retrofit2.adapter.rxjava.CancelDisposeTest.cancelDoesNotDispose_output_1590833236,1590833917,1590833502,415
isolation-from-pom-output,JON_19-isolation-from-pom_r100_t518400_5M_30d_5h_7m_14s_square.retrofit-ae28c3d=retrofit2.adapter.rxjava.CompletableThrowingTest.bodyThrowingInOnErrorDeliveredToPlugin_output_1590833236,1590833928,1590833510,418
isolation-from-pom-output,JON_19-isolation-from-pom_r100_t518400_5M_30d_5h_7m_14s_square.retrofit-ae28c3d=retrofit2.adapter.rxjava.CompletableThrowingTest.throwingInOnCompleteDeliveredToPlugin_output_1590833236,1590833922,1590833510,412
isolation-from-pom-output,JON_19-isolation-from-pom_r100_t518400_5M_30d_5h_7m_14s_square.retrofit-ae28c3d=retrofit2.adapter.rxjava.ObservableThrowingTest.responseThrowingInOnCompleteDeliveredToPlugin_output_1590833236,1590833900,1590833518,382
isolation-from-pom-output,JON_19-isolation-from-pom_r100_t518400_5M_30d_5h_7m_14s_square.retrofit-ae28c3d=retrofit2.adapter.rxjava.SingleThrowingTest.bodyThrowingInOnSuccessDeliveredToPlugin_output_1590833236,1590833924,1590833523,401
isolation-from-pom-output,JON_19-isolation-from-pom_r100_t518400_5M_30d_5h_7m_14s_square.retrofit-ae28c3d=retrofit2.adapter.rxjava.SingleThrowingTest.responseThrowingInOnSuccessDeliveredToPlugin_output_1590833236,1590833926,1590833512,414
isolation-from-pom-output,JON_19-isolation-from-pom_r100_t518400_5M_30d_5h_7m_14s_tootallnate.java-websocket-fa3909c=org.java_websocket.issues.Issue580Test.runNoCloseBlockingTestScenario6_output_1590833236,1590834053,1590833535,518
isolation-from-pom-output,JON_19-isolation-from-pom_r100_t518400_5M_30d_5h_7m_14s_tootallnate.java-websocket-fa3909c=org.java_websocket.misc.OpeningHandshakeRejectionTest.testHandshakeRejectionTestCase0_output_1590833236,1590833960,1590833532,428
isolation-pom-w-mod-output,JON_2-isolation-pom-w-mod_r100_t518400_5M_30d_16h_56m_15s_apache.incubator-dubbo-737f7a7=org.apache.dubbo.remoting.transport.netty.ClientReconnectTest.testReconnectWarnLog_output_1590875776,1590877091,1590876046,1045
isolation-pom-w-mod-output,JON_2-isolation-pom-w-mod_r100_t518400_5M_30d_16h_56m_15s_spotify.helios-aebf68d=com.spotify.helios.testing.HealthCheckTest.test_output_1590875776,1590880049,1590876059,3990
isolation-pom-w-mod-output,JON_2-isolation-pom-w-mod_r100_t518400_5M_30d_17h_15m_13s_apache.incubator-dubbo-737f7a7=org.apache.dubbo.remoting.transport.netty.ClientReconnectTest.testReconnectWarnLog_output_1590876915,1590878066,1590877128,938
isolation-pom-w-mod-output,JON_2-isolation-pom-w-mod_r100_t518400_5M_30d_17h_15m_13s_spotify.helios-aebf68d=com.spotify.helios.testing.HealthCheckTest.test_output_1590876915,1590880927,1590877161,3766
isolation-pom-w-mod-output,JON_2-isolation-pom-w-mod_r100_t518400_5M_30d_17h_18m_13s_apache.incubator-dubbo-737f7a7=org.apache.dubbo.remoting.transport.netty.ClientReconnectTest.testReconnectWarnLog_output_1590877094,1590878343,1590877333,1010
isolation-pom-w-mod-output,JON_2-isolation-pom-w-mod_r100_t518400_5M_30d_17h_18m_13s_spotify.helios-aebf68d=com.spotify.helios.testing.HealthCheckTest.test_output_1590877094,1590881084,1590877336,3748
isolation-pom-w-mod-output,JON_2-isolation-pom-w-mod_r100_t518400_5M_30d_17h_21m_13s_apache.incubator-dubbo-737f7a7=org.apache.dubbo.remoting.transport.netty.ClientReconnectTest.testReconnectWarnLog_output_1590877274,1590878518,1590877521,997
isolation-pom-w-mod-output,JON_2-isolation-pom-w-mod_r100_t518400_5M_30d_17h_21m_13s_spotify.helios-aebf68d=com.spotify.helios.testing.HealthCheckTest.test_output_1590877274,1590881315,1590877547,3768
isolation-pom-w-mod-output,JON_2-isolation-pom-w-mod_r100_t518400_5M_30d_17h_24m_13s_apache.incubator-dubbo-737f7a7=org.apache.dubbo.remoting.transport.netty.ClientReconnectTest.testReconnectWarnLog_output_1590877454,1590878770,1590877734,1036
isolation-pom-w-mod-output,JON_2-isolation-pom-w-mod_r100_t518400_5M_30d_17h_24m_13s_spotify.helios-aebf68d=com.spotify.helios.testing.HealthCheckTest.test_output_1590877454,1590881563,1590877746,3817
isolation-pom-w-mod-output,JON_2-isolation-pom-w-mod_r100_t518400_5M_30d_17h_27m_13s_apache.incubator-dubbo-737f7a7=org.apache.dubbo.remoting.transport.netty.ClientReconnectTest.testReconnectWarnLog_output_1590877634,1590878980,1590877879,1101
isolation-pom-w-mod-output,JON_2-isolation-pom-w-mod_r100_t518400_5M_30d_17h_27m_13s_spotify.helios-aebf68d=com.spotify.helios.testing.HealthCheckTest.test_output_1590877634,1590881828,1590877884,3944
isolation-pom-w-mod-output,JON_2-isolation-pom-w-mod_r100_t518400_5M_30d_17h_30m_13s_apache.incubator-dubbo-737f7a7=org.apache.dubbo.remoting.transport.netty.ClientReconnectTest.testReconnectWarnLog_output_1590877814,1590879012,1590878043,969
isolation-pom-w-mod-output,JON_2-isolation-pom-w-mod_r100_t518400_5M_30d_17h_30m_13s_spotify.helios-aebf68d=com.spotify.helios.testing.HealthCheckTest.test_output_1590877814,1590881966,1590878073,3893
isolation-pom-w-mod-output,JON_2-isolation-pom-w-mod_r100_t518400_5M_30d_17h_33m_13s_apache.incubator-dubbo-737f7a7=org.apache.dubbo.remoting.transport.netty.ClientReconnectTest.testReconnectWarnLog_output_1590877995,1590879288,1590878252,1036
isolation-pom-w-mod-output,JON_2-isolation-pom-w-mod_r100_t518400_5M_30d_17h_33m_13s_spotify.helios-aebf68d=com.spotify.helios.testing.HealthCheckTest.test_output_1590877995,1590881989,1590878254,3735
isolation-pom-w-mod-output,JON_2-isolation-pom-w-mod_r100_t518400_5M_30d_17h_36m_13s_apache.incubator-dubbo-737f7a7=org.apache.dubbo.remoting.transport.netty.ClientReconnectTest.testReconnectWarnLog_output_1590878174,1590879411,1590878404,1007
isolation-pom-w-mod-output,JON_2-isolation-pom-w-mod_r100_t518400_5M_30d_17h_36m_13s_spotify.helios-aebf68d=com.spotify.helios.testing.HealthCheckTest.test_output_1590878174,1590882367,1590878475,3892
isolation-pom-w-mod-output,JON_2-isolation-pom-w-mod_r100_t518400_5M_30d_17h_39m_13s_apache.incubator-dubbo-737f7a7=org.apache.dubbo.remoting.transport.netty.ClientReconnectTest.testReconnectWarnLog_output_1590878354,1590879678,1590878597,1081
isolation-pom-w-mod-output,JON_2-isolation-pom-w-mod_r100_t518400_5M_30d_17h_39m_13s_spotify.helios-aebf68d=com.spotify.helios.testing.HealthCheckTest.test_output_1590878354,1590882430,1590878611,3819
isolation-pom-w-mod-output,JON_2-isolation-pom-w-mod_r100_t518400_5M_30d_17h_42m_13s_apache.incubator-dubbo-737f7a7=org.apache.dubbo.remoting.transport.netty.ClientReconnectTest.testReconnectWarnLog_output_1590878534,1590879642,1590878749,893
isolation-pom-w-mod-output,JON_2-isolation-pom-w-mod_r100_t518400_5M_30d_17h_42m_13s_spotify.helios-aebf68d=com.spotify.helios.testing.HealthCheckTest.test_output_1590878534,1590882594,1590878788,3806
isolation-pom-w-mod-output,JON_2-isolation-pom-w-mod_r100_t518400_5M_30d_17h_45m_13s_apache.incubator-dubbo-737f7a7=org.apache.dubbo.remoting.transport.netty.ClientReconnectTest.testReconnectWarnLog_output_1590878714,1590880045,1590878970,1075
isolation-pom-w-mod-output,JON_2-isolation-pom-w-mod_r100_t518400_5M_30d_17h_45m_13s_spotify.helios-aebf68d=com.spotify.helios.testing.HealthCheckTest.test_output_1590878714,1590882805,1590879000,3805
isolation-pom-w-mod-output,JON_2-isolation-pom-w-mod_r100_t518400_5M_30d_17h_48m_13s_apache.incubator-dubbo-737f7a7=org.apache.dubbo.remoting.transport.netty.ClientReconnectTest.testReconnectWarnLog_output_1590878894,1590880028,1590879092,936
isolation-pom-w-mod-output,JON_2-isolation-pom-w-mod_r100_t518400_5M_30d_17h_48m_13s_spotify.helios-aebf68d=com.spotify.helios.testing.HealthCheckTest.test_output_1590878894,1590882778,1590879118,3660
isolation-pom-w-mod-output,JON_2-isolation-pom-w-mod_r100_t518400_5M_30d_17h_51m_13s_apache.incubator-dubbo-737f7a7=org.apache.dubbo.remoting.transport.netty.ClientReconnectTest.testReconnectWarnLog_output_1590879074,1590880355,1590879296,1059
isolation-pom-w-mod-output,JON_2-isolation-pom-w-mod_r100_t518400_5M_30d_17h_51m_13s_spotify.helios-aebf68d=com.spotify.helios.testing.HealthCheckTest.test_output_1590879074,1590883164,1590879308,3856
isolation-pom-w-mod-output,JON_2-isolation-pom-w-mod_r100_t518400_5M_30d_17h_54m_13s_apache.incubator-dubbo-737f7a7=org.apache.dubbo.remoting.transport.netty.ClientReconnectTest.testReconnectWarnLog_output_1590879254,1590880559,1590879530,1029
isolation-pom-w-mod-output,JON_2-isolation-pom-w-mod_r100_t518400_5M_30d_17h_54m_13s_spotify.helios-aebf68d=com.spotify.helios.testing.HealthCheckTest.test_output_1590879254,1590883271,1590879555,3716
isolation-pom-w-mod-output,JON_2-isolation-pom-w-mod_r100_t518400_5M_30d_17h_57m_13s_apache.incubator-dubbo-737f7a7=org.apache.dubbo.remoting.transport.netty.ClientReconnectTest.testReconnectWarnLog_output_1590879434,1590880667,1590879701,966
isolation-pom-w-mod-output,JON_2-isolation-pom-w-mod_r100_t518400_5M_30d_17h_57m_13s_spotify.helios-aebf68d=com.spotify.helios.testing.HealthCheckTest.test_output_1590879434,1590883215,1590879719,3496
isolation-pom-w-mod-output,JON_2-isolation-pom-w-mod_r100_t518400_5M_30d_18h_0m_13s_apache.incubator-dubbo-737f7a7=org.apache.dubbo.remoting.transport.netty.ClientReconnectTest.testReconnectWarnLog_output_1590879615,1590880732,1590879816,916
isolation-pom-w-mod-output,JON_2-isolation-pom-w-mod_r100_t518400_5M_30d_18h_0m_13s_spotify.helios-aebf68d=com.spotify.helios.testing.HealthCheckTest.test_output_1590879615,1590883560,1590879824,3736
isolation-pom-w-mod-output,JON_2-isolation-pom-w-mod_r100_t518400_5M_30d_18h_3m_13s_apache.incubator-dubbo-737f7a7=org.apache.dubbo.remoting.transport.netty.ClientReconnectTest.testReconnectWarnLog_output_1590879794,1590880998,1590880012,986
isolation-pom-w-mod-output,JON_2-isolation-pom-w-mod_r100_t518400_5M_30d_18h_3m_13s_spotify.helios-aebf68d=com.spotify.helios.testing.HealthCheckTest.test_output_1590879794,1590883737,1590880014,3723
isolation-pom-w-mod-output,JON_2-isolation-pom-w-mod_r100_t518400_5M_30d_18h_6m_13s_apache.incubator-dubbo-737f7a7=org.apache.dubbo.remoting.transport.netty.ClientReconnectTest.testReconnectWarnLog_output_1590879974,1590881251,1590880247,1004
isolation-pom-w-mod-output,JON_2-isolation-pom-w-mod_r100_t518400_5M_30d_18h_6m_13s_spotify.helios-aebf68d=com.spotify.helios.testing.HealthCheckTest.test_output_1590879974,1590883926,1590880252,3674
isolation-pom-w-mod-output,JON_2-isolation-pom-w-mod_r100_t518400_5M_30d_18h_9m_13s_apache.incubator-dubbo-737f7a7=org.apache.dubbo.remoting.transport.netty.ClientReconnectTest.testReconnectWarnLog_output_1590880154,1590881414,1590880384,1030
isolation-pom-w-mod-output,JON_2-isolation-pom-w-mod_r100_t518400_5M_30d_18h_9m_13s_spotify.helios-aebf68d=com.spotify.helios.testing.HealthCheckTest.test_output_1590880154,1590884003,1590880387,3616
isolation-missing-nine-tests,JON_9-missing-isolation-tests_r100_t518400_5M_31d_4h_14m_10s_alibaba.fastjson-e05e9c5=com.alibaba.json.bvt.issue_1200.Issue1298.test_for_issue_1_output_1590916452,1590917226,1590916744,482
isolation-missing-nine-tests,JON_9-missing-isolation-tests_r100_t518400_5M_31d_4h_14m_10s_alibaba.fastjson-e05e9c5=com.alibaba.json.bvt.issue_1200.Issue1298.test_for_issue_output_1590916452,1590917230,1590916750,480
isolation-missing-nine-tests,JON_9-missing-isolation-tests_r100_t518400_5M_31d_4h_14m_10s_alibaba.fastjson-e05e9c5=com.alibaba.json.bvt.parser.DefaultExtJSONParser_parseArray.test_7_output_1590916452,1590917198,1590916741,457
isolation-missing-nine-tests,JON_9-missing-isolation-tests_r100_t518400_5M_31d_4h_14m_10s_alibaba.fastjson-e05e9c5=com.alibaba.json.bvt.parser.DefaultExtJSONParser_parseArray.test_8_output_1590916452,1590917209,1590916730,479
isolation-missing-nine-tests,JON_9-missing-isolation-tests_r100_t518400_5M_31d_4h_14m_10s_alibaba.fastjson-e05e9c5=com.alibaba.json.bvt.serializer.ConcurrentHashMapTest5.test_concurrentHashmap_output_1590916452,1590917231,1590916755,476
isolation-missing-nine-tests,JON_9-missing-isolation-tests_r100_t518400_5M_31d_4h_14m_10s_alibaba.fastjson-e05e9c5=com.alibaba.json.bvt.serializer.ConcurrentHashMapTest6.test_concurrentHashmap_output_1590916452,1590917230,1590916732,498
isolation-missing-nine-tests,JON_9-missing-isolation-tests_r100_t518400_5M_31d_4h_14m_10s_apereo.java-cas-client-574b74f=org.jasig.cas.client.validation.AssertionImplTests.testAssertionValidity_output_1590916452,1590916792,1590916766,26
isolation-missing-nine-tests,JON_9-missing-isolation-tests_r100_t518400_5M_31d_4h_14m_10s_square.retrofit-ae28c3d=retrofit2.adapter.rxjava.SingleThrowingTest.responseThrowingInOnErrorDeliveredToPlugin_output_1590916452,1590917131,1590916735,396
isolation-missing-nine-tests,JON_9-missing-isolation-tests_r100_t518400_5M_31d_4h_14m_10s_tootallnate.java-websocket-fa3909c=org.java_websocket.issues.Issue256Test.runReconnectBlockingScenario0_output_1590916452,1590917239,1590916758,481
isolation-missing-nine-tests,JON_9-missing-isolation-tests_r100_t518400_5M_31d_4h_30m_19s_alibaba.fastjson-e05e9c5=com.alibaba.json.bvt.issue_1200.Issue1298.test_for_issue_1_output_1590917420,1590918121,1590917668,453
isolation-missing-nine-tests,JON_9-missing-isolation-tests_r100_t518400_5M_31d_4h_30m_19s_alibaba.fastjson-e05e9c5=com.alibaba.json.bvt.issue_1200.Issue1298.test_for_issue_output_1590917420,1590918088,1590917665,423
isolation-missing-nine-tests,JON_9-missing-isolation-tests_r100_t518400_5M_31d_4h_30m_19s_alibaba.fastjson-e05e9c5=com.alibaba.json.bvt.parser.DefaultExtJSONParser_parseArray.test_7_output_1590917420,1590918095,1590917660,435
isolation-missing-nine-tests,JON_9-missing-isolation-tests_r100_t518400_5M_31d_4h_30m_19s_alibaba.fastjson-e05e9c5=com.alibaba.json.bvt.parser.DefaultExtJSONParser_parseArray.test_8_output_1590917420,1590918069,1590917645,424
isolation-missing-nine-tests,JON_9-missing-isolation-tests_r100_t518400_5M_31d_4h_30m_19s_alibaba.fastjson-e05e9c5=com.alibaba.json.bvt.serializer.ConcurrentHashMapTest5.test_concurrentHashmap_output_1590917420,1590918111,1590917657,454
isolation-missing-nine-tests,JON_9-missing-isolation-tests_r100_t518400_5M_31d_4h_30m_19s_alibaba.fastjson-e05e9c5=com.alibaba.json.bvt.serializer.ConcurrentHashMapTest6.test_concurrentHashmap_output_1590917420,1590918074,1590917645,429
isolation-missing-nine-tests,JON_9-missing-isolation-tests_r100_t518400_5M_31d_4h_30m_19s_apereo.java-cas-client-574b74f=org.jasig.cas.client.validation.AssertionImplTests.testAssertionValidity_output_1590917420,1590917706,1590917684,22
isolation-missing-nine-tests,JON_9-missing-isolation-tests_r100_t518400_5M_31d_4h_30m_19s_square.retrofit-ae28c3d=retrofit2.adapter.rxjava.SingleThrowingTest.responseThrowingInOnErrorDeliveredToPlugin_output_1590917420,1590918033,1590917650,383
isolation-missing-nine-tests,JON_9-missing-isolation-tests_r100_t518400_5M_31d_4h_30m_19s_tootallnate.java-websocket-fa3909c=org.java_websocket.issues.Issue256Test.runReconnectBlockingScenario0_output_1590917420,1590918141,1590917693,448
isolation-missing-nine-tests,JON_9-missing-isolation-tests_r100_t518400_5M_31d_4h_31m_18s_alibaba.fastjson-e05e9c5=com.alibaba.json.bvt.issue_1200.Issue1298.test_for_issue_1_output_1590917479,1590918240,1590917730,510
isolation-missing-nine-tests,JON_9-missing-isolation-tests_r100_t518400_5M_31d_4h_31m_18s_alibaba.fastjson-e05e9c5=com.alibaba.json.bvt.issue_1200.Issue1298.test_for_issue_output_1590917479,1590918262,1590917744,518
isolation-missing-nine-tests,JON_9-missing-isolation-tests_r100_t518400_5M_31d_4h_31m_18s_alibaba.fastjson-e05e9c5=com.alibaba.json.bvt.parser.DefaultExtJSONParser_parseArray.test_7_output_1590917479,1590918189,1590917716,473
isolation-missing-nine-tests,JON_9-missing-isolation-tests_r100_t518400_5M_31d_4h_31m_18s_alibaba.fastjson-e05e9c5=com.alibaba.json.bvt.parser.DefaultExtJSONParser_parseArray.test_8_output_1590917479,1590918160,1590917705,455
isolation-missing-nine-tests,JON_9-missing-isolation-tests_r100_t518400_5M_31d_4h_31m_18s_alibaba.fastjson-e05e9c5=com.alibaba.json.bvt.serializer.ConcurrentHashMapTest5.test_concurrentHashmap_output_1590917479,1590918230,1590917757,473
isolation-missing-nine-tests,JON_9-missing-isolation-tests_r100_t518400_5M_31d_4h_31m_18s_alibaba.fastjson-e05e9c5=com.alibaba.json.bvt.serializer.ConcurrentHashMapTest6.test_concurrentHashmap_output_1590917479,1590918206,1590917725,481
isolation-missing-nine-tests,JON_9-missing-isolation-tests_r100_t518400_5M_31d_4h_31m_18s_apereo.java-cas-client-574b74f=org.jasig.cas.client.validation.AssertionImplTests.testAssertionValidity_output_1590917479,1590917773,1590917749,24
isolation-missing-nine-tests,JON_9-missing-isolation-tests_r100_t518400_5M_31d_4h_31m_18s_square.retrofit-ae28c3d=retrofit2.adapter.rxjava.SingleThrowingTest.responseThrowingInOnErrorDeliveredToPlugin_output_1590917479,1590918114,1590917719,395
isolation-missing-nine-tests,JON_9-missing-isolation-tests_r100_t518400_5M_31d_4h_31m_18s_tootallnate.java-websocket-fa3909c=org.java_websocket.issues.Issue256Test.runReconnectBlockingScenario0_output_1590917479,1590918208,1590917749,459
isolation-missing-nine-tests,JON_9-missing-isolation-tests_r100_t518400_5M_31d_4h_32m_18s_alibaba.fastjson-e05e9c5=com.alibaba.json.bvt.issue_1200.Issue1298.test_for_issue_1_output_1590917540,1590918218,1590917778,440
isolation-missing-nine-tests,JON_9-missing-isolation-tests_r100_t518400_5M_31d_4h_32m_18s_alibaba.fastjson-e05e9c5=com.alibaba.json.bvt.issue_1200.Issue1298.test_for_issue_output_1590917540,1590918235,1590917775,460
isolation-missing-nine-tests,JON_9-missing-isolation-tests_r100_t518400_5M_31d_4h_32m_18s_alibaba.fastjson-e05e9c5=com.alibaba.json.bvt.parser.DefaultExtJSONParser_parseArray.test_7_output_1590917540,1590918225,1590917772,453
isolation-missing-nine-tests,JON_9-missing-isolation-tests_r100_t518400_5M_31d_4h_32m_18s_alibaba.fastjson-e05e9c5=com.alibaba.json.bvt.parser.DefaultExtJSONParser_parseArray.test_8_output_1590917540,1590918229,1590917761,468
isolation-missing-nine-tests,JON_9-missing-isolation-tests_r100_t518400_5M_31d_4h_32m_18s_alibaba.fastjson-e05e9c5=com.alibaba.json.bvt.serializer.ConcurrentHashMapTest5.test_concurrentHashmap_output_1590917540,1590918250,1590917784,466
isolation-missing-nine-tests,JON_9-missing-isolation-tests_r100_t518400_5M_31d_4h_32m_18s_alibaba.fastjson-e05e9c5=com.alibaba.json.bvt.serializer.ConcurrentHashMapTest6.test_concurrentHashmap_output_1590917540,1590918282,1590917793,489
isolation-missing-nine-tests,JON_9-missing-isolation-tests_r100_t518400_5M_31d_4h_32m_18s_apereo.java-cas-client-574b74f=org.jasig.cas.client.validation.AssertionImplTests.testAssertionValidity_output_1590917540,1590917812,1590917787,25
isolation-missing-nine-tests,JON_9-missing-isolation-tests_r100_t518400_5M_31d_4h_32m_18s_square.retrofit-ae28c3d=retrofit2.adapter.rxjava.SingleThrowingTest.responseThrowingInOnErrorDeliveredToPlugin_output_1590917540,1590918177,1590917778,399
isolation-missing-nine-tests,JON_9-missing-isolation-tests_r100_t518400_5M_31d_4h_32m_18s_tootallnate.java-websocket-fa3909c=org.java_websocket.issues.Issue256Test.runReconnectBlockingScenario0_output_1590917540,1590918260,1590917787,473
isolation-missing-nine-tests,JON_9-missing-isolation-tests_r100_t518400_5M_31d_4h_33m_18s_alibaba.fastjson-e05e9c5=com.alibaba.json.bvt.issue_1200.Issue1298.test_for_issue_1_output_1590917600,1590918316,1590917887,429
isolation-missing-nine-tests,JON_9-missing-isolation-tests_r100_t518400_5M_31d_4h_33m_18s_alibaba.fastjson-e05e9c5=com.alibaba.json.bvt.issue_1200.Issue1298.test_for_issue_output_1590917600,1590918371,1590917912,459
isolation-missing-nine-tests,JON_9-missing-isolation-tests_r100_t518400_5M_31d_4h_33m_18s_alibaba.fastjson-e05e9c5=com.alibaba.json.bvt.parser.DefaultExtJSONParser_parseArray.test_7_output_1590917600,1590918320,1590917887,433
isolation-missing-nine-tests,JON_9-missing-isolation-tests_r100_t518400_5M_31d_4h_33m_18s_alibaba.fastjson-e05e9c5=com.alibaba.json.bvt.parser.DefaultExtJSONParser_parseArray.test_8_output_1590917600,1590918323,1590917887,436
isolation-missing-nine-tests,JON_9-missing-isolation-tests_r100_t518400_5M_31d_4h_33m_18s_alibaba.fastjson-e05e9c5=com.alibaba.json.bvt.serializer.ConcurrentHashMapTest5.test_concurrentHashmap_output_1590917600,1590918312,1590917898,414
isolation-missing-nine-tests,JON_9-missing-isolation-tests_r100_t518400_5M_31d_4h_33m_18s_alibaba.fastjson-e05e9c5=com.alibaba.json.bvt.serializer.ConcurrentHashMapTest6.test_concurrentHashmap_output_1590917600,1590918349,1590917907,442
isolation-missing-nine-tests,JON_9-missing-isolation-tests_r100_t518400_5M_31d_4h_33m_18s_apereo.java-cas-client-574b74f=org.jasig.cas.client.validation.AssertionImplTests.testAssertionValidity_output_1590917600,1590917936,1590917912,24
isolation-missing-nine-tests,JON_9-missing-isolation-tests_r100_t518400_5M_31d_4h_33m_18s_square.retrofit-ae28c3d=retrofit2.adapter.rxjava.SingleThrowingTest.responseThrowingInOnErrorDeliveredToPlugin_output_1590917600,1590918284,1590917909,375
isolation-missing-nine-tests,JON_9-missing-isolation-tests_r100_t518400_5M_31d_4h_33m_18s_tootallnate.java-websocket-fa3909c=org.java_websocket.issues.Issue256Test.runReconnectBlockingScenario0_output_1590917600,1590918334,1590917912,422
isolation-missing-nine-tests,JON_9-missing-isolation-tests_r100_t518400_5M_31d_4h_34m_18s_alibaba.fastjson-e05e9c5=com.alibaba.json.bvt.issue_1200.Issue1298.test_for_issue_1_output_1590917660,1590918402,1590917910,492
isolation-missing-nine-tests,JON_9-missing-isolation-tests_r100_t518400_5M_31d_4h_34m_18s_alibaba.fastjson-e05e9c5=com.alibaba.json.bvt.issue_1200.Issue1298.test_for_issue_output_1590917660,1590918420,1590917921,499
isolation-missing-nine-tests,JON_9-missing-isolation-tests_r100_t518400_5M_31d_4h_34m_18s_alibaba.fastjson-e05e9c5=com.alibaba.json.bvt.parser.DefaultExtJSONParser_parseArray.test_7_output_1590917660,1590918351,1590917915,436
isolation-missing-nine-tests,JON_9-missing-isolation-tests_r100_t518400_5M_31d_4h_34m_18s_alibaba.fastjson-e05e9c5=com.alibaba.json.bvt.parser.DefaultExtJSONParser_parseArray.test_8_output_1590917660,1590918362,1590917907,455
isolation-missing-nine-tests,JON_9-missing-isolation-tests_r100_t518400_5M_31d_4h_34m_18s_alibaba.fastjson-e05e9c5=com.alibaba.json.bvt.serializer.ConcurrentHashMapTest5.test_concurrentHashmap_output_1590917660,1590918369,1590917918,451
isolation-missing-nine-tests,JON_9-missing-isolation-tests_r100_t518400_5M_31d_4h_34m_18s_alibaba.fastjson-e05e9c5=com.alibaba.json.bvt.serializer.ConcurrentHashMapTest6.test_concurrentHashmap_output_1590917660,1590918343,1590917907,436
isolation-missing-nine-tests,JON_9-missing-isolation-tests_r100_t518400_5M_31d_4h_34m_18s_apereo.java-cas-client-574b74f=org.jasig.cas.client.validation.AssertionImplTests.testAssertionValidity_output_1590917660,1590917936,1590917913,23
isolation-missing-nine-tests,JON_9-missing-isolation-tests_r100_t518400_5M_31d_4h_34m_18s_square.retrofit-ae28c3d=retrofit2.adapter.rxjava.SingleThrowingTest.responseThrowingInOnErrorDeliveredToPlugin_output_1590917660,1590918319,1590917918,401
isolation-missing-nine-tests,JON_9-missing-isolation-tests_r100_t518400_5M_31d_4h_34m_18s_tootallnate.java-websocket-fa3909c=org.java_websocket.issues.Issue256Test.runReconnectBlockingScenario0_output_1590917660,1590918382,1590917915,467
isolation-missing-nine-tests,JON_9-missing-isolation-tests_r100_t518400_5M_31d_4h_35m_18s_alibaba.fastjson-e05e9c5=com.alibaba.json.bvt.issue_1200.Issue1298.test_for_issue_1_output_1590917719,1590918388,1590917964,424
isolation-missing-nine-tests,JON_9-missing-isolation-tests_r100_t518400_5M_31d_4h_35m_18s_alibaba.fastjson-e05e9c5=com.alibaba.json.bvt.issue_1200.Issue1298.test_for_issue_output_1590917719,1590918404,1590917966,438
isolation-missing-nine-tests,JON_9-missing-isolation-tests_r100_t518400_5M_31d_4h_35m_18s_alibaba.fastjson-e05e9c5=com.alibaba.json.bvt.parser.DefaultExtJSONParser_parseArray.test_7_output_1590917719,1590918391,1590917972,419
isolation-missing-nine-tests,JON_9-missing-isolation-tests_r100_t518400_5M_31d_4h_35m_18s_alibaba.fastjson-e05e9c5=com.alibaba.json.bvt.parser.DefaultExtJSONParser_parseArray.test_8_output_1590917719,1590918347,1590917959,388
isolation-missing-nine-tests,JON_9-missing-isolation-tests_r100_t518400_5M_31d_4h_35m_18s_alibaba.fastjson-e05e9c5=com.alibaba.json.bvt.serializer.ConcurrentHashMapTest5.test_concurrentHashmap_output_1590917719,1590918380,1590917962,418
isolation-missing-nine-tests,JON_9-missing-isolation-tests_r100_t518400_5M_31d_4h_35m_18s_alibaba.fastjson-e05e9c5=com.alibaba.json.bvt.serializer.ConcurrentHashMapTest6.test_concurrentHashmap_output_1590917719,1590918380,1590917959,421
isolation-missing-nine-tests,JON_9-missing-isolation-tests_r100_t518400_5M_31d_4h_35m_18s_apereo.java-cas-client-574b74f=org.jasig.cas.client.validation.AssertionImplTests.testAssertionValidity_output_1590917719,1590918045,1590918021,24
isolation-missing-nine-tests,JON_9-missing-isolation-tests_r100_t518400_5M_31d_4h_35m_18s_square.retrofit-ae28c3d=retrofit2.adapter.rxjava.SingleThrowingTest.responseThrowingInOnErrorDeliveredToPlugin_output_1590917719,1590918368,1590917984,384
isolation-missing-nine-tests,JON_9-missing-isolation-tests_r100_t518400_5M_31d_4h_35m_18s_tootallnate.java-websocket-fa3909c=org.java_websocket.issues.Issue256Test.runReconnectBlockingScenario0_output_1590917719,1590918402,1590917984,418
isolation-missing-nine-tests,JON_9-missing-isolation-tests_r100_t518400_5M_31d_4h_36m_18s_alibaba.fastjson-e05e9c5=com.alibaba.json.bvt.issue_1200.Issue1298.test_for_issue_1_output_1590917780,1590918520,1590918024,496
isolation-missing-nine-tests,JON_9-missing-isolation-tests_r100_t518400_5M_31d_4h_36m_18s_alibaba.fastjson-e05e9c5=com.alibaba.json.bvt.issue_1200.Issue1298.test_for_issue_output_1590917780,1590918524,1590918024,500
isolation-missing-nine-tests,JON_9-missing-isolation-tests_r100_t518400_5M_31d_4h_36m_18s_alibaba.fastjson-e05e9c5=com.alibaba.json.bvt.parser.DefaultExtJSONParser_parseArray.test_7_output_1590917780,1590918512,1590918021,491
isolation-missing-nine-tests,JON_9-missing-isolation-tests_r100_t518400_5M_31d_4h_36m_18s_alibaba.fastjson-e05e9c5=com.alibaba.json.bvt.parser.DefaultExtJSONParser_parseArray.test_8_output_1590917780,1590918464,1590917993,471
isolation-missing-nine-tests,JON_9-missing-isolation-tests_r100_t518400_5M_31d_4h_36m_18s_alibaba.fastjson-e05e9c5=com.alibaba.json.bvt.serializer.ConcurrentHashMapTest5.test_concurrentHashmap_output_1590917780,1590918532,1590918021,511
isolation-missing-nine-tests,JON_9-missing-isolation-tests_r100_t518400_5M_31d_4h_36m_18s_alibaba.fastjson-e05e9c5=com.alibaba.json.bvt.serializer.ConcurrentHashMapTest6.test_concurrentHashmap_output_1590917780,1590918485,1590918015,470
isolation-missing-nine-tests,JON_9-missing-isolation-tests_r100_t518400_5M_31d_4h_36m_18s_apereo.java-cas-client-574b74f=org.jasig.cas.client.validation.AssertionImplTests.testAssertionValidity_output_1590917780,1590918046,1590918021,25
isolation-missing-nine-tests,JON_9-missing-isolation-tests_r100_t518400_5M_31d_4h_36m_18s_square.retrofit-ae28c3d=retrofit2.adapter.rxjava.SingleThrowingTest.responseThrowingInOnErrorDeliveredToPlugin_output_1590917780,1590918470,1590918050,420
isolation-missing-nine-tests,JON_9-missing-isolation-tests_r100_t518400_5M_31d_4h_36m_18s_tootallnate.java-websocket-fa3909c=org.java_websocket.issues.Issue256Test.runReconnectBlockingScenario0_output_1590917780,1590918505,1590918029,476
isolation-missing-nine-tests,JON_9-missing-isolation-tests_r100_t518400_5M_31d_4h_37m_18s_alibaba.fastjson-e05e9c5=com.alibaba.json.bvt.issue_1200.Issue1298.test_for_issue_1_output_1590917839,1590918533,1590918090,443
isolation-missing-nine-tests,JON_9-missing-isolation-tests_r100_t518400_5M_31d_4h_37m_18s_alibaba.fastjson-e05e9c5=com.alibaba.json.bvt.issue_1200.Issue1298.test_for_issue_output_1590917839,1590918548,1590918090,458
isolation-missing-nine-tests,JON_9-missing-isolation-tests_r100_t518400_5M_31d_4h_37m_18s_alibaba.fastjson-e05e9c5=com.alibaba.json.bvt.parser.DefaultExtJSONParser_parseArray.test_7_output_1590917839,1590918509,1590918084,425
isolation-missing-nine-tests,JON_9-missing-isolation-tests_r100_t518400_5M_31d_4h_37m_18s_alibaba.fastjson-e05e9c5=com.alibaba.json.bvt.parser.DefaultExtJSONParser_parseArray.test_8_output_1590917839,1590918571,1590918133,438
isolation-missing-nine-tests,JON_9-missing-isolation-tests_r100_t518400_5M_31d_4h_37m_18s_alibaba.fastjson-e05e9c5=com.alibaba.json.bvt.serializer.ConcurrentHashMapTest5.test_concurrentHashmap_output_1590917839,1590918524,1590918110,414
isolation-missing-nine-tests,JON_9-missing-isolation-tests_r100_t518400_5M_31d_4h_37m_18s_alibaba.fastjson-e05e9c5=com.alibaba.json.bvt.serializer.ConcurrentHashMapTest6.test_concurrentHashmap_output_1590917839,1590918467,1590918084,383
isolation-missing-nine-tests,JON_9-missing-isolation-tests_r100_t518400_5M_31d_4h_37m_18s_apereo.java-cas-client-574b74f=org.jasig.cas.client.validation.AssertionImplTests.testAssertionValidity_output_1590917839,1590918109,1590918087,22
isolation-missing-nine-tests,JON_9-missing-isolation-tests_r100_t518400_5M_31d_4h_37m_18s_square.retrofit-ae28c3d=retrofit2.adapter.rxjava.SingleThrowingTest.responseThrowingInOnErrorDeliveredToPlugin_output_1590917839,1590918463,1590918127,336
isolation-missing-nine-tests,JON_9-missing-isolation-tests_r100_t518400_5M_31d_4h_37m_18s_tootallnate.java-websocket-fa3909c=org.java_websocket.issues.Issue256Test.runReconnectBlockingScenario0_output_1590917839,1590918527,1590918113,414
isolation-missing-nine-tests,JON_9-missing-isolation-tests_r100_t518400_5M_31d_4h_38m_18s_alibaba.fastjson-e05e9c5=com.alibaba.json.bvt.issue_1200.Issue1298.test_for_issue_1_output_1590917899,1590918564,1590918144,420
isolation-missing-nine-tests,JON_9-missing-isolation-tests_r100_t518400_5M_31d_4h_38m_18s_alibaba.fastjson-e05e9c5=com.alibaba.json.bvt.issue_1200.Issue1298.test_for_issue_output_1590917899,1590918595,1590918150,445
isolation-missing-nine-tests,JON_9-missing-isolation-tests_r100_t518400_5M_31d_4h_38m_18s_alibaba.fastjson-e05e9c5=com.alibaba.json.bvt.parser.DefaultExtJSONParser_parseArray.test_7_output_1590917899,1590918562,1590918144,418
isolation-missing-nine-tests,JON_9-missing-isolation-tests_r100_t518400_5M_31d_4h_38m_18s_alibaba.fastjson-e05e9c5=com.alibaba.json.bvt.parser.DefaultExtJSONParser_parseArray.test_8_output_1590917899,1590918609,1590918144,465
isolation-missing-nine-tests,JON_9-missing-isolation-tests_r100_t518400_5M_31d_4h_38m_18s_alibaba.fastjson-e05e9c5=com.alibaba.json.bvt.serializer.ConcurrentHashMapTest5.test_concurrentHashmap_output_1590917899,1590918609,1590918144,465
isolation-missing-nine-tests,JON_9-missing-isolation-tests_r100_t518400_5M_31d_4h_38m_18s_alibaba.fastjson-e05e9c5=com.alibaba.json.bvt.serializer.ConcurrentHashMapTest6.test_concurrentHashmap_output_1590917899,1590918600,1590918144,456
isolation-missing-nine-tests,JON_9-missing-isolation-tests_r100_t518400_5M_31d_4h_38m_18s_apereo.java-cas-client-574b74f=org.jasig.cas.client.validation.AssertionImplTests.testAssertionValidity_output_1590917899,1590918169,1590918147,22
isolation-missing-nine-tests,JON_9-missing-isolation-tests_r100_t518400_5M_31d_4h_38m_18s_square.retrofit-ae28c3d=retrofit2.adapter.rxjava.SingleThrowingTest.responseThrowingInOnErrorDeliveredToPlugin_output_1590917899,1590918527,1590918165,362
isolation-missing-nine-tests,JON_9-missing-isolation-tests_r100_t518400_5M_31d_4h_38m_18s_tootallnate.java-websocket-fa3909c=org.java_websocket.issues.Issue256Test.runReconnectBlockingScenario0_output_1590917899,1590918572,1590918144,428
isolation-missing-nine-tests,JON_9-missing-isolation-tests_r100_t518400_5M_31d_4h_39m_18s_alibaba.fastjson-e05e9c5=com.alibaba.json.bvt.issue_1200.Issue1298.test_for_issue_1_output_1590917959,1590918638,1590918248,390
isolation-missing-nine-tests,JON_9-missing-isolation-tests_r100_t518400_5M_31d_4h_39m_18s_alibaba.fastjson-e05e9c5=com.alibaba.json.bvt.issue_1200.Issue1298.test_for_issue_output_1590917959,1590918674,1590918251,423
isolation-missing-nine-tests,JON_9-missing-isolation-tests_r100_t518400_5M_31d_4h_39m_18s_alibaba.fastjson-e05e9c5=com.alibaba.json.bvt.parser.DefaultExtJSONParser_parseArray.test_7_output_1590917959,1590918705,1590918248,457
isolation-missing-nine-tests,JON_9-missing-isolation-tests_r100_t518400_5M_31d_4h_39m_18s_alibaba.fastjson-e05e9c5=com.alibaba.json.bvt.parser.DefaultExtJSONParser_parseArray.test_8_output_1590917959,1590918667,1590918245,422
isolation-missing-nine-tests,JON_9-missing-isolation-tests_r100_t518400_5M_31d_4h_39m_18s_alibaba.fastjson-e05e9c5=com.alibaba.json.bvt.serializer.ConcurrentHashMapTest5.test_concurrentHashmap_output_1590917959,1590918714,1590918248,466
isolation-missing-nine-tests,JON_9-missing-isolation-tests_r100_t518400_5M_31d_4h_39m_18s_alibaba.fastjson-e05e9c5=com.alibaba.json.bvt.serializer.ConcurrentHashMapTest6.test_concurrentHashmap_output_1590917959,1590918696,1590918245,451
isolation-missing-nine-tests,JON_9-missing-isolation-tests_r100_t518400_5M_31d_4h_39m_18s_apereo.java-cas-client-574b74f=org.jasig.cas.client.validation.AssertionImplTests.testAssertionValidity_output_1590917959,1590918275,1590918251,24
isolation-missing-nine-tests,JON_9-missing-isolation-tests_r100_t518400_5M_31d_4h_39m_18s_square.retrofit-ae28c3d=retrofit2.adapter.rxjava.SingleThrowingTest.responseThrowingInOnErrorDeliveredToPlugin_output_1590917959,1590918618,1590918251,367
isolation-missing-nine-tests,JON_9-missing-isolation-tests_r100_t518400_5M_31d_4h_39m_18s_tootallnate.java-websocket-fa3909c=org.java_websocket.issues.Issue256Test.runReconnectBlockingScenario0_output_1590917959,1590918676,1590918251,425
isolation-missing-nine-tests,JON_9-missing-isolation-tests_r100_t518400_5M_31d_4h_40m_18s_alibaba.fastjson-e05e9c5=com.alibaba.json.bvt.issue_1200.Issue1298.test_for_issue_1_output_1590918019,1590918718,1590918270,448
isolation-missing-nine-tests,JON_9-missing-isolation-tests_r100_t518400_5M_31d_4h_40m_18s_alibaba.fastjson-e05e9c5=com.alibaba.json.bvt.issue_1200.Issue1298.test_for_issue_output_1590918019,1590918744,1590918308,436
isolation-missing-nine-tests,JON_9-missing-isolation-tests_r100_t518400_5M_31d_4h_40m_18s_alibaba.fastjson-e05e9c5=com.alibaba.json.bvt.parser.DefaultExtJSONParser_parseArray.test_7_output_1590918019,1590918713,1590918270,443
isolation-missing-nine-tests,JON_9-missing-isolation-tests_r100_t518400_5M_31d_4h_40m_18s_alibaba.fastjson-e05e9c5=com.alibaba.json.bvt.parser.DefaultExtJSONParser_parseArray.test_8_output_1590918019,1590918688,1590918262,426
isolation-missing-nine-tests,JON_9-missing-isolation-tests_r100_t518400_5M_31d_4h_40m_18s_alibaba.fastjson-e05e9c5=com.alibaba.json.bvt.serializer.ConcurrentHashMapTest5.test_concurrentHashmap_output_1590918019,1590918742,1590918305,437
isolation-missing-nine-tests,JON_9-missing-isolation-tests_r100_t518400_5M_31d_4h_40m_18s_alibaba.fastjson-e05e9c5=com.alibaba.json.bvt.serializer.ConcurrentHashMapTest6.test_concurrentHashmap_output_1590918019,1590918686,1590918262,424
isolation-missing-nine-tests,JON_9-missing-isolation-tests_r100_t518400_5M_31d_4h_40m_18s_apereo.java-cas-client-574b74f=org.jasig.cas.client.validation.AssertionImplTests.testAssertionValidity_output_1590918019,1590918335,1590918310,25
isolation-missing-nine-tests,JON_9-missing-isolation-tests_r100_t518400_5M_31d_4h_40m_18s_square.retrofit-ae28c3d=retrofit2.adapter.rxjava.SingleThrowingTest.responseThrowingInOnErrorDeliveredToPlugin_output_1590918019,1590918645,1590918270,375
isolation-missing-nine-tests,JON_9-missing-isolation-tests_r100_t518400_5M_31d_4h_40m_18s_tootallnate.java-websocket-fa3909c=org.java_websocket.issues.Issue256Test.runReconnectBlockingScenario0_output_1590918019,1590918646,1590918264,382
isolation-missing-nine-tests,JON_9-missing-isolation-tests_r100_t518400_5M_31d_4h_41m_18s_alibaba.fastjson-e05e9c5=com.alibaba.json.bvt.issue_1200.Issue1298.test_for_issue_1_output_1590918079,1590918767,1590918325,442
isolation-missing-nine-tests,JON_9-missing-isolation-tests_r100_t518400_5M_31d_4h_41m_18s_alibaba.fastjson-e05e9c5=com.alibaba.json.bvt.issue_1200.Issue1298.test_for_issue_output_1590918079,1590918810,1590918366,444
isolation-missing-nine-tests,JON_9-missing-isolation-tests_r100_t518400_5M_31d_4h_41m_18s_alibaba.fastjson-e05e9c5=com.alibaba.json.bvt.parser.DefaultExtJSONParser_parseArray.test_7_output_1590918079,1590918788,1590918325,463
isolation-missing-nine-tests,JON_9-missing-isolation-tests_r100_t518400_5M_31d_4h_41m_18s_alibaba.fastjson-e05e9c5=com.alibaba.json.bvt.parser.DefaultExtJSONParser_parseArray.test_8_output_1590918079,1590918715,1590918314,401
isolation-missing-nine-tests,JON_9-missing-isolation-tests_r100_t518400_5M_31d_4h_41m_18s_alibaba.fastjson-e05e9c5=com.alibaba.json.bvt.serializer.ConcurrentHashMapTest5.test_concurrentHashmap_output_1590918079,1590918755,1590918325,430
isolation-missing-nine-tests,JON_9-missing-isolation-tests_r100_t518400_5M_31d_4h_41m_18s_alibaba.fastjson-e05e9c5=com.alibaba.json.bvt.serializer.ConcurrentHashMapTest6.test_concurrentHashmap_output_1590918079,1590918757,1590918320,437
isolation-missing-nine-tests,JON_9-missing-isolation-tests_r100_t518400_5M_31d_4h_41m_18s_apereo.java-cas-client-574b74f=org.jasig.cas.client.validation.AssertionImplTests.testAssertionValidity_output_1590918079,1590918393,1590918371,22
isolation-missing-nine-tests,JON_9-missing-isolation-tests_r100_t518400_5M_31d_4h_41m_18s_square.retrofit-ae28c3d=retrofit2.adapter.rxjava.SingleThrowingTest.responseThrowingInOnErrorDeliveredToPlugin_output_1590918079,1590918683,1590918322,361
isolation-missing-nine-tests,JON_9-missing-isolation-tests_r100_t518400_5M_31d_4h_41m_18s_tootallnate.java-websocket-fa3909c=org.java_websocket.issues.Issue256Test.runReconnectBlockingScenario0_output_1590918079,1590918747,1590918371,376
isolation-missing-nine-tests,JON_9-missing-isolation-tests_r100_t518400_5M_31d_4h_42m_18s_alibaba.fastjson-e05e9c5=com.alibaba.json.bvt.issue_1200.Issue1298.test_for_issue_1_output_1590918139,1590918776,1590918374,402
isolation-missing-nine-tests,JON_9-missing-isolation-tests_r100_t518400_5M_31d_4h_42m_18s_alibaba.fastjson-e05e9c5=com.alibaba.json.bvt.issue_1200.Issue1298.test_for_issue_output_1590918139,1590918775,1590918376,399
isolation-missing-nine-tests,JON_9-missing-isolation-tests_r100_t518400_5M_31d_4h_42m_18s_alibaba.fastjson-e05e9c5=com.alibaba.json.bvt.parser.DefaultExtJSONParser_parseArray.test_7_output_1590918139,1590918766,1590918374,392
isolation-missing-nine-tests,JON_9-missing-isolation-tests_r100_t518400_5M_31d_4h_42m_18s_alibaba.fastjson-e05e9c5=com.alibaba.json.bvt.parser.DefaultExtJSONParser_parseArray.test_8_output_1590918139,1590918822,1590918374,448
isolation-missing-nine-tests,JON_9-missing-isolation-tests_r100_t518400_5M_31d_4h_42m_18s_alibaba.fastjson-e05e9c5=com.alibaba.json.bvt.serializer.ConcurrentHashMapTest5.test_concurrentHashmap_output_1590918139,1590918798,1590918383,415
isolation-missing-nine-tests,JON_9-missing-isolation-tests_r100_t518400_5M_31d_4h_42m_18s_alibaba.fastjson-e05e9c5=com.alibaba.json.bvt.serializer.ConcurrentHashMapTest6.test_concurrentHashmap_output_1590918139,1590918828,1590918383,445
isolation-missing-nine-tests,JON_9-missing-isolation-tests_r100_t518400_5M_31d_4h_42m_18s_apereo.java-cas-client-574b74f=org.jasig.cas.client.validation.AssertionImplTests.testAssertionValidity_output_1590918139,1590918416,1590918395,21
isolation-missing-nine-tests,JON_9-missing-isolation-tests_r100_t518400_5M_31d_4h_42m_18s_square.retrofit-ae28c3d=retrofit2.adapter.rxjava.SingleThrowingTest.responseThrowingInOnErrorDeliveredToPlugin_output_1590918139,1590918716,1590918379,337
isolation-missing-nine-tests,JON_9-missing-isolation-tests_r100_t518400_5M_31d_4h_42m_18s_tootallnate.java-websocket-fa3909c=org.java_websocket.issues.Issue256Test.runReconnectBlockingScenario0_output_1590918139,1590918798,1590918380,418
isolation-missing-nine-tests,JON_9-missing-isolation-tests_r100_t518400_5M_31d_4h_43m_18s_alibaba.fastjson-e05e9c5=com.alibaba.json.bvt.issue_1200.Issue1298.test_for_issue_1_output_1590918199,1590918899,1590918444,455
isolation-missing-nine-tests,JON_9-missing-isolation-tests_r100_t518400_5M_31d_4h_43m_18s_alibaba.fastjson-e05e9c5=com.alibaba.json.bvt.issue_1200.Issue1298.test_for_issue_output_1590918199,1590918906,1590918456,450
isolation-missing-nine-tests,JON_9-missing-isolation-tests_r100_t518400_5M_31d_4h_43m_18s_alibaba.fastjson-e05e9c5=com.alibaba.json.bvt.parser.DefaultExtJSONParser_parseArray.test_7_output_1590918199,1590918876,1590918429,447
isolation-missing-nine-tests,JON_9-missing-isolation-tests_r100_t518400_5M_31d_4h_43m_18s_alibaba.fastjson-e05e9c5=com.alibaba.json.bvt.parser.DefaultExtJSONParser_parseArray.test_8_output_1590918199,1590918836,1590918412,424
isolation-missing-nine-tests,JON_9-missing-isolation-tests_r100_t518400_5M_31d_4h_43m_18s_alibaba.fastjson-e05e9c5=com.alibaba.json.bvt.serializer.ConcurrentHashMapTest5.test_concurrentHashmap_output_1590918199,1590918861,1590918415,446
isolation-missing-nine-tests,JON_9-missing-isolation-tests_r100_t518400_5M_31d_4h_43m_18s_alibaba.fastjson-e05e9c5=com.alibaba.json.bvt.serializer.ConcurrentHashMapTest6.test_concurrentHashmap_output_1590918199,1590918919,1590918467,452
isolation-missing-nine-tests,JON_9-missing-isolation-tests_r100_t518400_5M_31d_4h_43m_18s_apereo.java-cas-client-574b74f=org.jasig.cas.client.validation.AssertionImplTests.testAssertionValidity_output_1590918199,1590918468,1590918445,23
isolation-missing-nine-tests,JON_9-missing-isolation-tests_r100_t518400_5M_31d_4h_43m_18s_square.retrofit-ae28c3d=retrofit2.adapter.rxjava.SingleThrowingTest.responseThrowingInOnErrorDeliveredToPlugin_output_1590918199,1590918810,1590918459,351
isolation-missing-nine-tests,JON_9-missing-isolation-tests_r100_t518400_5M_31d_4h_43m_18s_tootallnate.java-websocket-fa3909c=org.java_websocket.issues.Issue256Test.runReconnectBlockingScenario0_output_1590918199,1590918877,1590918464,413
isolation-missing-nine-tests,JON_9-missing-isolation-tests_r100_t518400_5M_31d_4h_44m_18s_alibaba.fastjson-e05e9c5=com.alibaba.json.bvt.issue_1200.Issue1298.test_for_issue_1_output_1590918259,1590918957,1590918522,435
isolation-missing-nine-tests,JON_9-missing-isolation-tests_r100_t518400_5M_31d_4h_44m_18s_alibaba.fastjson-e05e9c5=com.alibaba.json.bvt.issue_1200.Issue1298.test_for_issue_output_1590918259,1590919015,1590918517,498
isolation-missing-nine-tests,JON_9-missing-isolation-tests_r100_t518400_5M_31d_4h_44m_18s_alibaba.fastjson-e05e9c5=com.alibaba.json.bvt.parser.DefaultExtJSONParser_parseArray.test_7_output_1590918259,1590918953,1590918517,436
isolation-missing-nine-tests,JON_9-missing-isolation-tests_r100_t518400_5M_31d_4h_44m_18s_alibaba.fastjson-e05e9c5=com.alibaba.json.bvt.parser.DefaultExtJSONParser_parseArray.test_8_output_1590918259,1590918963,1590918493,470
isolation-missing-nine-tests,JON_9-missing-isolation-tests_r100_t518400_5M_31d_4h_44m_18s_alibaba.fastjson-e05e9c5=com.alibaba.json.bvt.serializer.ConcurrentHashMapTest5.test_concurrentHashmap_output_1590918259,1590918983,1590918520,463
isolation-missing-nine-tests,JON_9-missing-isolation-tests_r100_t518400_5M_31d_4h_44m_18s_alibaba.fastjson-e05e9c5=com.alibaba.json.bvt.serializer.ConcurrentHashMapTest6.test_concurrentHashmap_output_1590918259,1590918956,1590918493,463
isolation-missing-nine-tests,JON_9-missing-isolation-tests_r100_t518400_5M_31d_4h_44m_18s_apereo.java-cas-client-574b74f=org.jasig.cas.client.validation.AssertionImplTests.testAssertionValidity_output_1590918259,1590918546,1590918522,24
isolation-missing-nine-tests,JON_9-missing-isolation-tests_r100_t518400_5M_31d_4h_44m_18s_square.retrofit-ae28c3d=retrofit2.adapter.rxjava.SingleThrowingTest.responseThrowingInOnErrorDeliveredToPlugin_output_1590918259,1590918921,1590918536,385
isolation-missing-nine-tests,JON_9-missing-isolation-tests_r100_t518400_5M_31d_4h_44m_18s_tootallnate.java-websocket-fa3909c=org.java_websocket.issues.Issue256Test.runReconnectBlockingScenario0_output_1590918259,1590918983,1590918546,437
isolation-missing-nine-tests,JON_9-missing-isolation-tests_r100_t518400_5M_31d_4h_45m_18s_alibaba.fastjson-e05e9c5=com.alibaba.json.bvt.issue_1200.Issue1298.test_for_issue_1_output_1590918320,1590919008,1590918548,460
isolation-missing-nine-tests,JON_9-missing-isolation-tests_r100_t518400_5M_31d_4h_45m_18s_alibaba.fastjson-e05e9c5=com.alibaba.json.bvt.issue_1200.Issue1298.test_for_issue_output_1590918320,1590918990,1590918548,442
isolation-missing-nine-tests,JON_9-missing-isolation-tests_r100_t518400_5M_31d_4h_45m_18s_alibaba.fastjson-e05e9c5=com.alibaba.json.bvt.parser.DefaultExtJSONParser_parseArray.test_7_output_1590918320,1590919038,1590918566,472
isolation-missing-nine-tests,JON_9-missing-isolation-tests_r100_t518400_5M_31d_4h_45m_18s_alibaba.fastjson-e05e9c5=com.alibaba.json.bvt.parser.DefaultExtJSONParser_parseArray.test_8_output_1590918320,1590919024,1590918546,478
isolation-missing-nine-tests,JON_9-missing-isolation-tests_r100_t518400_5M_31d_4h_45m_18s_alibaba.fastjson-e05e9c5=com.alibaba.json.bvt.serializer.ConcurrentHashMapTest5.test_concurrentHashmap_output_1590918320,1590919075,1590918598,477
isolation-missing-nine-tests,JON_9-missing-isolation-tests_r100_t518400_5M_31d_4h_45m_18s_alibaba.fastjson-e05e9c5=com.alibaba.json.bvt.serializer.ConcurrentHashMapTest6.test_concurrentHashmap_output_1590918320,1590918999,1590918546,453
isolation-missing-nine-tests,JON_9-missing-isolation-tests_r100_t518400_5M_31d_4h_45m_18s_apereo.java-cas-client-574b74f=org.jasig.cas.client.validation.AssertionImplTests.testAssertionValidity_output_1590918320,1590918618,1590918595,23
isolation-missing-nine-tests,JON_9-missing-isolation-tests_r100_t518400_5M_31d_4h_45m_18s_square.retrofit-ae28c3d=retrofit2.adapter.rxjava.SingleThrowingTest.responseThrowingInOnErrorDeliveredToPlugin_output_1590918320,1590918948,1590918574,374
isolation-missing-nine-tests,JON_9-missing-isolation-tests_r100_t518400_5M_31d_4h_45m_18s_tootallnate.java-websocket-fa3909c=org.java_websocket.issues.Issue256Test.runReconnectBlockingScenario0_output_1590918320,1590919002,1590918577,425
isolation-missing-nine-tests,JON_9-missing-isolation-tests_r100_t518400_5M_31d_4h_46m_18s_alibaba.fastjson-e05e9c5=com.alibaba.json.bvt.issue_1200.Issue1298.test_for_issue_1_output_1590918380,1590919103,1590918633,470
isolation-missing-nine-tests,JON_9-missing-isolation-tests_r100_t518400_5M_31d_4h_46m_18s_alibaba.fastjson-e05e9c5=com.alibaba.json.bvt.issue_1200.Issue1298.test_for_issue_output_1590918380,1590919125,1590918641,484
isolation-missing-nine-tests,JON_9-missing-isolation-tests_r100_t518400_5M_31d_4h_46m_18s_alibaba.fastjson-e05e9c5=com.alibaba.json.bvt.parser.DefaultExtJSONParser_parseArray.test_7_output_1590918380,1590919095,1590918633,462
isolation-missing-nine-tests,JON_9-missing-isolation-tests_r100_t518400_5M_31d_4h_46m_18s_alibaba.fastjson-e05e9c5=com.alibaba.json.bvt.parser.DefaultExtJSONParser_parseArray.test_8_output_1590918380,1590919130,1590918652,478
isolation-missing-nine-tests,JON_9-missing-isolation-tests_r100_t518400_5M_31d_4h_46m_18s_alibaba.fastjson-e05e9c5=com.alibaba.json.bvt.serializer.ConcurrentHashMapTest5.test_concurrentHashmap_output_1590918380,1590919114,1590918633,481
isolation-missing-nine-tests,JON_9-missing-isolation-tests_r100_t518400_5M_31d_4h_46m_18s_alibaba.fastjson-e05e9c5=com.alibaba.json.bvt.serializer.ConcurrentHashMapTest6.test_concurrentHashmap_output_1590918380,1590919104,1590918632,472
isolation-missing-nine-tests,JON_9-missing-isolation-tests_r100_t518400_5M_31d_4h_46m_18s_apereo.java-cas-client-574b74f=org.jasig.cas.client.validation.AssertionImplTests.testAssertionValidity_output_1590918380,1590918670,1590918647,23
isolation-missing-nine-tests,JON_9-missing-isolation-tests_r100_t518400_5M_31d_4h_46m_18s_square.retrofit-ae28c3d=retrofit2.adapter.rxjava.SingleThrowingTest.responseThrowingInOnErrorDeliveredToPlugin_output_1590918380,1590919070,1590918649,421
isolation-missing-nine-tests,JON_9-missing-isolation-tests_r100_t518400_5M_31d_4h_46m_18s_tootallnate.java-websocket-fa3909c=org.java_websocket.issues.Issue256Test.runReconnectBlockingScenario0_output_1590918380,1590919109,1590918644,465
isolation-missing-nine-tests,JON_9-missing-isolation-tests_r100_t518400_5M_31d_4h_47m_18s_alibaba.fastjson-e05e9c5=com.alibaba.json.bvt.issue_1200.Issue1298.test_for_issue_1_output_1590918439,1590919130,1590918696,434
isolation-missing-nine-tests,JON_9-missing-isolation-tests_r100_t518400_5M_31d_4h_47m_18s_alibaba.fastjson-e05e9c5=com.alibaba.json.bvt.issue_1200.Issue1298.test_for_issue_output_1590918439,1590919150,1590918702,448
isolation-missing-nine-tests,JON_9-missing-isolation-tests_r100_t518400_5M_31d_4h_47m_18s_alibaba.fastjson-e05e9c5=com.alibaba.json.bvt.parser.DefaultExtJSONParser_parseArray.test_7_output_1590918439,1590919109,1590918691,418
isolation-missing-nine-tests,JON_9-missing-isolation-tests_r100_t518400_5M_31d_4h_47m_18s_alibaba.fastjson-e05e9c5=com.alibaba.json.bvt.parser.DefaultExtJSONParser_parseArray.test_8_output_1590918439,1590919132,1590918690,442
isolation-missing-nine-tests,JON_9-missing-isolation-tests_r100_t518400_5M_31d_4h_47m_18s_alibaba.fastjson-e05e9c5=com.alibaba.json.bvt.serializer.ConcurrentHashMapTest5.test_concurrentHashmap_output_1590918439,1590919189,1590918699,490
isolation-missing-nine-tests,JON_9-missing-isolation-tests_r100_t518400_5M_31d_4h_47m_18s_alibaba.fastjson-e05e9c5=com.alibaba.json.bvt.serializer.ConcurrentHashMapTest6.test_concurrentHashmap_output_1590918439,1590919166,1590918699,467
isolation-missing-nine-tests,JON_9-missing-isolation-tests_r100_t518400_5M_31d_4h_47m_18s_apereo.java-cas-client-574b74f=org.jasig.cas.client.validation.AssertionImplTests.testAssertionValidity_output_1590918439,1590918723,1590918702,21
isolation-missing-nine-tests,JON_9-missing-isolation-tests_r100_t518400_5M_31d_4h_47m_18s_square.retrofit-ae28c3d=retrofit2.adapter.rxjava.SingleThrowingTest.responseThrowingInOnErrorDeliveredToPlugin_output_1590918439,1590919062,1590918699,363
isolation-missing-nine-tests,JON_9-missing-isolation-tests_r100_t518400_5M_31d_4h_47m_18s_tootallnate.java-websocket-fa3909c=org.java_websocket.issues.Issue256Test.runReconnectBlockingScenario0_output_1590918439,1590919162,1590918702,460
isolation-missing-nine-tests,JON_9-missing-isolation-tests_r100_t518400_5M_31d_4h_48m_18s_alibaba.fastjson-e05e9c5=com.alibaba.json.bvt.issue_1200.Issue1298.test_for_issue_1_output_1590918500,1590919202,1590918738,464
isolation-missing-nine-tests,JON_9-missing-isolation-tests_r100_t518400_5M_31d_4h_48m_18s_alibaba.fastjson-e05e9c5=com.alibaba.json.bvt.issue_1200.Issue1298.test_for_issue_output_1590918500,1590919223,1590918749,474
isolation-missing-nine-tests,JON_9-missing-isolation-tests_r100_t518400_5M_31d_4h_48m_18s_alibaba.fastjson-e05e9c5=com.alibaba.json.bvt.parser.DefaultExtJSONParser_parseArray.test_7_output_1590918500,1590919217,1590918747,470
isolation-missing-nine-tests,JON_9-missing-isolation-tests_r100_t518400_5M_31d_4h_48m_18s_alibaba.fastjson-e05e9c5=com.alibaba.json.bvt.parser.DefaultExtJSONParser_parseArray.test_8_output_1590918500,1590919194,1590918725,469
isolation-missing-nine-tests,JON_9-missing-isolation-tests_r100_t518400_5M_31d_4h_48m_18s_alibaba.fastjson-e05e9c5=com.alibaba.json.bvt.serializer.ConcurrentHashMapTest5.test_concurrentHashmap_output_1590918500,1590919238,1590918755,483
isolation-missing-nine-tests,JON_9-missing-isolation-tests_r100_t518400_5M_31d_4h_48m_18s_alibaba.fastjson-e05e9c5=com.alibaba.json.bvt.serializer.ConcurrentHashMapTest6.test_concurrentHashmap_output_1590918500,1590919236,1590918733,503
isolation-missing-nine-tests,JON_9-missing-isolation-tests_r100_t518400_5M_31d_4h_48m_18s_apereo.java-cas-client-574b74f=org.jasig.cas.client.validation.AssertionImplTests.testAssertionValidity_output_1590918500,1590918757,1590918733,24
isolation-missing-nine-tests,JON_9-missing-isolation-tests_r100_t518400_5M_31d_4h_48m_18s_square.retrofit-ae28c3d=retrofit2.adapter.rxjava.SingleThrowingTest.responseThrowingInOnErrorDeliveredToPlugin_output_1590918500,1590919177,1590918758,419
isolation-missing-nine-tests,JON_9-missing-isolation-tests_r100_t518400_5M_31d_4h_48m_18s_tootallnate.java-websocket-fa3909c=org.java_websocket.issues.Issue256Test.runReconnectBlockingScenario0_output_1590918500,1590919248,1590918758,490
isolation-runs-surefire-combined,JON_106-iso-more-runs_p1_r100_t518400_6M_3d_16h_53m_37s_orbit.orbit-c4904af=cloud.orbit.actors.extensions.test.LengthFieldHandlerTest.randomMessages_output_1591221220,1591221918,1591221463,455
isolation-runs-surefire-combined,JON_106-iso-more-runs_p1_r100_t518400_6M_3d_16h_53m_37s_oryxproject.oryx-72ae4bb=com.cloudera.oryx.common.io.IOUtilsTest.testDistinctFreePorts_output_1591221220,1591221970,1591221465,505
isolation-runs-surefire-combined,JON_106-iso-more-runs_p1_r100_t518400_6M_3d_16h_53m_37s_spinn3r.noxy-d53a494=com.spinn3r.noxy.discovery.zookeeper.ZKTest.testBulkClusterJoining_output_1591221220,1591231038,1591221471,9567
isolation-runs-surefire-combined,JON_106-iso-more-runs_p1_r100_t518400_6M_3d_16h_53m_37s_spinn3r.noxy-d53a494=com.spinn3r.noxy.discovery.zookeeper.ZKTest.testDiscoveryListener_output_1591221220,1591222070,1591221501,569
isolation-runs-surefire-combined,JON_106-iso-more-runs_p1_r100_t518400_6M_3d_16h_53m_37s_spinn3r.noxy-d53a494=com.spinn3r.noxy.discovery.zookeeper.ZKTest.testMembershipJoinAndLeave_output_1591221220,1591222102,1591221507,595
isolation-runs-surefire-combined,JON_106-iso-more-runs_p1_r100_t518400_6M_3d_16h_53m_37s_square.retrofit-ae28c3d=retrofit2.adapter.rxjava.CompletableThrowingSafeSubscriberTest.throwingInOnCompleteDeliveredToPlugin_output_1591221220,1591221830,1591221508,322
isolation-runs-surefire-combined,JON_106-iso-more-runs_p1_r100_t518400_6M_3d_16h_53m_37s_square.retrofit-ae28c3d=retrofit2.adapter.rxjava.CompletableThrowingTest.throwingInOnCompleteDeliveredToPlugin_output_1591221220,1591221900,1591221507,393
isolation-runs-surefire-combined,JON_106-iso-more-runs_p1_r100_t518400_6M_3d_16h_53m_37s_square.retrofit-ae28c3d=retrofit2.adapter.rxjava.SingleThrowingTest.bodyThrowingInOnSuccessDeliveredToPlugin_output_1591221220,1591221784,1591221501,283
isolation-runs-surefire-combined,JON_106-iso-more-runs_p1_r100_t518400_6M_3d_16h_53m_37s_square.retrofit-ae28c3d=retrofit2.adapter.rxjava.SingleThrowingTest.responseThrowingInOnErrorDeliveredToPlugin_output_1591221220,1591221878,1591221511,367
isolation-runs-surefire-combined,JON_106-iso-more-runs_p1_r100_t518400_6M_3d_16h_53m_37s_square.retrofit-ae28c3d=retrofit2.adapter.rxjava.SingleThrowingTest.responseThrowingInOnSuccessDeliveredToPlugin_output_1591221220,1591221865,1591221511,354
isolation-runs-surefire-combined,JON_106-iso-more-runs_p1_r100_t518400_6M_3d_16h_53m_37s_square.retrofit-ae28c3d=retrofit2.CallTest.cancelRequest_output_1591221220,1591222047,1591221509,538
isolation-runs-surefire-combined,JON_106-iso-more-runs_p1_r100_t518400_6M_3d_16h_53m_37s_tootallnate.java-websocket-fa3909c=org.java_websocket.issues.Issue256Test.runReconnectBlockingScenario0_output_1591221220,1591221879,1591221514,365
isolation-runs-surefire-combined,JON_106-iso-more-runs_p1_r100_t518400_6M_3d_16h_53m_37s_tootallnate.java-websocket-fa3909c=org.java_websocket.issues.Issue256Test.runReconnectBlockingScenario1_output_1591221220,1591221940,1591221516,424
isolation-runs-surefire-combined,JON_106-iso-more-runs_p1_r100_t518400_6M_3d_16h_53m_37s_tootallnate.java-websocket-fa3909c=org.java_websocket.issues.Issue256Test.runReconnectBlockingScenario2_output_1591221220,1591221900,1591221544,356
isolation-runs-surefire-combined,JON_106-iso-more-runs_p1_r100_t518400_6M_3d_16h_53m_37s_tootallnate.java-websocket-fa3909c=org.java_websocket.issues.Issue256Test.runReconnectBlockingScenario3_output_1591221220,1591221927,1591221532,395
isolation-runs-surefire-combined,JON_106-iso-more-runs_p1_r100_t518400_6M_3d_16h_53m_37s_tootallnate.java-websocket-fa3909c=org.java_websocket.issues.Issue256Test.runReconnectBlockingScenario4_output_1591221220,1591221902,1591221543,359
isolation-runs-surefire-combined,JON_106-iso-more-runs_p1_r100_t518400_6M_3d_16h_53m_37s_tootallnate.java-websocket-fa3909c=org.java_websocket.issues.Issue256Test.runReconnectBlockingScenario5_output_1591221220,1591221872,1591221544,328
isolation-runs-surefire-combined,JON_106-iso-more-runs_p1_r100_t518400_6M_3d_16h_53m_37s_tootallnate.java-websocket-fa3909c=org.java_websocket.issues.Issue256Test.runReconnectBlockingScenario6_output_1591221220,1591221862,1591221465,397
isolation-runs-surefire-combined,JON_106-iso-more-runs_p1_r100_t518400_6M_3d_16h_53m_37s_tootallnate.java-websocket-fa3909c=org.java_websocket.issues.Issue256Test.runReconnectBlockingScenario7_output_1591221220,1591221871,1591221471,400
isolation-runs-surefire-combined,JON_106-iso-more-runs_p1_r100_t518400_6M_3d_16h_53m_37s_tootallnate.java-websocket-fa3909c=org.java_websocket.issues.Issue256Test.runReconnectBlockingScenario8_output_1591221220,1591221932,1591221514,418
isolation-runs-surefire-combined,JON_106-iso-more-runs_p1_r100_t518400_6M_3d_16h_53m_37s_tootallnate.java-websocket-fa3909c=org.java_websocket.issues.Issue256Test.runReconnectBlockingScenario9_output_1591221220,1591221863,1591221527,336
isolation-runs-surefire-combined,JON_106-iso-more-runs_p1_r100_t518400_6M_3d_16h_53m_37s_tootallnate.java-websocket-fa3909c=org.java_websocket.issues.Issue256Test.runReconnectScenario0_output_1591221220,1591222073,1591221532,541
isolation-runs-surefire-combined,JON_106-iso-more-runs_p1_r100_t518400_6M_3d_16h_53m_37s_tootallnate.java-websocket-fa3909c=org.java_websocket.issues.Issue256Test.runReconnectScenario1_output_1591221220,1591222001,1591221546,455
isolation-runs-surefire-combined,JON_106-iso-more-runs_p1_r100_t518400_6M_3d_16h_53m_37s_tootallnate.java-websocket-fa3909c=org.java_websocket.issues.Issue256Test.runReconnectScenario2_output_1591221220,1591222061,1591221530,531
isolation-runs-surefire-combined,JON_106-iso-more-runs_p1_r100_t518400_6M_3d_16h_53m_37s_tootallnate.java-websocket-fa3909c=org.java_websocket.issues.Issue256Test.runReconnectScenario3_output_1591221220,1591222041,1591221530,511
isolation-runs-surefire-combined,JON_106-iso-more-runs_p1_r100_t518400_6M_3d_16h_53m_37s_tootallnate.java-websocket-fa3909c=org.java_websocket.issues.Issue256Test.runReconnectScenario4_output_1591221220,1591222030,1591221511,519
isolation-runs-surefire-combined,JON_106-iso-more-runs_p1_r100_t518400_6M_3d_16h_53m_37s_tootallnate.java-websocket-fa3909c=org.java_websocket.issues.Issue256Test.runReconnectScenario5_output_1591221220,1591222012,1591221530,482
isolation-runs-surefire-combined,JON_106-iso-more-runs_p1_r100_t518400_6M_3d_16h_53m_37s_tootallnate.java-websocket-fa3909c=org.java_websocket.issues.Issue256Test.runReconnectScenario6_output_1591221220,1591221975,1591221514,461
isolation-runs-surefire-combined,JON_106-iso-more-runs_p1_r100_t518400_6M_3d_16h_53m_37s_tootallnate.java-websocket-fa3909c=org.java_websocket.issues.Issue256Test.runReconnectScenario7_output_1591221220,1591222050,1591221546,504
isolation-runs-surefire-combined,JON_106-iso-more-runs_p1_r100_t518400_6M_3d_16h_53m_37s_tootallnate.java-websocket-fa3909c=org.java_websocket.issues.Issue256Test.runReconnectScenario8_output_1591221220,1591221937,1591221498,439
isolation-runs-surefire-combined,JON_106-iso-more-runs_p1_r100_t518400_6M_3d_16h_53m_37s_tootallnate.java-websocket-fa3909c=org.java_websocket.issues.Issue256Test.runReconnectScenario9_output_1591221220,1591221959,1591221530,429
isolation-runs-surefire-combined,JON_106-iso-more-runs_p1_r100_t518400_6M_3d_16h_53m_37s_tootallnate.java-websocket-fa3909c=org.java_websocket.issues.Issue580Test.runNoCloseBlockingTestScenario0_output_1591221220,1591221944,1591221519,425
isolation-runs-surefire-combined,JON_106-iso-more-runs_p1_r100_t518400_6M_3d_16h_53m_37s_tootallnate.java-websocket-fa3909c=org.java_websocket.issues.Issue580Test.runNoCloseBlockingTestScenario3_output_1591221220,1591221921,1591221516,405
isolation-runs-surefire-combined,JON_106-iso-more-runs_p1_r100_t518400_6M_3d_16h_53m_37s_tootallnate.java-websocket-fa3909c=org.java_websocket.issues.Issue580Test.runNoCloseBlockingTestScenario4_output_1591221220,1591221913,1591221511,402
isolation-runs-surefire-combined,JON_106-iso-more-runs_p1_r100_t518400_6M_3d_16h_53m_37s_tootallnate.java-websocket-fa3909c=org.java_websocket.issues.Issue580Test.runNoCloseBlockingTestScenario6_output_1591221220,1591221920,1591221516,404
isolation-runs-surefire-combined,JON_106-iso-more-runs_p1_r100_t518400_6M_3d_16h_53m_37s_tootallnate.java-websocket-fa3909c=org.java_websocket.issues.Issue580Test.runNoCloseBlockingTestScenario8_output_1591221220,1591221889,1591221532,357
isolation-runs-surefire-combined,JON_106-iso-more-runs_p1_r100_t518400_6M_3d_16h_53m_37s_tootallnate.java-websocket-fa3909c=org.java_websocket.issues.Issue621Test.testIssue_output_1591221220,1591221962,1591221562,400
isolation-runs-surefire-combined,JON_106-iso-more-runs_p1_r100_t518400_6M_3d_16h_53m_37s_tootallnate.java-websocket-fa3909c=org.java_websocket.issues.Issue677Test.testIssue_output_1591221220,1591221881,1591221546,335
isolation-runs-surefire-combined,JON_106-iso-more-runs_p1_r100_t518400_6M_3d_16h_53m_37s_tootallnate.java-websocket-fa3909c=org.java_websocket.issues.Issue713Test.testIssue_output_1591221220,1591221907,1591221527,380
isolation-runs-surefire-combined,JON_106-iso-more-runs_p1_r100_t518400_6M_3d_16h_53m_37s_tootallnate.java-websocket-fa3909c=org.java_websocket.misc.OpeningHandshakeRejectionTest.testHandshakeRejectionTestCase0_output_1591221220,1591221928,1591221549,379
isolation-runs-surefire-combined,JON_106-iso-more-runs_p1_r100_t518400_6M_3d_16h_53m_37s_tootallnate.java-websocket-fa3909c=org.java_websocket.misc.OpeningHandshakeRejectionTest.testHandshakeRejectionTestCase10_output_1591221220,1591221881,1591221527,354
isolation-runs-surefire-combined,JON_106-iso-more-runs_p1_r100_t518400_6M_3d_16h_53m_37s_tootallnate.java-websocket-fa3909c=org.java_websocket.misc.OpeningHandshakeRejectionTest.testHandshakeRejectionTestCase11_output_1591221220,1591221935,1591221552,383
isolation-runs-surefire-combined,JON_106-iso-more-runs_p1_r100_t518400_6M_3d_17h_10m_52s_square.retrofit-ae28c3d=retrofit2.CallTest.cancelRequest_output_1591222254,1591223224,1591222558,666
isolation-runs-surefire-combined,JON_106-iso-more-runs_p1_r100_t518400_6M_3d_16h_53m_37s_tootallnate.java-websocket-fa3909c=org.java_websocket.protocols.ProtoclHandshakeRejectionTest.testHandshakeRejectionTestCase10_output_1591221220,1591221872,1591221511,361
isolation-runs-surefire-combined,JON_106-iso-more-runs_p1_r100_t518400_6M_3d_16h_53m_37s_wro4j.wro4j-185ab60=ro.isdc.wro.extensions.processor.support.sass.TestRubySassEngine.shouldProcessValidCss_output_1591221220,1591222562,1591221557,1005
isolation-runs-surefire-combined,JON_106-iso-more-runs_p1_r100_t518400_6M_3d_16h_53m_37s_wro4j.wro4j-185ab60=ro.isdc.wro.extensions.processor.support.sass.TestRubySassEngine.shouldProcessValidNonAsciiSass_output_1591221220,1591222482,1591221501,981
isolation-runs-surefire-combined,JON_106-iso-more-runs_p1_r100_t518400_6M_3d_16h_53m_37s_wro4j.wro4j-185ab60=ro.isdc.wro.extensions.processor.support.sass.TestRubySassEngine.shouldProcessValidSass_output_1591221220,1591222600,1591221562,1038
isolation-runs-surefire-combined,JON_106-iso-more-runs_p1_r100_t518400_6M_3d_16h_53m_37s_wro4j.wro4j-185ab60=ro.isdc.wro.extensions.processor.TestBourbonCssProcessor.shouldBeThreadSafe_output_1591221220,1591222567,1591221552,1015
isolation-runs-surefire-combined,JON_106-iso-more-runs_p1_r100_t518400_6M_3d_16h_53m_37s_wro4j.wro4j-185ab60=ro.isdc.wro.extensions.processor.TestRubySassCssProcessor.executeMultipleTimesDoesntThrowOutOfMemoryException_output_1591221220,1591222613,1591221554,1059
isolation-runs-surefire-combined,JON_106-iso-more-runs_p1_r100_t518400_6M_3d_16h_53m_37s_wro4j.wro4j-185ab60=ro.isdc.wro.extensions.processor.TestRubySassCssProcessor.shouldBeThreadSafe_output_1591221220,1591222547,1591221554,993
isolation-runs-surefire-combined,JON_106-iso-more-runs_p1_r100_t518400_6M_3d_16h_53m_37s_wro4j.wro4j-185ab60=ro.isdc.wro.extensions.processor.TestRubySassCssProcessor.shouldBeThreadSafeWhenInitializingProcessor_output_1591221220,1591222537,1591221559,978
isolation-runs-surefire-combined,JON_106-iso-more-runs_p1_r100_t518400_6M_3d_16h_53m_37s_wro4j.wro4j-185ab60=ro.isdc.wro.extensions.processor.TestRubySassCssProcessor.shouldSucceedAfterAFailure_output_1591221220,1591222373,1591221552,821
isolation-runs-surefire-combined,JON_106-iso-more-runs_p1_r100_t518400_6M_3d_16h_53m_37s_wro4j.wro4j-185ab60=ro.isdc.wro.extensions.processor.TestRubySassCssProcessor.shouldTestFromFolder_output_1591221220,1591222692,1591221552,1140
isolation-runs-surefire-combined,JON_106-iso-more-runs_p1_r100_t518400_6M_3d_16h_53m_37s_wso2.carbon-apimgt-a82213e=org.wso2.carbon.apimgt.throttling.siddhi.extension.ThrottleTimeBatchWindowTestCase.throttleTimeWindowBatchTest2_output_1591221220,1591223545,1591221562,1983
isolation-runs-surefire-combined,JON_106-iso-more-runs_p1_r100_t518400_6M_3d_17h_10m_52s_orbit.orbit-c4904af=cloud.orbit.actors.extensions.test.LengthFieldHandlerTest.randomMessages_output_1591222254,1591223071,1591222524,547
isolation-runs-surefire-combined,JON_106-iso-more-runs_p1_r100_t518400_6M_3d_17h_10m_52s_oryxproject.oryx-72ae4bb=com.cloudera.oryx.common.io.IOUtilsTest.testDistinctFreePorts_output_1591222254,1591223091,1591222544,547
isolation-runs-surefire-combined,JON_106-iso-more-runs_p1_r100_t518400_6M_3d_17h_10m_52s_spinn3r.noxy-d53a494=com.spinn3r.noxy.discovery.zookeeper.ZKTest.testBulkClusterJoining_output_1591222254,1591234483,1591222527,11956
isolation-runs-surefire-combined,JON_106-iso-more-runs_p1_r100_t518400_6M_3d_17h_10m_52s_spinn3r.noxy-d53a494=com.spinn3r.noxy.discovery.zookeeper.ZKTest.testDiscoveryListener_output_1591222254,1591223262,1591222550,712
isolation-runs-surefire-combined,JON_106-iso-more-runs_p1_r100_t518400_6M_3d_17h_10m_52s_spinn3r.noxy-d53a494=com.spinn3r.noxy.discovery.zookeeper.ZKTest.testMembershipJoinAndLeave_output_1591222254,1591223253,1591222547,706
isolation-runs-surefire-combined,JON_106-iso-more-runs_p1_r100_t518400_6M_3d_17h_10m_52s_square.retrofit-ae28c3d=retrofit2.adapter.rxjava.CompletableThrowingSafeSubscriberTest.throwingInOnCompleteDeliveredToPlugin_output_1591222254,1591222957,1591222558,399
isolation-runs-surefire-combined,JON_106-iso-more-runs_p1_r100_t518400_6M_3d_17h_10m_52s_square.retrofit-ae28c3d=retrofit2.adapter.rxjava.CompletableThrowingTest.throwingInOnCompleteDeliveredToPlugin_output_1591222254,1591222907,1591222555,352
isolation-runs-surefire-combined,JON_106-iso-more-runs_p1_r100_t518400_6M_3d_17h_10m_52s_square.retrofit-ae28c3d=retrofit2.adapter.rxjava.SingleThrowingTest.bodyThrowingInOnSuccessDeliveredToPlugin_output_1591222254,1591222921,1591222553,368
isolation-runs-surefire-combined,JON_106-iso-more-runs_p1_r100_t518400_6M_3d_17h_10m_52s_square.retrofit-ae28c3d=retrofit2.adapter.rxjava.SingleThrowingTest.responseThrowingInOnErrorDeliveredToPlugin_output_1591222254,1591222907,1591222530,377
isolation-runs-surefire-combined,JON_106-iso-more-runs_p1_r100_t518400_6M_3d_17h_10m_52s_tootallnate.java-websocket-fa3909c=org.java_websocket.issues.Issue256Test.runReconnectScenario0_output_1591222254,1591223082,1591222592,490
isolation-runs-surefire-combined,JON_106-iso-more-runs_p1_r100_t518400_6M_3d_17h_10m_52s_square.retrofit-ae28c3d=retrofit2.adapter.rxjava.SingleThrowingTest.responseThrowingInOnSuccessDeliveredToPlugin_output_1591222254,1591222924,1591222561,363
isolation-runs-surefire-combined,JON_106-iso-more-runs_p1_r100_t518400_6M_3d_17h_10m_52s_tootallnate.java-websocket-fa3909c=org.java_websocket.issues.Issue256Test.runReconnectBlockingScenario0_output_1591222254,1591223025,1591222564,461
isolation-runs-surefire-combined,JON_106-iso-more-runs_p1_r100_t518400_6M_3d_17h_10m_52s_tootallnate.java-websocket-fa3909c=org.java_websocket.issues.Issue256Test.runReconnectBlockingScenario1_output_1591222254,1591222950,1591222572,378
isolation-runs-surefire-combined,JON_106-iso-more-runs_p1_r100_t518400_6M_3d_17h_10m_52s_tootallnate.java-websocket-fa3909c=org.java_websocket.issues.Issue256Test.runReconnectBlockingScenario2_output_1591222254,1591222987,1591222550,437
isolation-runs-surefire-combined,JON_106-iso-more-runs_p1_r100_t518400_6M_3d_17h_10m_52s_tootallnate.java-websocket-fa3909c=org.java_websocket.issues.Issue256Test.runReconnectBlockingScenario3_output_1591222254,1591222939,1591222572,367
isolation-runs-surefire-combined,JON_106-iso-more-runs_p1_r100_t518400_6M_3d_17h_10m_52s_tootallnate.java-websocket-fa3909c=org.java_websocket.issues.Issue256Test.runReconnectBlockingScenario4_output_1591222254,1591222980,1591222586,394
isolation-runs-surefire-combined,JON_106-iso-more-runs_p1_r100_t518400_6M_3d_17h_10m_52s_tootallnate.java-websocket-fa3909c=org.java_websocket.issues.Issue256Test.runReconnectBlockingScenario5_output_1591222254,1591223035,1591222589,446
isolation-runs-surefire-combined,JON_106-iso-more-runs_p1_r100_t518400_6M_3d_17h_10m_52s_tootallnate.java-websocket-fa3909c=org.java_websocket.issues.Issue256Test.runReconnectBlockingScenario6_output_1591222254,1591223036,1591222561,475
isolation-runs-surefire-combined,JON_106-iso-more-runs_p1_r100_t518400_6M_3d_17h_10m_52s_tootallnate.java-websocket-fa3909c=org.java_websocket.issues.Issue256Test.runReconnectBlockingScenario7_output_1591222254,1591223033,1591222564,469
isolation-runs-surefire-combined,JON_106-iso-more-runs_p1_r100_t518400_6M_3d_17h_10m_52s_tootallnate.java-websocket-fa3909c=org.java_websocket.issues.Issue256Test.runReconnectBlockingScenario8_output_1591222254,1591223014,1591222564,450
isolation-runs-surefire-combined,JON_106-iso-more-runs_p1_r100_t518400_6M_3d_17h_10m_52s_tootallnate.java-websocket-fa3909c=org.java_websocket.issues.Issue256Test.runReconnectBlockingScenario9_output_1591222254,1591223058,1591222577,481
isolation-runs-surefire-combined,JON_106-iso-more-runs_p1_r100_t518400_6M_3d_17h_10m_52s_tootallnate.java-websocket-fa3909c=org.java_websocket.issues.Issue256Test.runReconnectScenario1_output_1591222254,1591223094,1591222598,496
isolation-runs-surefire-combined,JON_106-iso-more-runs_p1_r100_t518400_6M_3d_17h_10m_52s_tootallnate.java-websocket-fa3909c=org.java_websocket.issues.Issue256Test.runReconnectScenario2_output_1591222254,1591223099,1591222583,516
isolation-runs-surefire-combined,JON_106-iso-more-runs_p1_r100_t518400_6M_3d_17h_10m_52s_tootallnate.java-websocket-fa3909c=org.java_websocket.issues.Issue256Test.runReconnectScenario3_output_1591222254,1591223117,1591222592,525
isolation-runs-surefire-combined,JON_106-iso-more-runs_p1_r100_t518400_6M_3d_17h_10m_52s_tootallnate.java-websocket-fa3909c=org.java_websocket.issues.Issue256Test.runReconnectScenario4_output_1591222254,1591223060,1591222561,499
isolation-runs-surefire-combined,JON_106-iso-more-runs_p1_r100_t518400_6M_3d_17h_10m_52s_tootallnate.java-websocket-fa3909c=org.java_websocket.issues.Issue256Test.runReconnectScenario5_output_1591222254,1591223089,1591222572,517
isolation-runs-surefire-combined,JON_106-iso-more-runs_p1_r100_t518400_6M_3d_17h_10m_52s_tootallnate.java-websocket-fa3909c=org.java_websocket.issues.Issue256Test.runReconnectScenario6_output_1591222254,1591223080,1591222569,511
isolation-runs-surefire-combined,JON_106-iso-more-runs_p1_r100_t518400_6M_3d_17h_10m_52s_tootallnate.java-websocket-fa3909c=org.java_websocket.issues.Issue256Test.runReconnectScenario7_output_1591222254,1591223055,1591222583,472
isolation-runs-surefire-combined,JON_106-iso-more-runs_p1_r100_t518400_6M_3d_17h_10m_52s_tootallnate.java-websocket-fa3909c=org.java_websocket.issues.Issue256Test.runReconnectScenario8_output_1591222254,1591223020,1591222583,437
isolation-runs-surefire-combined,JON_106-iso-more-runs_p1_r100_t518400_6M_3d_17h_10m_52s_tootallnate.java-websocket-fa3909c=org.java_websocket.issues.Issue256Test.runReconnectScenario9_output_1591222254,1591223030,1591222577,453
isolation-runs-surefire-combined,JON_106-iso-more-runs_p1_r100_t518400_6M_3d_17h_10m_52s_tootallnate.java-websocket-fa3909c=org.java_websocket.issues.Issue580Test.runNoCloseBlockingTestScenario0_output_1591222254,1591223067,1591222578,489
isolation-runs-surefire-combined,JON_106-iso-more-runs_p1_r100_t518400_6M_3d_17h_10m_52s_tootallnate.java-websocket-fa3909c=org.java_websocket.issues.Issue580Test.runNoCloseBlockingTestScenario3_output_1591222254,1591223047,1591222572,475
isolation-runs-surefire-combined,JON_106-iso-more-runs_p1_r100_t518400_6M_3d_17h_10m_52s_tootallnate.java-websocket-fa3909c=org.java_websocket.issues.Issue580Test.runNoCloseBlockingTestScenario4_output_1591222254,1591223027,1591222564,463
isolation-runs-surefire-combined,JON_106-iso-more-runs_p1_r100_t518400_6M_3d_17h_10m_52s_tootallnate.java-websocket-fa3909c=org.java_websocket.issues.Issue580Test.runNoCloseBlockingTestScenario6_output_1591222254,1591223037,1591222566,471
isolation-runs-surefire-combined,JON_106-iso-more-runs_p1_r100_t518400_6M_3d_17h_10m_52s_tootallnate.java-websocket-fa3909c=org.java_websocket.issues.Issue580Test.runNoCloseBlockingTestScenario8_output_1591222254,1591223069,1591222592,477
isolation-runs-surefire-combined,JON_106-iso-more-runs_p1_r100_t518400_6M_3d_17h_10m_52s_tootallnate.java-websocket-fa3909c=org.java_websocket.issues.Issue621Test.testIssue_output_1591222254,1591223060,1591222595,465
isolation-runs-surefire-combined,JON_106-iso-more-runs_p1_r100_t518400_6M_3d_17h_10m_52s_tootallnate.java-websocket-fa3909c=org.java_websocket.issues.Issue677Test.testIssue_output_1591222254,1591222981,1591222577,404
isolation-runs-surefire-combined,JON_106-iso-more-runs_p1_r100_t518400_6M_3d_17h_10m_52s_tootallnate.java-websocket-fa3909c=org.java_websocket.issues.Issue713Test.testIssue_output_1591222254,1591223044,1591222566,478
isolation-runs-surefire-combined,JON_106-iso-more-runs_p1_r100_t518400_6M_3d_17h_10m_52s_tootallnate.java-websocket-fa3909c=org.java_websocket.misc.OpeningHandshakeRejectionTest.testHandshakeRejectionTestCase0_output_1591222254,1591223056,1591222594,462
isolation-runs-surefire-combined,JON_106-iso-more-runs_p1_r100_t518400_6M_3d_17h_10m_52s_tootallnate.java-websocket-fa3909c=org.java_websocket.misc.OpeningHandshakeRejectionTest.testHandshakeRejectionTestCase10_output_1591222254,1591223021,1591222575,446
isolation-runs-surefire-combined,JON_106-iso-more-runs_p1_r100_t518400_6M_3d_17h_10m_52s_tootallnate.java-websocket-fa3909c=org.java_websocket.misc.OpeningHandshakeRejectionTest.testHandshakeRejectionTestCase11_output_1591222254,1591223001,1591222603,398
isolation-runs-surefire-combined,JON_106-iso-more-runs_p1_r100_t518400_6M_3d_17h_10m_52s_tootallnate.java-websocket-fa3909c=org.java_websocket.protocols.ProtoclHandshakeRejectionTest.testHandshakeRejectionTestCase10_output_1591222254,1591222999,1591222564,435
isolation-runs-surefire-combined,JON_106-iso-more-runs_p1_r100_t518400_6M_3d_17h_10m_52s_wro4j.wro4j-185ab60=ro.isdc.wro.extensions.processor.support.sass.TestRubySassEngine.shouldProcessValidCss_output_1591222254,1591223684,1591222606,1078
isolation-runs-surefire-combined,JON_106-iso-more-runs_p1_r100_t518400_6M_3d_17h_10m_52s_wro4j.wro4j-185ab60=ro.isdc.wro.extensions.processor.support.sass.TestRubySassEngine.shouldProcessValidNonAsciiSass_output_1591222254,1591223701,1591222603,1098
isolation-runs-surefire-combined,JON_106-iso-more-runs_p1_r100_t518400_6M_3d_17h_10m_52s_wro4j.wro4j-185ab60=ro.isdc.wro.extensions.processor.support.sass.TestRubySassEngine.shouldProcessValidSass_output_1591222254,1591223696,1591222615,1081
isolation-runs-surefire-combined,JON_106-iso-more-runs_p1_r100_t518400_6M_3d_17h_10m_52s_wro4j.wro4j-185ab60=ro.isdc.wro.extensions.processor.TestBourbonCssProcessor.shouldBeThreadSafe_output_1591222254,1591223707,1591222598,1109
isolation-runs-surefire-combined,JON_106-iso-more-runs_p1_r100_t518400_6M_3d_17h_10m_52s_wro4j.wro4j-185ab60=ro.isdc.wro.extensions.processor.TestRubySassCssProcessor.executeMultipleTimesDoesntThrowOutOfMemoryException_output_1591222254,1591223789,1591222603,1186
isolation-runs-surefire-combined,JON_106-iso-more-runs_p1_r100_t518400_6M_3d_17h_10m_52s_wro4j.wro4j-185ab60=ro.isdc.wro.extensions.processor.TestRubySassCssProcessor.shouldBeThreadSafe_output_1591222254,1591223656,1591222603,1053
isolation-runs-surefire-combined,JON_106-iso-more-runs_p1_r100_t518400_6M_3d_17h_10m_52s_wro4j.wro4j-185ab60=ro.isdc.wro.extensions.processor.TestRubySassCssProcessor.shouldBeThreadSafeWhenInitializingProcessor_output_1591222254,1591223772,1591222612,1160
isolation-runs-surefire-combined,JON_106-iso-more-runs_p1_r100_t518400_6M_3d_17h_10m_52s_wro4j.wro4j-185ab60=ro.isdc.wro.extensions.processor.TestRubySassCssProcessor.shouldSucceedAfterAFailure_output_1591222254,1591223685,1591222615,1070
isolation-runs-surefire-combined,JON_106-iso-more-runs_p1_r100_t518400_6M_3d_17h_10m_52s_wro4j.wro4j-185ab60=ro.isdc.wro.extensions.processor.TestRubySassCssProcessor.shouldTestFromFolder_output_1591222254,1591223631,1591222598,1033
isolation-runs-surefire-combined,JON_106-iso-more-runs_p1_r100_t518400_6M_3d_17h_13m_52s_orbit.orbit-c4904af=cloud.orbit.actors.extensions.test.LengthFieldHandlerTest.randomMessages_output_1591222434,1591223199,1591222657,542
isolation-runs-surefire-combined,JON_106-iso-more-runs_p1_r100_t518400_6M_3d_17h_10m_52s_wso2.carbon-apimgt-a82213e=org.wso2.carbon.apimgt.throttling.siddhi.extension.ThrottleTimeBatchWindowTestCase.throttleTimeWindowBatchTest2_output_1591222254,1591224583,1591222609,1974
isolation-runs-surefire-combined,JON_106-iso-more-runs_p1_r100_t518400_6M_3d_17h_13m_52s_oryxproject.oryx-72ae4bb=com.cloudera.oryx.common.io.IOUtilsTest.testDistinctFreePorts_output_1591222434,1591223302,1591222736,566
isolation-runs-surefire-combined,JON_106-iso-more-runs_p1_r100_t518400_6M_3d_17h_13m_52s_spinn3r.noxy-d53a494=com.spinn3r.noxy.discovery.zookeeper.ZKTest.testBulkClusterJoining_output_1591222434,1591234855,1591222671,12184
isolation-runs-surefire-combined,JON_106-iso-more-runs_p1_r100_t518400_6M_3d_17h_13m_52s_spinn3r.noxy-d53a494=com.spinn3r.noxy.discovery.zookeeper.ZKTest.testDiscoveryListener_output_1591222434,1591223368,1591222736,632
isolation-runs-surefire-combined,JON_106-iso-more-runs_p1_r100_t518400_6M_3d_17h_13m_52s_spinn3r.noxy-d53a494=com.spinn3r.noxy.discovery.zookeeper.ZKTest.testMembershipJoinAndLeave_output_1591222434,1591223363,1591222736,627
isolation-runs-surefire-combined,JON_106-iso-more-runs_p1_r100_t518400_6M_3d_17h_13m_52s_square.retrofit-ae28c3d=retrofit2.adapter.rxjava.CompletableThrowingSafeSubscriberTest.throwingInOnCompleteDeliveredToPlugin_output_1591222434,1591223088,1591222736,352
isolation-runs-surefire-combined,JON_106-iso-more-runs_p1_r100_t518400_6M_3d_17h_13m_52s_square.retrofit-ae28c3d=retrofit2.adapter.rxjava.CompletableThrowingTest.throwingInOnCompleteDeliveredToPlugin_output_1591222434,1591223068,1591222674,394
isolation-runs-surefire-combined,JON_106-iso-more-runs_p1_r100_t518400_6M_3d_17h_13m_52s_square.retrofit-ae28c3d=retrofit2.adapter.rxjava.SingleThrowingTest.bodyThrowingInOnSuccessDeliveredToPlugin_output_1591222434,1591223128,1591222736,392
isolation-runs-surefire-combined,JON_106-iso-more-runs_p1_r100_t518400_6M_3d_17h_13m_52s_square.retrofit-ae28c3d=retrofit2.adapter.rxjava.SingleThrowingTest.responseThrowingInOnErrorDeliveredToPlugin_output_1591222434,1591223081,1591222738,343
isolation-runs-surefire-combined,JON_106-iso-more-runs_p1_r100_t518400_6M_3d_17h_13m_52s_square.retrofit-ae28c3d=retrofit2.adapter.rxjava.SingleThrowingTest.responseThrowingInOnSuccessDeliveredToPlugin_output_1591222434,1591223086,1591222741,345
isolation-runs-surefire-combined,JON_106-iso-more-runs_p1_r100_t518400_6M_3d_17h_13m_52s_square.retrofit-ae28c3d=retrofit2.CallTest.cancelRequest_output_1591222434,1591223396,1591222736,660
isolation-runs-surefire-combined,JON_106-iso-more-runs_p1_r100_t518400_6M_3d_17h_13m_52s_tootallnate.java-websocket-fa3909c=org.java_websocket.issues.Issue256Test.runReconnectBlockingScenario0_output_1591222434,1591223164,1591222750,414
isolation-runs-surefire-combined,JON_106-iso-more-runs_p1_r100_t518400_6M_3d_17h_13m_52s_tootallnate.java-websocket-fa3909c=org.java_websocket.issues.Issue256Test.runReconnectBlockingScenario1_output_1591222434,1591223177,1591222770,407
isolation-runs-surefire-combined,JON_106-iso-more-runs_p1_r100_t518400_6M_3d_17h_13m_52s_tootallnate.java-websocket-fa3909c=org.java_websocket.issues.Issue256Test.runReconnectBlockingScenario2_output_1591222434,1591223257,1591222786,471
isolation-runs-surefire-combined,JON_106-iso-more-runs_p1_r100_t518400_6M_3d_17h_13m_52s_tootallnate.java-websocket-fa3909c=org.java_websocket.issues.Issue256Test.runReconnectBlockingScenario3_output_1591222434,1591223231,1591222775,456
isolation-runs-surefire-combined,JON_106-iso-more-runs_p1_r100_t518400_6M_3d_17h_13m_52s_tootallnate.java-websocket-fa3909c=org.java_websocket.issues.Issue256Test.runReconnectBlockingScenario4_output_1591222434,1591223218,1591222809,409
isolation-runs-surefire-combined,JON_106-iso-more-runs_p1_r100_t518400_6M_3d_17h_13m_52s_tootallnate.java-websocket-fa3909c=org.java_websocket.issues.Issue256Test.runReconnectBlockingScenario5_output_1591222434,1591223169,1591222772,397
isolation-runs-surefire-combined,JON_106-iso-more-runs_p1_r100_t518400_6M_3d_17h_13m_52s_tootallnate.java-websocket-fa3909c=org.java_websocket.issues.Issue256Test.runReconnectBlockingScenario6_output_1591222434,1591223187,1591222696,491
isolation-runs-surefire-combined,JON_106-iso-more-runs_p1_r100_t518400_6M_3d_17h_13m_52s_tootallnate.java-websocket-fa3909c=org.java_websocket.issues.Issue256Test.runReconnectBlockingScenario7_output_1591222434,1591223213,1591222744,469
isolation-runs-surefire-combined,JON_106-iso-more-runs_p1_r100_t518400_6M_3d_17h_13m_52s_tootallnate.java-websocket-fa3909c=org.java_websocket.issues.Issue256Test.runReconnectBlockingScenario8_output_1591222434,1591223124,1591222747,377
isolation-runs-surefire-combined,JON_106-iso-more-runs_p1_r100_t518400_6M_3d_17h_13m_52s_tootallnate.java-websocket-fa3909c=org.java_websocket.issues.Issue256Test.runReconnectBlockingScenario9_output_1591222434,1591223185,1591222696,489
isolation-runs-surefire-combined,JON_106-iso-more-runs_p1_r100_t518400_6M_3d_17h_13m_52s_tootallnate.java-websocket-fa3909c=org.java_websocket.issues.Issue256Test.runReconnectScenario0_output_1591222434,1591223303,1591222811,492
isolation-runs-surefire-combined,JON_106-iso-more-runs_p1_r100_t518400_6M_3d_17h_13m_52s_tootallnate.java-websocket-fa3909c=org.java_websocket.issues.Issue256Test.runReconnectScenario1_output_1591222434,1591223324,1591222820,504
isolation-runs-surefire-combined,JON_106-iso-more-runs_p1_r100_t518400_6M_3d_17h_13m_52s_tootallnate.java-websocket-fa3909c=org.java_websocket.issues.Issue256Test.runReconnectScenario2_output_1591222434,1591223280,1591222761,519
isolation-runs-surefire-combined,JON_106-iso-more-runs_p1_r100_t518400_6M_3d_17h_13m_52s_tootallnate.java-websocket-fa3909c=org.java_websocket.issues.Issue256Test.runReconnectScenario3_output_1591222434,1591223334,1591222761,573
isolation-runs-surefire-combined,JON_106-iso-more-runs_p1_r100_t518400_6M_3d_17h_13m_52s_tootallnate.java-websocket-fa3909c=org.java_websocket.issues.Issue256Test.runReconnectScenario4_output_1591222434,1591223252,1591222741,511
isolation-runs-surefire-combined,JON_106-iso-more-runs_p1_r100_t518400_6M_3d_17h_13m_52s_tootallnate.java-websocket-fa3909c=org.java_websocket.issues.Issue256Test.runReconnectScenario5_output_1591222434,1591223297,1591222753,544
isolation-runs-surefire-combined,JON_106-iso-more-runs_p1_r100_t518400_6M_3d_17h_13m_52s_tootallnate.java-websocket-fa3909c=org.java_websocket.issues.Issue256Test.runReconnectScenario6_output_1591222434,1591223254,1591222750,504
isolation-runs-surefire-combined,JON_106-iso-more-runs_p1_r100_t518400_6M_3d_17h_13m_52s_tootallnate.java-websocket-fa3909c=org.java_websocket.issues.Issue256Test.runReconnectScenario7_output_1591222434,1591223235,1591222801,434
isolation-runs-surefire-combined,JON_106-iso-more-runs_p1_r100_t518400_6M_3d_17h_13m_52s_tootallnate.java-websocket-fa3909c=org.java_websocket.issues.Issue256Test.runReconnectScenario8_output_1591222434,1591223276,1591222772,504
isolation-runs-surefire-combined,JON_106-iso-more-runs_p1_r100_t518400_6M_3d_17h_13m_52s_tootallnate.java-websocket-fa3909c=org.java_websocket.issues.Issue256Test.runReconnectScenario9_output_1591222434,1591223300,1591222786,514
isolation-runs-surefire-combined,JON_106-iso-more-runs_p1_r100_t518400_6M_3d_17h_13m_52s_tootallnate.java-websocket-fa3909c=org.java_websocket.issues.Issue580Test.runNoCloseBlockingTestScenario0_output_1591222434,1591223201,1591222756,445
isolation-runs-surefire-combined,JON_106-iso-more-runs_p1_r100_t518400_6M_3d_17h_13m_52s_tootallnate.java-websocket-fa3909c=org.java_websocket.issues.Issue580Test.runNoCloseBlockingTestScenario3_output_1591222434,1591223194,1591222767,427
isolation-runs-surefire-combined,JON_106-iso-more-runs_p1_r100_t518400_6M_3d_17h_13m_52s_tootallnate.java-websocket-fa3909c=org.java_websocket.issues.Issue580Test.runNoCloseBlockingTestScenario4_output_1591222434,1591223156,1591222741,415
isolation-runs-surefire-combined,JON_106-iso-more-runs_p1_r100_t518400_6M_3d_17h_13m_52s_tootallnate.java-websocket-fa3909c=org.java_websocket.issues.Issue580Test.runNoCloseBlockingTestScenario6_output_1591222434,1591223252,1591222759,493
isolation-runs-surefire-combined,JON_106-iso-more-runs_p1_r100_t518400_6M_3d_17h_13m_52s_tootallnate.java-websocket-fa3909c=org.java_websocket.issues.Issue580Test.runNoCloseBlockingTestScenario8_output_1591222434,1591223199,1591222803,396
isolation-runs-surefire-combined,JON_106-iso-more-runs_p1_r100_t518400_6M_3d_17h_13m_52s_tootallnate.java-websocket-fa3909c=org.java_websocket.issues.Issue621Test.testIssue_output_1591222434,1591223240,1591222820,420
isolation-runs-surefire-combined,JON_106-iso-more-runs_p1_r100_t518400_6M_3d_17h_13m_52s_tootallnate.java-websocket-fa3909c=org.java_websocket.issues.Issue677Test.testIssue_output_1591222434,1591223222,1591222775,447
isolation-runs-surefire-combined,JON_106-iso-more-runs_p1_r100_t518400_6M_3d_17h_13m_52s_tootallnate.java-websocket-fa3909c=org.java_websocket.issues.Issue713Test.testIssue_output_1591222434,1591223220,1591222759,461
isolation-runs-surefire-combined,JON_106-iso-more-runs_p1_r100_t518400_6M_3d_17h_13m_52s_tootallnate.java-websocket-fa3909c=org.java_websocket.misc.OpeningHandshakeRejectionTest.testHandshakeRejectionTestCase0_output_1591222434,1591223290,1591222843,447
isolation-runs-surefire-combined,JON_106-iso-more-runs_p1_r100_t518400_6M_3d_17h_13m_52s_tootallnate.java-websocket-fa3909c=org.java_websocket.misc.OpeningHandshakeRejectionTest.testHandshakeRejectionTestCase10_output_1591222434,1591223173,1591222764,409
isolation-runs-surefire-combined,JON_106-iso-more-runs_p1_r100_t518400_6M_3d_17h_13m_52s_tootallnate.java-websocket-fa3909c=org.java_websocket.misc.OpeningHandshakeRejectionTest.testHandshakeRejectionTestCase11_output_1591222434,1591223228,1591222809,419
isolation-runs-surefire-combined,JON_106-iso-more-runs_p1_r100_t518400_6M_3d_17h_16m_52s_square.retrofit-ae28c3d=retrofit2.CallTest.cancelRequest_output_1591222615,1591223483,1591222829,654
isolation-runs-surefire-combined,JON_106-iso-more-runs_p1_r100_t518400_6M_3d_17h_13m_52s_tootallnate.java-websocket-fa3909c=org.java_websocket.protocols.ProtoclHandshakeRejectionTest.testHandshakeRejectionTestCase10_output_1591222434,1591223148,1591222744,404
isolation-runs-surefire-combined,JON_106-iso-more-runs_p1_r100_t518400_6M_3d_17h_13m_52s_wro4j.wro4j-185ab60=ro.isdc.wro.extensions.processor.support.sass.TestRubySassEngine.shouldProcessValidCss_output_1591222434,1591223734,1591222822,912
isolation-runs-surefire-combined,JON_106-iso-more-runs_p1_r100_t518400_6M_3d_17h_13m_52s_wro4j.wro4j-185ab60=ro.isdc.wro.extensions.processor.support.sass.TestRubySassEngine.shouldProcessValidNonAsciiSass_output_1591222434,1591223885,1591222814,1071
isolation-runs-surefire-combined,JON_106-iso-more-runs_p1_r100_t518400_6M_3d_17h_13m_52s_wro4j.wro4j-185ab60=ro.isdc.wro.extensions.processor.support.sass.TestRubySassEngine.shouldProcessValidSass_output_1591222434,1591223778,1591222820,958
isolation-runs-surefire-combined,JON_106-iso-more-runs_p1_r100_t518400_6M_3d_17h_13m_52s_wro4j.wro4j-185ab60=ro.isdc.wro.extensions.processor.TestBourbonCssProcessor.shouldBeThreadSafe_output_1591222434,1591224030,1591222811,1219
isolation-runs-surefire-combined,JON_106-iso-more-runs_p1_r100_t518400_6M_3d_17h_13m_52s_wro4j.wro4j-185ab60=ro.isdc.wro.extensions.processor.TestRubySassCssProcessor.executeMultipleTimesDoesntThrowOutOfMemoryException_output_1591222434,1591223917,1591222835,1082
isolation-runs-surefire-combined,JON_106-iso-more-runs_p1_r100_t518400_6M_3d_17h_13m_52s_wro4j.wro4j-185ab60=ro.isdc.wro.extensions.processor.TestRubySassCssProcessor.shouldBeThreadSafe_output_1591222434,1591224014,1591222820,1194
isolation-runs-surefire-combined,JON_106-iso-more-runs_p1_r100_t518400_6M_3d_17h_13m_52s_wro4j.wro4j-185ab60=ro.isdc.wro.extensions.processor.TestRubySassCssProcessor.shouldBeThreadSafeWhenInitializingProcessor_output_1591222434,1591223947,1591222831,1116
isolation-runs-surefire-combined,JON_106-iso-more-runs_p1_r100_t518400_6M_3d_17h_13m_52s_wro4j.wro4j-185ab60=ro.isdc.wro.extensions.processor.TestRubySassCssProcessor.shouldSucceedAfterAFailure_output_1591222434,1591223919,1591222845,1074
isolation-runs-surefire-combined,JON_106-iso-more-runs_p1_r100_t518400_6M_3d_17h_13m_52s_wro4j.wro4j-185ab60=ro.isdc.wro.extensions.processor.TestRubySassCssProcessor.shouldTestFromFolder_output_1591222434,1591223904,1591222817,1087
isolation-runs-surefire-combined,JON_106-iso-more-runs_p1_r100_t518400_6M_3d_17h_13m_52s_wso2.carbon-apimgt-a82213e=org.wso2.carbon.apimgt.throttling.siddhi.extension.ThrottleTimeBatchWindowTestCase.throttleTimeWindowBatchTest2_output_1591222434,1591224828,1591222834,1994
isolation-runs-surefire-combined,JON_106-iso-more-runs_p1_r100_t518400_6M_3d_17h_16m_52s_orbit.orbit-c4904af=cloud.orbit.actors.extensions.test.LengthFieldHandlerTest.randomMessages_output_1591222615,1591223253,1591222822,431
isolation-runs-surefire-combined,JON_106-iso-more-runs_p1_r100_t518400_6M_3d_17h_16m_52s_oryxproject.oryx-72ae4bb=com.cloudera.oryx.common.io.IOUtilsTest.testDistinctFreePorts_output_1591222615,1591223379,1591222834,545
isolation-runs-surefire-combined,JON_106-iso-more-runs_p1_r100_t518400_6M_3d_17h_16m_52s_spinn3r.noxy-d53a494=com.spinn3r.noxy.discovery.zookeeper.ZKTest.testBulkClusterJoining_output_1591222615,1591231608,1591222834,8774
isolation-runs-surefire-combined,JON_106-iso-more-runs_p1_r100_t518400_6M_3d_17h_16m_52s_spinn3r.noxy-d53a494=com.spinn3r.noxy.discovery.zookeeper.ZKTest.testDiscoveryListener_output_1591222615,1591223440,1591222850,590
isolation-runs-surefire-combined,JON_106-iso-more-runs_p1_r100_t518400_6M_3d_17h_16m_52s_spinn3r.noxy-d53a494=com.spinn3r.noxy.discovery.zookeeper.ZKTest.testMembershipJoinAndLeave_output_1591222615,1591223440,1591222850,590
isolation-runs-surefire-combined,JON_106-iso-more-runs_p1_r100_t518400_6M_3d_17h_16m_52s_square.retrofit-ae28c3d=retrofit2.adapter.rxjava.CompletableThrowingSafeSubscriberTest.throwingInOnCompleteDeliveredToPlugin_output_1591222615,1591223193,1591222859,334
isolation-runs-surefire-combined,JON_106-iso-more-runs_p1_r100_t518400_6M_3d_17h_16m_52s_square.retrofit-ae28c3d=retrofit2.adapter.rxjava.CompletableThrowingTest.throwingInOnCompleteDeliveredToPlugin_output_1591222615,1591223144,1591222856,288
isolation-runs-surefire-combined,JON_106-iso-more-runs_p1_r100_t518400_6M_3d_17h_16m_52s_square.retrofit-ae28c3d=retrofit2.adapter.rxjava.SingleThrowingTest.bodyThrowingInOnSuccessDeliveredToPlugin_output_1591222615,1591223241,1591222861,380
isolation-runs-surefire-combined,JON_106-iso-more-runs_p1_r100_t518400_6M_3d_17h_16m_52s_square.retrofit-ae28c3d=retrofit2.adapter.rxjava.SingleThrowingTest.responseThrowingInOnErrorDeliveredToPlugin_output_1591222615,1591223148,1591222865,283
isolation-runs-surefire-combined,JON_106-iso-more-runs_p1_r100_t518400_6M_3d_17h_16m_52s_tootallnate.java-websocket-fa3909c=org.java_websocket.issues.Issue256Test.runReconnectScenario0_output_1591222615,1591223361,1591222887,474
isolation-runs-surefire-combined,JON_106-iso-more-runs_p1_r100_t518400_6M_3d_17h_16m_52s_square.retrofit-ae28c3d=retrofit2.adapter.rxjava.SingleThrowingTest.responseThrowingInOnSuccessDeliveredToPlugin_output_1591222615,1591223194,1591222864,330
isolation-runs-surefire-combined,JON_106-iso-more-runs_p1_r100_t518400_6M_3d_17h_16m_52s_tootallnate.java-websocket-fa3909c=org.java_websocket.issues.Issue256Test.runReconnectBlockingScenario0_output_1591222615,1591223265,1591222868,397
isolation-runs-surefire-combined,JON_106-iso-more-runs_p1_r100_t518400_6M_3d_17h_16m_52s_tootallnate.java-websocket-fa3909c=org.java_websocket.issues.Issue256Test.runReconnectBlockingScenario1_output_1591222615,1591223285,1591222873,412
isolation-runs-surefire-combined,JON_106-iso-more-runs_p1_r100_t518400_6M_3d_17h_16m_52s_tootallnate.java-websocket-fa3909c=org.java_websocket.issues.Issue256Test.runReconnectBlockingScenario2_output_1591222615,1591223272,1591222889,383
isolation-runs-surefire-combined,JON_106-iso-more-runs_p1_r100_t518400_6M_3d_17h_16m_52s_tootallnate.java-websocket-fa3909c=org.java_websocket.issues.Issue256Test.runReconnectBlockingScenario3_output_1591222615,1591223298,1591222879,419
isolation-runs-surefire-combined,JON_106-iso-more-runs_p1_r100_t518400_6M_3d_17h_16m_52s_tootallnate.java-websocket-fa3909c=org.java_websocket.issues.Issue256Test.runReconnectBlockingScenario4_output_1591222615,1591223305,1591222897,408
isolation-runs-surefire-combined,JON_106-iso-more-runs_p1_r100_t518400_6M_3d_17h_16m_52s_tootallnate.java-websocket-fa3909c=org.java_websocket.issues.Issue256Test.runReconnectBlockingScenario5_output_1591222615,1591223284,1591222887,397
isolation-runs-surefire-combined,JON_106-iso-more-runs_p1_r100_t518400_6M_3d_17h_16m_52s_tootallnate.java-websocket-fa3909c=org.java_websocket.issues.Issue256Test.runReconnectBlockingScenario6_output_1591222615,1591223228,1591222865,363
isolation-runs-surefire-combined,JON_106-iso-more-runs_p1_r100_t518400_6M_3d_17h_16m_52s_tootallnate.java-websocket-fa3909c=org.java_websocket.issues.Issue256Test.runReconnectBlockingScenario7_output_1591222615,1591223258,1591222884,374
isolation-runs-surefire-combined,JON_106-iso-more-runs_p1_r100_t518400_6M_3d_17h_16m_52s_tootallnate.java-websocket-fa3909c=org.java_websocket.issues.Issue256Test.runReconnectBlockingScenario8_output_1591222615,1591223210,1591222868,342
isolation-runs-surefire-combined,JON_106-iso-more-runs_p1_r100_t518400_6M_3d_17h_16m_52s_tootallnate.java-websocket-fa3909c=org.java_websocket.issues.Issue256Test.runReconnectBlockingScenario9_output_1591222615,1591223281,1591222873,408
isolation-runs-surefire-combined,JON_106-iso-more-runs_p1_r100_t518400_6M_3d_17h_16m_52s_tootallnate.java-websocket-fa3909c=org.java_websocket.issues.Issue256Test.runReconnectScenario1_output_1591222615,1591223368,1591222926,442
isolation-runs-surefire-combined,JON_106-iso-more-runs_p1_r100_t518400_6M_3d_17h_16m_52s_tootallnate.java-websocket-fa3909c=org.java_websocket.issues.Issue256Test.runReconnectScenario2_output_1591222615,1591223319,1591222881,438
isolation-runs-surefire-combined,JON_106-iso-more-runs_p1_r100_t518400_6M_3d_17h_16m_52s_tootallnate.java-websocket-fa3909c=org.java_websocket.issues.Issue256Test.runReconnectScenario3_output_1591222615,1591223299,1591222887,412
isolation-runs-surefire-combined,JON_106-iso-more-runs_p1_r100_t518400_6M_3d_17h_16m_52s_tootallnate.java-websocket-fa3909c=org.java_websocket.issues.Issue256Test.runReconnectScenario4_output_1591222615,1591223246,1591222865,381
isolation-runs-surefire-combined,JON_106-iso-more-runs_p1_r100_t518400_6M_3d_17h_16m_52s_tootallnate.java-websocket-fa3909c=org.java_websocket.issues.Issue256Test.runReconnectScenario5_output_1591222615,1591223299,1591222876,423
isolation-runs-surefire-combined,JON_106-iso-more-runs_p1_r100_t518400_6M_3d_17h_16m_52s_tootallnate.java-websocket-fa3909c=org.java_websocket.issues.Issue256Test.runReconnectScenario6_output_1591222615,1591223341,1591222876,465
isolation-runs-surefire-combined,JON_106-iso-more-runs_p1_r100_t518400_6M_3d_17h_16m_52s_tootallnate.java-websocket-fa3909c=org.java_websocket.issues.Issue256Test.runReconnectScenario7_output_1591222615,1591223433,1591222939,494
isolation-runs-surefire-combined,JON_106-iso-more-runs_p1_r100_t518400_6M_3d_17h_16m_52s_tootallnate.java-websocket-fa3909c=org.java_websocket.issues.Issue256Test.runReconnectScenario8_output_1591222615,1591223387,1591222887,500
isolation-runs-surefire-combined,JON_106-iso-more-runs_p1_r100_t518400_6M_3d_17h_16m_52s_tootallnate.java-websocket-fa3909c=org.java_websocket.issues.Issue256Test.runReconnectScenario9_output_1591222615,1591223366,1591222892,474
isolation-runs-surefire-combined,JON_106-iso-more-runs_p1_r100_t518400_6M_3d_17h_16m_52s_tootallnate.java-websocket-fa3909c=org.java_websocket.issues.Issue580Test.runNoCloseBlockingTestScenario0_output_1591222615,1591223241,1591222870,371
isolation-runs-surefire-combined,JON_106-iso-more-runs_p1_r100_t518400_6M_3d_17h_16m_52s_tootallnate.java-websocket-fa3909c=org.java_websocket.issues.Issue580Test.runNoCloseBlockingTestScenario3_output_1591222615,1591223291,1591222876,415
isolation-runs-surefire-combined,JON_106-iso-more-runs_p1_r100_t518400_6M_3d_17h_16m_52s_tootallnate.java-websocket-fa3909c=org.java_websocket.issues.Issue580Test.runNoCloseBlockingTestScenario4_output_1591222615,1591223205,1591222870,335
isolation-runs-surefire-combined,JON_106-iso-more-runs_p1_r100_t518400_6M_3d_17h_16m_52s_tootallnate.java-websocket-fa3909c=org.java_websocket.issues.Issue580Test.runNoCloseBlockingTestScenario6_output_1591222615,1591223208,1591222870,338
isolation-runs-surefire-combined,JON_106-iso-more-runs_p1_r100_t518400_6M_3d_17h_16m_52s_tootallnate.java-websocket-fa3909c=org.java_websocket.issues.Issue580Test.runNoCloseBlockingTestScenario8_output_1591222615,1591223252,1591222887,365
isolation-runs-surefire-combined,JON_106-iso-more-runs_p1_r100_t518400_6M_3d_17h_16m_52s_tootallnate.java-websocket-fa3909c=org.java_websocket.issues.Issue621Test.testIssue_output_1591222615,1591223294,1591222889,405
isolation-runs-surefire-combined,JON_106-iso-more-runs_p1_r100_t518400_6M_3d_17h_16m_52s_tootallnate.java-websocket-fa3909c=org.java_websocket.issues.Issue677Test.testIssue_output_1591222615,1591223310,1591222923,387
isolation-runs-surefire-combined,JON_106-iso-more-runs_p1_r100_t518400_6M_3d_17h_16m_52s_tootallnate.java-websocket-fa3909c=org.java_websocket.issues.Issue713Test.testIssue_output_1591222615,1591223291,1591222868,423
isolation-runs-surefire-combined,JON_106-iso-more-runs_p1_r100_t518400_6M_3d_17h_16m_52s_tootallnate.java-websocket-fa3909c=org.java_websocket.misc.OpeningHandshakeRejectionTest.testHandshakeRejectionTestCase0_output_1591222615,1591223269,1591222889,380
isolation-runs-surefire-combined,JON_106-iso-more-runs_p1_r100_t518400_6M_3d_17h_16m_52s_tootallnate.java-websocket-fa3909c=org.java_websocket.misc.OpeningHandshakeRejectionTest.testHandshakeRejectionTestCase10_output_1591222615,1591223184,1591222870,314
isolation-runs-surefire-combined,JON_106-iso-more-runs_p1_r100_t518400_6M_3d_17h_16m_52s_tootallnate.java-websocket-fa3909c=org.java_websocket.misc.OpeningHandshakeRejectionTest.testHandshakeRejectionTestCase11_output_1591222615,1591223270,1591222939,331
isolation-runs-surefire-combined,JON_106-iso-more-runs_p1_r100_t518400_6M_3d_17h_16m_52s_tootallnate.java-websocket-fa3909c=org.java_websocket.protocols.ProtoclHandshakeRejectionTest.testHandshakeRejectionTestCase10_output_1591222615,1591223273,1591222884,389
isolation-runs-surefire-combined,JON_106-iso-more-runs_p1_r100_t518400_6M_3d_17h_16m_52s_wro4j.wro4j-185ab60=ro.isdc.wro.extensions.processor.support.sass.TestRubySassEngine.shouldProcessValidCss_output_1591222615,1591223842,1591222889,953
isolation-runs-surefire-combined,JON_106-iso-more-runs_p1_r100_t518400_6M_3d_17h_16m_52s_wro4j.wro4j-185ab60=ro.isdc.wro.extensions.processor.support.sass.TestRubySassEngine.shouldProcessValidNonAsciiSass_output_1591222615,1591223908,1591222889,1019
isolation-runs-surefire-combined,JON_106-iso-more-runs_p1_r100_t518400_6M_3d_17h_16m_52s_wro4j.wro4j-185ab60=ro.isdc.wro.extensions.processor.support.sass.TestRubySassEngine.shouldProcessValidSass_output_1591222615,1591223831,1591222892,939
isolation-runs-surefire-combined,JON_106-iso-more-runs_p1_r100_t518400_6M_3d_17h_16m_52s_wro4j.wro4j-185ab60=ro.isdc.wro.extensions.processor.TestBourbonCssProcessor.shouldBeThreadSafe_output_1591222615,1591223987,1591222889,1098
isolation-runs-surefire-combined,JON_106-iso-more-runs_p1_r100_t518400_6M_3d_17h_16m_52s_wro4j.wro4j-185ab60=ro.isdc.wro.extensions.processor.TestRubySassCssProcessor.executeMultipleTimesDoesntThrowOutOfMemoryException_output_1591222615,1591223916,1591222926,990
isolation-runs-surefire-combined,JON_106-iso-more-runs_p1_r100_t518400_6M_3d_17h_16m_52s_wro4j.wro4j-185ab60=ro.isdc.wro.extensions.processor.TestRubySassCssProcessor.shouldBeThreadSafe_output_1591222615,1591223887,1591222934,953
isolation-runs-surefire-combined,JON_106-iso-more-runs_p1_r100_t518400_6M_3d_17h_16m_52s_wro4j.wro4j-185ab60=ro.isdc.wro.extensions.processor.TestRubySassCssProcessor.shouldBeThreadSafeWhenInitializingProcessor_output_1591222615,1591223836,1591222892,944
isolation-runs-surefire-combined,JON_106-iso-more-runs_p1_r100_t518400_6M_3d_17h_16m_52s_wro4j.wro4j-185ab60=ro.isdc.wro.extensions.processor.TestRubySassCssProcessor.shouldSucceedAfterAFailure_output_1591222615,1591223839,1591222889,950
isolation-runs-surefire-combined,JON_106-iso-more-runs_p1_r100_t518400_6M_3d_17h_16m_52s_wro4j.wro4j-185ab60=ro.isdc.wro.extensions.processor.TestRubySassCssProcessor.shouldTestFromFolder_output_1591222615,1591223790,1591222928,862
isolation-runs-surefire-combined,JON_106-iso-more-runs_p1_r100_t518400_6M_3d_17h_19m_52s_orbit.orbit-c4904af=cloud.orbit.actors.extensions.test.LengthFieldHandlerTest.randomMessages_output_1591222795,1591223548,1591223041,507
isolation-runs-surefire-combined,JON_106-iso-more-runs_p1_r100_t518400_6M_3d_17h_16m_52s_wso2.carbon-apimgt-a82213e=org.wso2.carbon.apimgt.throttling.siddhi.extension.ThrottleTimeBatchWindowTestCase.throttleTimeWindowBatchTest2_output_1591222615,1591224826,1591222939,1887
isolation-runs-surefire-combined,JON_106-iso-more-runs_p1_r100_t518400_6M_3d_17h_19m_52s_oryxproject.oryx-72ae4bb=com.cloudera.oryx.common.io.IOUtilsTest.testDistinctFreePorts_output_1591222795,1591223642,1591223060,582
isolation-runs-surefire-combined,JON_106-iso-more-runs_p1_r100_t518400_6M_3d_17h_19m_52s_spinn3r.noxy-d53a494=com.spinn3r.noxy.discovery.zookeeper.ZKTest.testBulkClusterJoining_output_1591222795,1591233081,1591223083,9998
isolation-runs-surefire-combined,JON_106-iso-more-runs_p1_r100_t518400_6M_3d_17h_19m_52s_spinn3r.noxy-d53a494=com.spinn3r.noxy.discovery.zookeeper.ZKTest.testDiscoveryListener_output_1591222795,1591223703,1591223083,620
isolation-runs-surefire-combined,JON_106-iso-more-runs_p1_r100_t518400_6M_3d_17h_19m_52s_spinn3r.noxy-d53a494=com.spinn3r.noxy.discovery.zookeeper.ZKTest.testMembershipJoinAndLeave_output_1591222795,1591223724,1591223063,661
isolation-runs-surefire-combined,JON_106-iso-more-runs_p1_r100_t518400_6M_3d_17h_19m_52s_square.retrofit-ae28c3d=retrofit2.adapter.rxjava.CompletableThrowingSafeSubscriberTest.throwingInOnCompleteDeliveredToPlugin_output_1591222795,1591223429,1591223094,335
isolation-runs-surefire-combined,JON_106-iso-more-runs_p1_r100_t518400_6M_3d_17h_19m_52s_square.retrofit-ae28c3d=retrofit2.adapter.rxjava.CompletableThrowingTest.throwingInOnCompleteDeliveredToPlugin_output_1591222795,1591223425,1591223086,339
isolation-runs-surefire-combined,JON_106-iso-more-runs_p1_r100_t518400_6M_3d_17h_19m_52s_square.retrofit-ae28c3d=retrofit2.adapter.rxjava.SingleThrowingTest.bodyThrowingInOnSuccessDeliveredToPlugin_output_1591222795,1591223398,1591223078,320
isolation-runs-surefire-combined,JON_106-iso-more-runs_p1_r100_t518400_6M_3d_17h_19m_52s_square.retrofit-ae28c3d=retrofit2.adapter.rxjava.SingleThrowingTest.responseThrowingInOnErrorDeliveredToPlugin_output_1591222795,1591223446,1591223094,352
isolation-runs-surefire-combined,JON_106-iso-more-runs_p1_r100_t518400_6M_3d_17h_19m_52s_square.retrofit-ae28c3d=retrofit2.adapter.rxjava.SingleThrowingTest.responseThrowingInOnSuccessDeliveredToPlugin_output_1591222795,1591223478,1591223078,400
isolation-runs-surefire-combined,JON_106-iso-more-runs_p1_r100_t518400_6M_3d_17h_19m_52s_square.retrofit-ae28c3d=retrofit2.CallTest.cancelRequest_output_1591222795,1591223708,1591223089,619
isolation-runs-surefire-combined,JON_106-iso-more-runs_p1_r100_t518400_6M_3d_17h_19m_52s_tootallnate.java-websocket-fa3909c=org.java_websocket.issues.Issue256Test.runReconnectBlockingScenario0_output_1591222795,1591223540,1591223128,412
isolation-runs-surefire-combined,JON_106-iso-more-runs_p1_r100_t518400_6M_3d_17h_19m_52s_tootallnate.java-websocket-fa3909c=org.java_websocket.issues.Issue256Test.runReconnectBlockingScenario1_output_1591222795,1591223610,1591223176,434
isolation-runs-surefire-combined,JON_106-iso-more-runs_p1_r100_t518400_6M_3d_17h_19m_52s_tootallnate.java-websocket-fa3909c=org.java_websocket.issues.Issue256Test.runReconnectBlockingScenario2_output_1591222795,1591223592,1591223182,410
isolation-runs-surefire-combined,JON_106-iso-more-runs_p1_r100_t518400_6M_3d_17h_19m_52s_tootallnate.java-websocket-fa3909c=org.java_websocket.issues.Issue256Test.runReconnectBlockingScenario3_output_1591222795,1591223560,1591223176,384
isolation-runs-surefire-combined,JON_106-iso-more-runs_p1_r100_t518400_6M_3d_17h_19m_52s_tootallnate.java-websocket-fa3909c=org.java_websocket.issues.Issue256Test.runReconnectBlockingScenario4_output_1591222795,1591223516,1591223182,334
isolation-runs-surefire-combined,JON_106-iso-more-runs_p1_r100_t518400_6M_3d_17h_19m_52s_tootallnate.java-websocket-fa3909c=org.java_websocket.issues.Issue256Test.runReconnectBlockingScenario5_output_1591222795,1591223612,1591223198,414
isolation-runs-surefire-combined,JON_106-iso-more-runs_p1_r100_t518400_6M_3d_17h_19m_52s_tootallnate.java-websocket-fa3909c=org.java_websocket.issues.Issue256Test.runReconnectBlockingScenario6_output_1591222795,1591223531,1591223120,411
isolation-runs-surefire-combined,JON_106-iso-more-runs_p1_r100_t518400_6M_3d_17h_19m_52s_tootallnate.java-websocket-fa3909c=org.java_websocket.issues.Issue256Test.runReconnectBlockingScenario7_output_1591222795,1591223517,1591223145,372
isolation-runs-surefire-combined,JON_106-iso-more-runs_p1_r100_t518400_6M_3d_17h_19m_52s_tootallnate.java-websocket-fa3909c=org.java_websocket.issues.Issue256Test.runReconnectBlockingScenario8_output_1591222795,1591223569,1591223153,416
isolation-runs-surefire-combined,JON_106-iso-more-runs_p1_r100_t518400_6M_3d_17h_19m_52s_tootallnate.java-websocket-fa3909c=org.java_websocket.issues.Issue256Test.runReconnectBlockingScenario9_output_1591222795,1591223573,1591223179,394
isolation-runs-surefire-combined,JON_106-iso-more-runs_p1_r100_t518400_6M_3d_17h_19m_52s_tootallnate.java-websocket-fa3909c=org.java_websocket.issues.Issue256Test.runReconnectScenario0_output_1591222795,1591223678,1591223184,494
isolation-runs-surefire-combined,JON_106-iso-more-runs_p1_r100_t518400_6M_3d_17h_19m_52s_tootallnate.java-websocket-fa3909c=org.java_websocket.issues.Issue256Test.runReconnectScenario1_output_1591222795,1591223674,1591223182,492
isolation-runs-surefire-combined,JON_106-iso-more-runs_p1_r100_t518400_6M_3d_17h_19m_52s_tootallnate.java-websocket-fa3909c=org.java_websocket.issues.Issue256Test.runReconnectScenario2_output_1591222795,1591223700,1591223179,521
isolation-runs-surefire-combined,JON_106-iso-more-runs_p1_r100_t518400_6M_3d_17h_19m_52s_tootallnate.java-websocket-fa3909c=org.java_websocket.issues.Issue256Test.runReconnectScenario3_output_1591222795,1591223696,1591223176,520
isolation-runs-surefire-combined,JON_106-iso-more-runs_p1_r100_t518400_6M_3d_17h_19m_52s_tootallnate.java-websocket-fa3909c=org.java_websocket.issues.Issue256Test.runReconnectScenario4_output_1591222795,1591223519,1591223117,402
isolation-runs-surefire-combined,JON_106-iso-more-runs_p1_r100_t518400_6M_3d_17h_19m_52s_tootallnate.java-websocket-fa3909c=org.java_websocket.issues.Issue256Test.runReconnectScenario5_output_1591222795,1591223587,1591223176,411
isolation-runs-surefire-combined,JON_106-iso-more-runs_p1_r100_t518400_6M_3d_17h_19m_52s_tootallnate.java-websocket-fa3909c=org.java_websocket.issues.Issue256Test.runReconnectScenario6_output_1591222795,1591223542,1591223078,464
isolation-runs-surefire-combined,JON_106-iso-more-runs_p1_r100_t518400_6M_3d_17h_19m_52s_tootallnate.java-websocket-fa3909c=org.java_websocket.issues.Issue256Test.runReconnectScenario7_output_1591222795,1591223594,1591223182,412
isolation-runs-surefire-combined,JON_106-iso-more-runs_p1_r100_t518400_6M_3d_17h_19m_52s_tootallnate.java-websocket-fa3909c=org.java_websocket.issues.Issue256Test.runReconnectScenario8_output_1591222795,1591223644,1591223182,462
isolation-runs-surefire-combined,JON_106-iso-more-runs_p1_r100_t518400_6M_3d_17h_19m_52s_tootallnate.java-websocket-fa3909c=org.java_websocket.issues.Issue256Test.runReconnectScenario9_output_1591222795,1591223598,1591223179,419
isolation-runs-surefire-combined,JON_106-iso-more-runs_p1_r100_t518400_6M_3d_17h_19m_52s_tootallnate.java-websocket-fa3909c=org.java_websocket.issues.Issue580Test.runNoCloseBlockingTestScenario0_output_1591222795,1591223596,1591223176,420
isolation-runs-surefire-combined,JON_106-iso-more-runs_p1_r100_t518400_6M_3d_17h_19m_52s_tootallnate.java-websocket-fa3909c=org.java_websocket.issues.Issue580Test.runNoCloseBlockingTestScenario3_output_1591222795,1591223578,1591223171,407
isolation-runs-surefire-combined,JON_106-iso-more-runs_p1_r100_t518400_6M_3d_17h_19m_52s_tootallnate.java-websocket-fa3909c=org.java_websocket.issues.Issue580Test.runNoCloseBlockingTestScenario4_output_1591222795,1591223528,1591223125,403
isolation-runs-surefire-combined,JON_106-iso-more-runs_p1_r100_t518400_6M_3d_17h_19m_52s_tootallnate.java-websocket-fa3909c=org.java_websocket.issues.Issue580Test.runNoCloseBlockingTestScenario6_output_1591222795,1591223565,1591223080,485
isolation-runs-surefire-combined,JON_106-iso-more-runs_p1_r100_t518400_6M_3d_17h_19m_52s_tootallnate.java-websocket-fa3909c=org.java_websocket.issues.Issue580Test.runNoCloseBlockingTestScenario8_output_1591222795,1591223518,1591223182,336
isolation-runs-surefire-combined,JON_106-iso-more-runs_p1_r100_t518400_6M_3d_17h_19m_52s_tootallnate.java-websocket-fa3909c=org.java_websocket.issues.Issue621Test.testIssue_output_1591222795,1591223583,1591223184,399
isolation-runs-surefire-combined,JON_106-iso-more-runs_p1_r100_t518400_6M_3d_17h_19m_52s_tootallnate.java-websocket-fa3909c=org.java_websocket.issues.Issue677Test.testIssue_output_1591222795,1591223510,1591223182,328
isolation-runs-surefire-combined,JON_106-iso-more-runs_p1_r100_t518400_6M_3d_17h_19m_52s_tootallnate.java-websocket-fa3909c=org.java_websocket.issues.Issue713Test.testIssue_output_1591222795,1591223539,1591223176,363
isolation-runs-surefire-combined,JON_106-iso-more-runs_p1_r100_t518400_6M_3d_17h_19m_52s_tootallnate.java-websocket-fa3909c=org.java_websocket.misc.OpeningHandshakeRejectionTest.testHandshakeRejectionTestCase0_output_1591222795,1591223519,1591223182,337
isolation-runs-surefire-combined,JON_106-iso-more-runs_p1_r100_t518400_6M_3d_17h_19m_52s_tootallnate.java-websocket-fa3909c=org.java_websocket.misc.OpeningHandshakeRejectionTest.testHandshakeRejectionTestCase10_output_1591222795,1591223523,1591223176,347
isolation-runs-surefire-combined,JON_106-iso-more-runs_p1_r100_t518400_6M_3d_17h_19m_52s_tootallnate.java-websocket-fa3909c=org.java_websocket.misc.OpeningHandshakeRejectionTest.testHandshakeRejectionTestCase11_output_1591222795,1591223577,1591223184,393
isolation-runs-surefire-combined,JON_106-iso-more-runs_p1_r100_t518400_6M_3d_17h_22m_52s_square.retrofit-ae28c3d=retrofit2.CallTest.cancelRequest_output_1591222974,1591223830,1591223258,572
isolation-runs-surefire-combined,JON_106-iso-more-runs_p1_r100_t518400_6M_3d_17h_19m_52s_tootallnate.java-websocket-fa3909c=org.java_websocket.protocols.ProtoclHandshakeRejectionTest.testHandshakeRejectionTestCase10_output_1591222795,1591223517,1591223125,392
isolation-runs-surefire-combined,JON_106-iso-more-runs_p1_r100_t518400_6M_3d_17h_19m_52s_wro4j.wro4j-185ab60=ro.isdc.wro.extensions.processor.support.sass.TestRubySassEngine.shouldProcessValidCss_output_1591222795,1591224020,1591223190,830
isolation-runs-surefire-combined,JON_106-iso-more-runs_p1_r100_t518400_6M_3d_17h_19m_52s_wro4j.wro4j-185ab60=ro.isdc.wro.extensions.processor.support.sass.TestRubySassEngine.shouldProcessValidNonAsciiSass_output_1591222795,1591224102,1591223184,918
isolation-runs-surefire-combined,JON_106-iso-more-runs_p1_r100_t518400_6M_3d_17h_19m_52s_wro4j.wro4j-185ab60=ro.isdc.wro.extensions.processor.support.sass.TestRubySassEngine.shouldProcessValidSass_output_1591222795,1591224189,1591223190,999
isolation-runs-surefire-combined,JON_106-iso-more-runs_p1_r100_t518400_6M_3d_17h_19m_52s_wro4j.wro4j-185ab60=ro.isdc.wro.extensions.processor.TestBourbonCssProcessor.shouldBeThreadSafe_output_1591222795,1591224156,1591223187,969
isolation-runs-surefire-combined,JON_106-iso-more-runs_p1_r100_t518400_6M_3d_17h_19m_52s_wro4j.wro4j-185ab60=ro.isdc.wro.extensions.processor.TestRubySassCssProcessor.executeMultipleTimesDoesntThrowOutOfMemoryException_output_1591222795,1591224087,1591223196,891
isolation-runs-surefire-combined,JON_106-iso-more-runs_p1_r100_t518400_6M_3d_17h_19m_52s_wro4j.wro4j-185ab60=ro.isdc.wro.extensions.processor.TestRubySassCssProcessor.shouldBeThreadSafe_output_1591222795,1591224278,1591223184,1094
isolation-runs-surefire-combined,JON_106-iso-more-runs_p1_r100_t518400_6M_3d_17h_19m_52s_wro4j.wro4j-185ab60=ro.isdc.wro.extensions.processor.TestRubySassCssProcessor.shouldBeThreadSafeWhenInitializingProcessor_output_1591222795,1591224175,1591223083,1092
isolation-runs-surefire-combined,JON_106-iso-more-runs_p1_r100_t518400_6M_3d_17h_19m_52s_wro4j.wro4j-185ab60=ro.isdc.wro.extensions.processor.TestRubySassCssProcessor.shouldSucceedAfterAFailure_output_1591222795,1591224127,1591223190,937
isolation-runs-surefire-combined,JON_106-iso-more-runs_p1_r100_t518400_6M_3d_17h_19m_52s_wro4j.wro4j-185ab60=ro.isdc.wro.extensions.processor.TestRubySassCssProcessor.shouldTestFromFolder_output_1591222795,1591224132,1591223083,1049
isolation-runs-surefire-combined,JON_106-iso-more-runs_p1_r100_t518400_6M_3d_17h_19m_52s_wso2.carbon-apimgt-a82213e=org.wso2.carbon.apimgt.throttling.siddhi.extension.ThrottleTimeBatchWindowTestCase.throttleTimeWindowBatchTest2_output_1591222795,1591225017,1591223198,1819
isolation-runs-surefire-combined,JON_106-iso-more-runs_p1_r100_t518400_6M_3d_17h_22m_52s_orbit.orbit-c4904af=cloud.orbit.actors.extensions.test.LengthFieldHandlerTest.randomMessages_output_1591222974,1591223699,1591223193,506
isolation-runs-surefire-combined,JON_106-iso-more-runs_p1_r100_t518400_6M_3d_17h_22m_52s_oryxproject.oryx-72ae4bb=com.cloudera.oryx.common.io.IOUtilsTest.testDistinctFreePorts_output_1591222974,1591223759,1591223209,550
isolation-runs-surefire-combined,JON_106-iso-more-runs_p1_r100_t518400_6M_3d_17h_22m_52s_spinn3r.noxy-d53a494=com.spinn3r.noxy.discovery.zookeeper.ZKTest.testBulkClusterJoining_output_1591222974,1591236004,1591223204,12800
isolation-runs-surefire-combined,JON_106-iso-more-runs_p1_r100_t518400_6M_3d_17h_22m_52s_spinn3r.noxy-d53a494=com.spinn3r.noxy.discovery.zookeeper.ZKTest.testDiscoveryListener_output_1591222974,1591223830,1591223255,575
isolation-runs-surefire-combined,JON_106-iso-more-runs_p1_r100_t518400_6M_3d_17h_22m_52s_spinn3r.noxy-d53a494=com.spinn3r.noxy.discovery.zookeeper.ZKTest.testMembershipJoinAndLeave_output_1591222974,1591223794,1591223247,547
isolation-runs-surefire-combined,JON_106-iso-more-runs_p1_r100_t518400_6M_3d_17h_22m_52s_square.retrofit-ae28c3d=retrofit2.adapter.rxjava.CompletableThrowingSafeSubscriberTest.throwingInOnCompleteDeliveredToPlugin_output_1591222974,1591223543,1591223258,285
isolation-runs-surefire-combined,JON_106-iso-more-runs_p1_r100_t518400_6M_3d_17h_22m_52s_square.retrofit-ae28c3d=retrofit2.adapter.rxjava.CompletableThrowingTest.throwingInOnCompleteDeliveredToPlugin_output_1591222974,1591223546,1591223258,288
isolation-runs-surefire-combined,JON_106-iso-more-runs_p1_r100_t518400_6M_3d_17h_22m_52s_square.retrofit-ae28c3d=retrofit2.adapter.rxjava.SingleThrowingTest.bodyThrowingInOnSuccessDeliveredToPlugin_output_1591222974,1591223612,1591223224,388
isolation-runs-surefire-combined,JON_106-iso-more-runs_p1_r100_t518400_6M_3d_17h_22m_52s_square.retrofit-ae28c3d=retrofit2.adapter.rxjava.SingleThrowingTest.responseThrowingInOnErrorDeliveredToPlugin_output_1591222974,1591223583,1591223209,374
isolation-runs-surefire-combined,JON_106-iso-more-runs_p1_r100_t518400_6M_3d_17h_22m_52s_tootallnate.java-websocket-fa3909c=org.java_websocket.issues.Issue256Test.runReconnectScenario0_output_1591222974,1591223828,1591223319,509
isolation-runs-surefire-combined,JON_106-iso-more-runs_p1_r100_t518400_6M_3d_17h_22m_52s_square.retrofit-ae28c3d=retrofit2.adapter.rxjava.SingleThrowingTest.responseThrowingInOnSuccessDeliveredToPlugin_output_1591222974,1591223612,1591223261,351
isolation-runs-surefire-combined,JON_106-iso-more-runs_p1_r100_t518400_6M_3d_17h_22m_52s_tootallnate.java-websocket-fa3909c=org.java_websocket.issues.Issue256Test.runReconnectBlockingScenario0_output_1591222974,1591223720,1591223313,407
isolation-runs-surefire-combined,JON_106-iso-more-runs_p1_r100_t518400_6M_3d_17h_22m_52s_tootallnate.java-websocket-fa3909c=org.java_websocket.issues.Issue256Test.runReconnectBlockingScenario1_output_1591222974,1591223698,1591223341,357
isolation-runs-surefire-combined,JON_106-iso-more-runs_p1_r100_t518400_6M_3d_17h_22m_52s_tootallnate.java-websocket-fa3909c=org.java_websocket.issues.Issue256Test.runReconnectBlockingScenario2_output_1591222974,1591223775,1591223349,426
isolation-runs-surefire-combined,JON_106-iso-more-runs_p1_r100_t518400_6M_3d_17h_22m_52s_tootallnate.java-websocket-fa3909c=org.java_websocket.issues.Issue256Test.runReconnectBlockingScenario3_output_1591222974,1591223706,1591223344,362
isolation-runs-surefire-combined,JON_106-iso-more-runs_p1_r100_t518400_6M_3d_17h_22m_52s_tootallnate.java-websocket-fa3909c=org.java_websocket.issues.Issue256Test.runReconnectBlockingScenario4_output_1591222974,1591223702,1591223353,349
isolation-runs-surefire-combined,JON_106-iso-more-runs_p1_r100_t518400_6M_3d_17h_22m_52s_tootallnate.java-websocket-fa3909c=org.java_websocket.issues.Issue256Test.runReconnectBlockingScenario5_output_1591222974,1591223747,1591223353,394
isolation-runs-surefire-combined,JON_106-iso-more-runs_p1_r100_t518400_6M_3d_17h_22m_52s_tootallnate.java-websocket-fa3909c=org.java_websocket.issues.Issue256Test.runReconnectBlockingScenario6_output_1591222974,1591223662,1591223258,404
isolation-runs-surefire-combined,JON_106-iso-more-runs_p1_r100_t518400_6M_3d_17h_22m_52s_tootallnate.java-websocket-fa3909c=org.java_websocket.issues.Issue256Test.runReconnectBlockingScenario7_output_1591222974,1591223646,1591223258,388
isolation-runs-surefire-combined,JON_106-iso-more-runs_p1_r100_t518400_6M_3d_17h_22m_52s_tootallnate.java-websocket-fa3909c=org.java_websocket.issues.Issue256Test.runReconnectBlockingScenario8_output_1591222974,1591223690,1591223267,423
isolation-runs-surefire-combined,JON_106-iso-more-runs_p1_r100_t518400_6M_3d_17h_22m_52s_tootallnate.java-websocket-fa3909c=org.java_websocket.issues.Issue256Test.runReconnectBlockingScenario9_output_1591222974,1591223699,1591223350,349
isolation-runs-surefire-combined,JON_106-iso-more-runs_p1_r100_t518400_6M_3d_17h_22m_52s_tootallnate.java-websocket-fa3909c=org.java_websocket.issues.Issue256Test.runReconnectScenario1_output_1591222974,1591223870,1591223353,517
isolation-runs-surefire-combined,JON_106-iso-more-runs_p1_r100_t518400_6M_3d_17h_22m_52s_tootallnate.java-websocket-fa3909c=org.java_websocket.issues.Issue256Test.runReconnectScenario2_output_1591222974,1591223772,1591223350,422
isolation-runs-surefire-combined,JON_106-iso-more-runs_p1_r100_t518400_6M_3d_17h_22m_52s_tootallnate.java-websocket-fa3909c=org.java_websocket.issues.Issue256Test.runReconnectScenario3_output_1591222974,1591223825,1591223346,479
isolation-runs-surefire-combined,JON_106-iso-more-runs_p1_r100_t518400_6M_3d_17h_22m_52s_tootallnate.java-websocket-fa3909c=org.java_websocket.issues.Issue256Test.runReconnectScenario4_output_1591222974,1591223741,1591223341,400
isolation-runs-surefire-combined,JON_106-iso-more-runs_p1_r100_t518400_6M_3d_17h_22m_52s_tootallnate.java-websocket-fa3909c=org.java_websocket.issues.Issue256Test.runReconnectScenario5_output_1591222974,1591223842,1591223353,489
isolation-runs-surefire-combined,JON_106-iso-more-runs_p1_r100_t518400_6M_3d_17h_22m_52s_tootallnate.java-websocket-fa3909c=org.java_websocket.issues.Issue256Test.runReconnectScenario6_output_1591222974,1591223738,1591223309,429
isolation-runs-surefire-combined,JON_106-iso-more-runs_p1_r100_t518400_6M_3d_17h_22m_52s_tootallnate.java-websocket-fa3909c=org.java_websocket.issues.Issue256Test.runReconnectScenario7_output_1591222974,1591223868,1591223327,541
isolation-runs-surefire-combined,JON_106-iso-more-runs_p1_r100_t518400_6M_3d_17h_22m_52s_tootallnate.java-websocket-fa3909c=org.java_websocket.issues.Issue256Test.runReconnectScenario8_output_1591222974,1591223755,1591223350,405
isolation-runs-surefire-combined,JON_106-iso-more-runs_p1_r100_t518400_6M_3d_17h_22m_52s_tootallnate.java-websocket-fa3909c=org.java_websocket.issues.Issue256Test.runReconnectScenario9_output_1591222974,1591223800,1591223346,454
isolation-runs-surefire-combined,JON_106-iso-more-runs_p1_r100_t518400_6M_3d_17h_22m_52s_tootallnate.java-websocket-fa3909c=org.java_websocket.issues.Issue580Test.runNoCloseBlockingTestScenario0_output_1591222974,1591223771,1591223353,418
isolation-runs-surefire-combined,JON_106-iso-more-runs_p1_r100_t518400_6M_3d_17h_22m_52s_tootallnate.java-websocket-fa3909c=org.java_websocket.issues.Issue580Test.runNoCloseBlockingTestScenario3_output_1591222974,1591223656,1591223313,343
isolation-runs-surefire-combined,JON_106-iso-more-runs_p1_r100_t518400_6M_3d_17h_22m_52s_tootallnate.java-websocket-fa3909c=org.java_websocket.issues.Issue580Test.runNoCloseBlockingTestScenario4_output_1591222974,1591223755,1591223341,414
isolation-runs-surefire-combined,JON_106-iso-more-runs_p1_r100_t518400_6M_3d_17h_22m_52s_tootallnate.java-websocket-fa3909c=org.java_websocket.issues.Issue580Test.runNoCloseBlockingTestScenario6_output_1591222974,1591223683,1591223264,419
isolation-runs-surefire-combined,JON_106-iso-more-runs_p1_r100_t518400_6M_3d_17h_22m_52s_tootallnate.java-websocket-fa3909c=org.java_websocket.issues.Issue580Test.runNoCloseBlockingTestScenario8_output_1591222974,1591223791,1591223353,438
isolation-runs-surefire-combined,JON_106-iso-more-runs_p1_r100_t518400_6M_3d_17h_22m_52s_tootallnate.java-websocket-fa3909c=org.java_websocket.issues.Issue621Test.testIssue_output_1591222974,1591223784,1591223361,423
isolation-runs-surefire-combined,JON_106-iso-more-runs_p1_r100_t518400_6M_3d_17h_22m_52s_tootallnate.java-websocket-fa3909c=org.java_websocket.issues.Issue677Test.testIssue_output_1591222974,1591223736,1591223353,383
isolation-runs-surefire-combined,JON_106-iso-more-runs_p1_r100_t518400_6M_3d_17h_22m_52s_tootallnate.java-websocket-fa3909c=org.java_websocket.issues.Issue713Test.testIssue_output_1591222974,1591223813,1591223347,466
isolation-runs-surefire-combined,JON_106-iso-more-runs_p1_r100_t518400_6M_3d_17h_22m_52s_tootallnate.java-websocket-fa3909c=org.java_websocket.misc.OpeningHandshakeRejectionTest.testHandshakeRejectionTestCase0_output_1591222974,1591223710,1591223356,354
isolation-runs-surefire-combined,JON_106-iso-more-runs_p1_r100_t518400_6M_3d_17h_22m_52s_tootallnate.java-websocket-fa3909c=org.java_websocket.misc.OpeningHandshakeRejectionTest.testHandshakeRejectionTestCase10_output_1591222974,1591223746,1591223350,396
isolation-runs-surefire-combined,JON_106-iso-more-runs_p1_r100_t518400_6M_3d_17h_22m_52s_tootallnate.java-websocket-fa3909c=org.java_websocket.misc.OpeningHandshakeRejectionTest.testHandshakeRejectionTestCase11_output_1591222974,1591223755,1591223359,396
isolation-runs-surefire-combined,JON_106-iso-more-runs_p1_r100_t518400_6M_3d_17h_22m_52s_tootallnate.java-websocket-fa3909c=org.java_websocket.protocols.ProtoclHandshakeRejectionTest.testHandshakeRejectionTestCase10_output_1591222974,1591223735,1591223341,394
isolation-runs-surefire-combined,JON_106-iso-more-runs_p1_r100_t518400_6M_3d_17h_22m_52s_wro4j.wro4j-185ab60=ro.isdc.wro.extensions.processor.support.sass.TestRubySassEngine.shouldProcessValidCss_output_1591222974,1591224153,1591223341,812
isolation-runs-surefire-combined,JON_106-iso-more-runs_p1_r100_t518400_6M_3d_17h_22m_52s_wro4j.wro4j-185ab60=ro.isdc.wro.extensions.processor.support.sass.TestRubySassEngine.shouldProcessValidNonAsciiSass_output_1591222974,1591224272,1591223359,913
isolation-runs-surefire-combined,JON_106-iso-more-runs_p1_r100_t518400_6M_3d_17h_22m_52s_wro4j.wro4j-185ab60=ro.isdc.wro.extensions.processor.support.sass.TestRubySassEngine.shouldProcessValidSass_output_1591222974,1591224190,1591223359,831
isolation-runs-surefire-combined,JON_106-iso-more-runs_p1_r100_t518400_6M_3d_17h_22m_52s_wro4j.wro4j-185ab60=ro.isdc.wro.extensions.processor.TestBourbonCssProcessor.shouldBeThreadSafe_output_1591222974,1591224415,1591223359,1056
isolation-runs-surefire-combined,JON_106-iso-more-runs_p1_r100_t518400_6M_3d_17h_22m_52s_wro4j.wro4j-185ab60=ro.isdc.wro.extensions.processor.TestRubySassCssProcessor.executeMultipleTimesDoesntThrowOutOfMemoryException_output_1591222974,1591224492,1591223359,1133
isolation-runs-surefire-combined,JON_106-iso-more-runs_p1_r100_t518400_6M_3d_17h_22m_52s_wro4j.wro4j-185ab60=ro.isdc.wro.extensions.processor.TestRubySassCssProcessor.shouldBeThreadSafe_output_1591222974,1591224298,1591223359,939
isolation-runs-surefire-combined,JON_106-iso-more-runs_p1_r100_t518400_6M_3d_17h_22m_52s_wro4j.wro4j-185ab60=ro.isdc.wro.extensions.processor.TestRubySassCssProcessor.shouldBeThreadSafeWhenInitializingProcessor_output_1591222974,1591224385,1591223359,1026
isolation-runs-surefire-combined,JON_106-iso-more-runs_p1_r100_t518400_6M_3d_17h_22m_52s_wro4j.wro4j-185ab60=ro.isdc.wro.extensions.processor.TestRubySassCssProcessor.shouldSucceedAfterAFailure_output_1591222974,1591224380,1591223364,1016
isolation-runs-surefire-combined,JON_106-iso-more-runs_p1_r100_t518400_6M_3d_17h_22m_52s_wro4j.wro4j-185ab60=ro.isdc.wro.extensions.processor.TestRubySassCssProcessor.shouldTestFromFolder_output_1591222974,1591224448,1591223361,1087
isolation-runs-surefire-combined,JON_106-iso-more-runs_p1_r100_t518400_6M_3d_17h_25m_52s_orbit.orbit-c4904af=cloud.orbit.actors.extensions.test.LengthFieldHandlerTest.randomMessages_output_1591223155,1591223921,1591223404,517
isolation-runs-surefire-combined,JON_106-iso-more-runs_p1_r100_t518400_6M_3d_17h_22m_52s_wso2.carbon-apimgt-a82213e=org.wso2.carbon.apimgt.throttling.siddhi.extension.ThrottleTimeBatchWindowTestCase.throttleTimeWindowBatchTest2_output_1591222974,1591225259,1591223356,1903
isolation-runs-surefire-combined,JON_106-iso-more-runs_p1_r100_t518400_6M_3d_17h_25m_52s_oryxproject.oryx-72ae4bb=com.cloudera.oryx.common.io.IOUtilsTest.testDistinctFreePorts_output_1591223155,1591223956,1591223407,549
isolation-runs-surefire-combined,JON_106-iso-more-runs_p1_r100_t518400_6M_3d_17h_25m_52s_spinn3r.noxy-d53a494=com.spinn3r.noxy.discovery.zookeeper.ZKTest.testBulkClusterJoining_output_1591223155,1591231899,1591223404,8495
isolation-runs-surefire-combined,JON_106-iso-more-runs_p1_r100_t518400_6M_3d_17h_25m_52s_spinn3r.noxy-d53a494=com.spinn3r.noxy.discovery.zookeeper.ZKTest.testDiscoveryListener_output_1591223155,1591224078,1591223407,671
isolation-runs-surefire-combined,JON_106-iso-more-runs_p1_r100_t518400_6M_3d_17h_25m_52s_spinn3r.noxy-d53a494=com.spinn3r.noxy.discovery.zookeeper.ZKTest.testMembershipJoinAndLeave_output_1591223155,1591224098,1591223410,688
isolation-runs-surefire-combined,JON_106-iso-more-runs_p1_r100_t518400_6M_3d_17h_25m_52s_square.retrofit-ae28c3d=retrofit2.adapter.rxjava.CompletableThrowingSafeSubscriberTest.throwingInOnCompleteDeliveredToPlugin_output_1591223155,1591223781,1591223421,360
isolation-runs-surefire-combined,JON_106-iso-more-runs_p1_r100_t518400_6M_3d_17h_25m_52s_square.retrofit-ae28c3d=retrofit2.adapter.rxjava.CompletableThrowingTest.throwingInOnCompleteDeliveredToPlugin_output_1591223155,1591223779,1591223421,358
isolation-runs-surefire-combined,JON_106-iso-more-runs_p1_r100_t518400_6M_3d_17h_25m_52s_square.retrofit-ae28c3d=retrofit2.adapter.rxjava.SingleThrowingTest.bodyThrowingInOnSuccessDeliveredToPlugin_output_1591223155,1591223815,1591223410,405
isolation-runs-surefire-combined,JON_106-iso-more-runs_p1_r100_t518400_6M_3d_17h_25m_52s_square.retrofit-ae28c3d=retrofit2.adapter.rxjava.SingleThrowingTest.responseThrowingInOnErrorDeliveredToPlugin_output_1591223155,1591223799,1591223424,375
isolation-runs-surefire-combined,JON_106-iso-more-runs_p1_r100_t518400_6M_3d_17h_25m_52s_square.retrofit-ae28c3d=retrofit2.adapter.rxjava.SingleThrowingTest.responseThrowingInOnSuccessDeliveredToPlugin_output_1591223155,1591223767,1591223421,346
isolation-runs-surefire-combined,JON_106-iso-more-runs_p1_r100_t518400_6M_3d_17h_25m_52s_square.retrofit-ae28c3d=retrofit2.CallTest.cancelRequest_output_1591223155,1591224129,1591223421,708
isolation-runs-surefire-combined,JON_106-iso-more-runs_p1_r100_t518400_6M_3d_17h_25m_52s_tootallnate.java-websocket-fa3909c=org.java_websocket.issues.Issue256Test.runReconnectBlockingScenario0_output_1591223155,1591223894,1591223433,461
isolation-runs-surefire-combined,JON_106-iso-more-runs_p1_r100_t518400_6M_3d_17h_25m_52s_tootallnate.java-websocket-fa3909c=org.java_websocket.issues.Issue256Test.runReconnectBlockingScenario1_output_1591223155,1591223857,1591223436,421
isolation-runs-surefire-combined,JON_106-iso-more-runs_p1_r100_t518400_6M_3d_17h_25m_52s_tootallnate.java-websocket-fa3909c=org.java_websocket.issues.Issue256Test.runReconnectBlockingScenario2_output_1591223155,1591223901,1591223456,445
isolation-runs-surefire-combined,JON_106-iso-more-runs_p1_r100_t518400_6M_3d_17h_25m_52s_tootallnate.java-websocket-fa3909c=org.java_websocket.issues.Issue256Test.runReconnectBlockingScenario3_output_1591223155,1591223880,1591223439,441
isolation-runs-surefire-combined,JON_106-iso-more-runs_p1_r100_t518400_6M_3d_17h_25m_52s_tootallnate.java-websocket-fa3909c=org.java_websocket.issues.Issue256Test.runReconnectBlockingScenario4_output_1591223155,1591223812,1591223416,396
isolation-runs-surefire-combined,JON_106-iso-more-runs_p1_r100_t518400_6M_3d_17h_25m_52s_tootallnate.java-websocket-fa3909c=org.java_websocket.issues.Issue256Test.runReconnectBlockingScenario5_output_1591223155,1591223857,1591223456,401
isolation-runs-surefire-combined,JON_106-iso-more-runs_p1_r100_t518400_6M_3d_17h_25m_52s_tootallnate.java-websocket-fa3909c=org.java_websocket.issues.Issue256Test.runReconnectBlockingScenario6_output_1591223155,1591223880,1591223424,456
isolation-runs-surefire-combined,JON_106-iso-more-runs_p1_r100_t518400_6M_3d_17h_25m_52s_tootallnate.java-websocket-fa3909c=org.java_websocket.issues.Issue256Test.runReconnectBlockingScenario7_output_1591223155,1591223863,1591223424,439
isolation-runs-surefire-combined,JON_106-iso-more-runs_p1_r100_t518400_6M_3d_17h_25m_52s_tootallnate.java-websocket-fa3909c=org.java_websocket.issues.Issue256Test.runReconnectBlockingScenario8_output_1591223155,1591223831,1591223436,395
isolation-runs-surefire-combined,JON_106-iso-more-runs_p1_r100_t518400_6M_3d_17h_25m_52s_tootallnate.java-websocket-fa3909c=org.java_websocket.issues.Issue256Test.runReconnectBlockingScenario9_output_1591223155,1591223880,1591223448,432
isolation-runs-surefire-combined,JON_106-iso-more-runs_p1_r100_t518400_6M_3d_17h_25m_52s_tootallnate.java-websocket-fa3909c=org.java_websocket.issues.Issue256Test.runReconnectScenario0_output_1591223155,1591223943,1591223418,525
isolation-runs-surefire-combined,JON_106-iso-more-runs_p1_r100_t518400_6M_3d_17h_25m_52s_tootallnate.java-websocket-fa3909c=org.java_websocket.issues.Issue256Test.runReconnectScenario1_output_1591223155,1591223967,1591223418,549
isolation-runs-surefire-combined,JON_106-iso-more-runs_p1_r100_t518400_6M_3d_17h_25m_52s_tootallnate.java-websocket-fa3909c=org.java_websocket.issues.Issue256Test.runReconnectScenario2_output_1591223155,1591223967,1591223456,511
isolation-runs-surefire-combined,JON_106-iso-more-runs_p1_r100_t518400_6M_3d_17h_25m_52s_tootallnate.java-websocket-fa3909c=org.java_websocket.issues.Issue256Test.runReconnectScenario3_output_1591223155,1591223994,1591223453,541
isolation-runs-surefire-combined,JON_106-iso-more-runs_p1_r100_t518400_6M_3d_17h_25m_52s_tootallnate.java-websocket-fa3909c=org.java_websocket.issues.Issue256Test.runReconnectScenario4_output_1591223155,1591223876,1591223407,469
isolation-runs-surefire-combined,JON_106-iso-more-runs_p1_r100_t518400_6M_3d_17h_25m_52s_tootallnate.java-websocket-fa3909c=org.java_websocket.issues.Issue256Test.runReconnectScenario5_output_1591223155,1591223974,1591223436,538
isolation-runs-surefire-combined,JON_106-iso-more-runs_p1_r100_t518400_6M_3d_17h_25m_52s_tootallnate.java-websocket-fa3909c=org.java_websocket.issues.Issue256Test.runReconnectScenario6_output_1591223155,1591223920,1591223430,490
isolation-runs-surefire-combined,JON_106-iso-more-runs_p1_r100_t518400_6M_3d_17h_25m_52s_tootallnate.java-websocket-fa3909c=org.java_websocket.issues.Issue256Test.runReconnectScenario7_output_1591223155,1591223964,1591223410,554
isolation-runs-surefire-combined,JON_106-iso-more-runs_p1_r100_t518400_6M_3d_17h_25m_52s_tootallnate.java-websocket-fa3909c=org.java_websocket.issues.Issue256Test.runReconnectScenario8_output_1591223155,1591223910,1591223456,454
isolation-runs-surefire-combined,JON_106-iso-more-runs_p1_r100_t518400_6M_3d_17h_25m_52s_tootallnate.java-websocket-fa3909c=org.java_websocket.issues.Issue256Test.runReconnectScenario9_output_1591223155,1591223970,1591223439,531
isolation-runs-surefire-combined,JON_106-iso-more-runs_p1_r100_t518400_6M_3d_17h_25m_52s_tootallnate.java-websocket-fa3909c=org.java_websocket.issues.Issue580Test.runNoCloseBlockingTestScenario0_output_1591223155,1591223893,1591223439,454
isolation-runs-surefire-combined,JON_106-iso-more-runs_p1_r100_t518400_6M_3d_17h_25m_52s_tootallnate.java-websocket-fa3909c=org.java_websocket.issues.Issue580Test.runNoCloseBlockingTestScenario3_output_1591223155,1591223857,1591223436,421
isolation-runs-surefire-combined,JON_106-iso-more-runs_p1_r100_t518400_6M_3d_17h_25m_52s_tootallnate.java-websocket-fa3909c=org.java_websocket.issues.Issue580Test.runNoCloseBlockingTestScenario4_output_1591223155,1591223965,1591223430,535
isolation-runs-surefire-combined,JON_106-iso-more-runs_p1_r100_t518400_6M_3d_17h_25m_52s_tootallnate.java-websocket-fa3909c=org.java_websocket.issues.Issue580Test.runNoCloseBlockingTestScenario6_output_1591223155,1591223878,1591223448,430
isolation-runs-surefire-combined,JON_106-iso-more-runs_p1_r100_t518400_6M_3d_17h_25m_52s_tootallnate.java-websocket-fa3909c=org.java_websocket.issues.Issue580Test.runNoCloseBlockingTestScenario8_output_1591223155,1591223911,1591223462,449
isolation-runs-surefire-combined,JON_106-iso-more-runs_p1_r100_t518400_6M_3d_17h_25m_52s_tootallnate.java-websocket-fa3909c=org.java_websocket.issues.Issue621Test.testIssue_output_1591223155,1591223942,1591223477,465
isolation-runs-surefire-combined,JON_106-iso-more-runs_p1_r100_t518400_6M_3d_17h_25m_52s_tootallnate.java-websocket-fa3909c=org.java_websocket.issues.Issue677Test.testIssue_output_1591223155,1591223900,1591223459,441
isolation-runs-surefire-combined,JON_106-iso-more-runs_p1_r100_t518400_6M_3d_17h_25m_52s_tootallnate.java-websocket-fa3909c=org.java_websocket.issues.Issue713Test.testIssue_output_1591223155,1591223881,1591223436,445
isolation-runs-surefire-combined,JON_106-iso-more-runs_p1_r100_t518400_6M_3d_17h_25m_52s_tootallnate.java-websocket-fa3909c=org.java_websocket.misc.OpeningHandshakeRejectionTest.testHandshakeRejectionTestCase0_output_1591223155,1591223945,1591223482,463
isolation-runs-surefire-combined,JON_106-iso-more-runs_p1_r100_t518400_6M_3d_17h_25m_52s_tootallnate.java-websocket-fa3909c=org.java_websocket.misc.OpeningHandshakeRejectionTest.testHandshakeRejectionTestCase10_output_1591223155,1591223831,1591223439,392
isolation-runs-surefire-combined,JON_106-iso-more-runs_p1_r100_t518400_6M_3d_17h_25m_52s_tootallnate.java-websocket-fa3909c=org.java_websocket.misc.OpeningHandshakeRejectionTest.testHandshakeRejectionTestCase11_output_1591223155,1591223934,1591223480,454
isolation-runs-surefire-combined,JON_106-iso-more-runs_p1_r100_t518400_6M_3d_17h_28m_52s_square.retrofit-ae28c3d=retrofit2.CallTest.cancelRequest_output_1591223334,1591224259,1591223597,662
isolation-runs-surefire-combined,JON_106-iso-more-runs_p1_r100_t518400_6M_3d_17h_25m_52s_tootallnate.java-websocket-fa3909c=org.java_websocket.protocols.ProtoclHandshakeRejectionTest.testHandshakeRejectionTestCase10_output_1591223155,1591223811,1591223424,387
isolation-runs-surefire-combined,JON_106-iso-more-runs_p1_r100_t518400_6M_3d_17h_25m_52s_wro4j.wro4j-185ab60=ro.isdc.wro.extensions.processor.support.sass.TestRubySassEngine.shouldProcessValidCss_output_1591223155,1591224543,1591223482,1061
isolation-runs-surefire-combined,JON_106-iso-more-runs_p1_r100_t518400_6M_3d_17h_25m_52s_wro4j.wro4j-185ab60=ro.isdc.wro.extensions.processor.support.sass.TestRubySassEngine.shouldProcessValidNonAsciiSass_output_1591223155,1591224508,1591223462,1046
isolation-runs-surefire-combined,JON_106-iso-more-runs_p1_r100_t518400_6M_3d_17h_25m_52s_wro4j.wro4j-185ab60=ro.isdc.wro.extensions.processor.support.sass.TestRubySassEngine.shouldProcessValidSass_output_1591223155,1591224538,1591223480,1058
isolation-runs-surefire-combined,JON_106-iso-more-runs_p1_r100_t518400_6M_3d_17h_25m_52s_wro4j.wro4j-185ab60=ro.isdc.wro.extensions.processor.TestBourbonCssProcessor.shouldBeThreadSafe_output_1591223155,1591224736,1591223467,1269
isolation-runs-surefire-combined,JON_106-iso-more-runs_p1_r100_t518400_6M_3d_17h_25m_52s_wro4j.wro4j-185ab60=ro.isdc.wro.extensions.processor.TestRubySassCssProcessor.executeMultipleTimesDoesntThrowOutOfMemoryException_output_1591223155,1591224792,1591223496,1296
isolation-runs-surefire-combined,JON_106-iso-more-runs_p1_r100_t518400_6M_3d_17h_25m_52s_wro4j.wro4j-185ab60=ro.isdc.wro.extensions.processor.TestRubySassCssProcessor.shouldBeThreadSafe_output_1591223155,1591224647,1591223467,1180
isolation-runs-surefire-combined,JON_106-iso-more-runs_p1_r100_t518400_6M_3d_17h_25m_52s_wro4j.wro4j-185ab60=ro.isdc.wro.extensions.processor.TestRubySassCssProcessor.shouldBeThreadSafeWhenInitializingProcessor_output_1591223155,1591224646,1591223474,1172
isolation-runs-surefire-combined,JON_106-iso-more-runs_p1_r100_t518400_6M_3d_17h_25m_52s_wro4j.wro4j-185ab60=ro.isdc.wro.extensions.processor.TestRubySassCssProcessor.shouldSucceedAfterAFailure_output_1591223155,1591224474,1591223465,1009
isolation-runs-surefire-combined,JON_106-iso-more-runs_p1_r100_t518400_6M_3d_17h_25m_52s_wro4j.wro4j-185ab60=ro.isdc.wro.extensions.processor.TestRubySassCssProcessor.shouldTestFromFolder_output_1591223155,1591224585,1591223470,1115
isolation-runs-surefire-combined,JON_106-iso-more-runs_p1_r100_t518400_6M_3d_17h_25m_52s_wso2.carbon-apimgt-a82213e=org.wso2.carbon.apimgt.throttling.siddhi.extension.ThrottleTimeBatchWindowTestCase.throttleTimeWindowBatchTest2_output_1591223155,1591225595,1591223496,2099
isolation-runs-surefire-combined,JON_106-iso-more-runs_p1_r100_t518400_6M_3d_17h_28m_52s_orbit.orbit-c4904af=cloud.orbit.actors.extensions.test.LengthFieldHandlerTest.randomMessages_output_1591223334,1591224052,1591223554,498
isolation-runs-surefire-combined,JON_106-iso-more-runs_p1_r100_t518400_6M_3d_17h_28m_52s_oryxproject.oryx-72ae4bb=com.cloudera.oryx.common.io.IOUtilsTest.testDistinctFreePorts_output_1591223334,1591224095,1591223583,512
isolation-runs-surefire-combined,JON_106-iso-more-runs_p1_r100_t518400_6M_3d_17h_28m_52s_spinn3r.noxy-d53a494=com.spinn3r.noxy.discovery.zookeeper.ZKTest.testBulkClusterJoining_output_1591223334,1591232483,1591223575,8908
isolation-runs-surefire-combined,JON_106-iso-more-runs_p1_r100_t518400_6M_3d_17h_28m_52s_spinn3r.noxy-d53a494=com.spinn3r.noxy.discovery.zookeeper.ZKTest.testDiscoveryListener_output_1591223334,1591224232,1591223586,646
isolation-runs-surefire-combined,JON_106-iso-more-runs_p1_r100_t518400_6M_3d_17h_28m_52s_spinn3r.noxy-d53a494=com.spinn3r.noxy.discovery.zookeeper.ZKTest.testMembershipJoinAndLeave_output_1591223334,1591224266,1591223583,683
isolation-runs-surefire-combined,JON_106-iso-more-runs_p1_r100_t518400_6M_3d_17h_28m_52s_square.retrofit-ae28c3d=retrofit2.adapter.rxjava.CompletableThrowingSafeSubscriberTest.throwingInOnCompleteDeliveredToPlugin_output_1591223334,1591223973,1591223591,382
isolation-runs-surefire-combined,JON_106-iso-more-runs_p1_r100_t518400_6M_3d_17h_28m_52s_square.retrofit-ae28c3d=retrofit2.adapter.rxjava.CompletableThrowingTest.throwingInOnCompleteDeliveredToPlugin_output_1591223334,1591223962,1591223592,370
isolation-runs-surefire-combined,JON_106-iso-more-runs_p1_r100_t518400_6M_3d_17h_28m_52s_square.retrofit-ae28c3d=retrofit2.adapter.rxjava.SingleThrowingTest.bodyThrowingInOnSuccessDeliveredToPlugin_output_1591223334,1591223986,1591223586,400
isolation-runs-surefire-combined,JON_106-iso-more-runs_p1_r100_t518400_6M_3d_17h_28m_52s_square.retrofit-ae28c3d=retrofit2.adapter.rxjava.SingleThrowingTest.responseThrowingInOnErrorDeliveredToPlugin_output_1591223334,1591224021,1591223600,421
isolation-runs-surefire-combined,JON_106-iso-more-runs_p1_r100_t518400_6M_3d_17h_28m_52s_tootallnate.java-websocket-fa3909c=org.java_websocket.issues.Issue256Test.runReconnectScenario0_output_1591223334,1591224232,1591223710,522
isolation-runs-surefire-combined,JON_106-iso-more-runs_p1_r100_t518400_6M_3d_17h_28m_52s_square.retrofit-ae28c3d=retrofit2.adapter.rxjava.SingleThrowingTest.responseThrowingInOnSuccessDeliveredToPlugin_output_1591223334,1591223995,1591223600,395
isolation-runs-surefire-combined,JON_106-iso-more-runs_p1_r100_t518400_6M_3d_17h_28m_52s_tootallnate.java-websocket-fa3909c=org.java_websocket.issues.Issue256Test.runReconnectBlockingScenario0_output_1591223334,1591224078,1591223608,470
isolation-runs-surefire-combined,JON_106-iso-more-runs_p1_r100_t518400_6M_3d_17h_28m_52s_tootallnate.java-websocket-fa3909c=org.java_websocket.issues.Issue256Test.runReconnectBlockingScenario1_output_1591223334,1591224139,1591223626,513
isolation-runs-surefire-combined,JON_106-iso-more-runs_p1_r100_t518400_6M_3d_17h_28m_52s_tootallnate.java-websocket-fa3909c=org.java_websocket.issues.Issue256Test.runReconnectBlockingScenario2_output_1591223334,1591224082,1591223641,441
isolation-runs-surefire-combined,JON_106-iso-more-runs_p1_r100_t518400_6M_3d_17h_28m_52s_tootallnate.java-websocket-fa3909c=org.java_websocket.issues.Issue256Test.runReconnectBlockingScenario3_output_1591223334,1591224093,1591223641,452
isolation-runs-surefire-combined,JON_106-iso-more-runs_p1_r100_t518400_6M_3d_17h_28m_52s_tootallnate.java-websocket-fa3909c=org.java_websocket.issues.Issue256Test.runReconnectBlockingScenario4_output_1591223334,1591224146,1591223707,439
isolation-runs-surefire-combined,JON_106-iso-more-runs_p1_r100_t518400_6M_3d_17h_28m_52s_tootallnate.java-websocket-fa3909c=org.java_websocket.issues.Issue256Test.runReconnectBlockingScenario5_output_1591223334,1591224063,1591223641,422
isolation-runs-surefire-combined,JON_106-iso-more-runs_p1_r100_t518400_6M_3d_17h_28m_52s_tootallnate.java-websocket-fa3909c=org.java_websocket.issues.Issue256Test.runReconnectBlockingScenario6_output_1591223334,1591224093,1591223604,489
isolation-runs-surefire-combined,JON_106-iso-more-runs_p1_r100_t518400_6M_3d_17h_28m_52s_tootallnate.java-websocket-fa3909c=org.java_websocket.issues.Issue256Test.runReconnectBlockingScenario7_output_1591223334,1591224067,1591223618,449
isolation-runs-surefire-combined,JON_106-iso-more-runs_p1_r100_t518400_6M_3d_17h_28m_52s_tootallnate.java-websocket-fa3909c=org.java_websocket.issues.Issue256Test.runReconnectBlockingScenario8_output_1591223334,1591224080,1591223604,476
isolation-runs-surefire-combined,JON_106-iso-more-runs_p1_r100_t518400_6M_3d_17h_28m_52s_tootallnate.java-websocket-fa3909c=org.java_websocket.issues.Issue256Test.runReconnectBlockingScenario9_output_1591223334,1591224073,1591223632,441
isolation-runs-surefire-combined,JON_106-iso-more-runs_p1_r100_t518400_6M_3d_17h_28m_52s_tootallnate.java-websocket-fa3909c=org.java_websocket.issues.Issue256Test.runReconnectScenario1_output_1591223334,1591224287,1591223734,553
isolation-runs-surefire-combined,JON_106-iso-more-runs_p1_r100_t518400_6M_3d_17h_28m_52s_tootallnate.java-websocket-fa3909c=org.java_websocket.issues.Issue256Test.runReconnectScenario2_output_1591223334,1591224195,1591223641,554
isolation-runs-surefire-combined,JON_106-iso-more-runs_p1_r100_t518400_6M_3d_17h_28m_52s_tootallnate.java-websocket-fa3909c=org.java_websocket.issues.Issue256Test.runReconnectScenario3_output_1591223334,1591224196,1591223722,474
isolation-runs-surefire-combined,JON_106-iso-more-runs_p1_r100_t518400_6M_3d_17h_28m_52s_tootallnate.java-websocket-fa3909c=org.java_websocket.issues.Issue256Test.runReconnectScenario4_output_1591223334,1591224129,1591223604,525
isolation-runs-surefire-combined,JON_106-iso-more-runs_p1_r100_t518400_6M_3d_17h_28m_52s_tootallnate.java-websocket-fa3909c=org.java_websocket.issues.Issue256Test.runReconnectScenario5_output_1591223334,1591224162,1591223621,541
isolation-runs-surefire-combined,JON_106-iso-more-runs_p1_r100_t518400_6M_3d_17h_28m_52s_tootallnate.java-websocket-fa3909c=org.java_websocket.issues.Issue256Test.runReconnectScenario6_output_1591223334,1591224141,1591223621,520
isolation-runs-surefire-combined,JON_106-iso-more-runs_p1_r100_t518400_6M_3d_17h_28m_52s_tootallnate.java-websocket-fa3909c=org.java_websocket.issues.Issue256Test.runReconnectScenario7_output_1591223334,1591224143,1591223655,488
isolation-runs-surefire-combined,JON_106-iso-more-runs_p1_r100_t518400_6M_3d_17h_28m_52s_tootallnate.java-websocket-fa3909c=org.java_websocket.issues.Issue256Test.runReconnectScenario8_output_1591223334,1591224270,1591223667,603
isolation-runs-surefire-combined,JON_106-iso-more-runs_p1_r100_t518400_6M_3d_17h_28m_52s_tootallnate.java-websocket-fa3909c=org.java_websocket.issues.Issue256Test.runReconnectScenario9_output_1591223334,1591224116,1591223624,492
isolation-runs-surefire-combined,JON_106-iso-more-runs_p1_r100_t518400_6M_3d_17h_28m_52s_tootallnate.java-websocket-fa3909c=org.java_websocket.issues.Issue580Test.runNoCloseBlockingTestScenario0_output_1591223334,1591224220,1591223739,481
isolation-runs-surefire-combined,JON_106-iso-more-runs_p1_r100_t518400_6M_3d_17h_28m_52s_tootallnate.java-websocket-fa3909c=org.java_websocket.issues.Issue580Test.runNoCloseBlockingTestScenario3_output_1591223334,1591224092,1591223608,484
isolation-runs-surefire-combined,JON_106-iso-more-runs_p1_r100_t518400_6M_3d_17h_28m_52s_tootallnate.java-websocket-fa3909c=org.java_websocket.issues.Issue580Test.runNoCloseBlockingTestScenario4_output_1591223334,1591223994,1591223580,414
isolation-runs-surefire-combined,JON_106-iso-more-runs_p1_r100_t518400_6M_3d_17h_28m_52s_tootallnate.java-websocket-fa3909c=org.java_websocket.issues.Issue580Test.runNoCloseBlockingTestScenario6_output_1591223334,1591224095,1591223621,474
isolation-runs-surefire-combined,JON_106-iso-more-runs_p1_r100_t518400_6M_3d_17h_28m_52s_tootallnate.java-websocket-fa3909c=org.java_websocket.issues.Issue580Test.runNoCloseBlockingTestScenario8_output_1591223334,1591224104,1591223641,463
isolation-runs-surefire-combined,JON_106-iso-more-runs_p1_r100_t518400_6M_3d_17h_28m_52s_tootallnate.java-websocket-fa3909c=org.java_websocket.issues.Issue621Test.testIssue_output_1591223334,1591224145,1591223736,409
isolation-runs-surefire-combined,JON_106-iso-more-runs_p1_r100_t518400_6M_3d_17h_28m_52s_tootallnate.java-websocket-fa3909c=org.java_websocket.issues.Issue677Test.testIssue_output_1591223334,1591224211,1591223736,475
isolation-runs-surefire-combined,JON_106-iso-more-runs_p1_r100_t518400_6M_3d_17h_28m_52s_tootallnate.java-websocket-fa3909c=org.java_websocket.issues.Issue713Test.testIssue_output_1591223334,1591224198,1591223667,531
isolation-runs-surefire-combined,JON_106-iso-more-runs_p1_r100_t518400_6M_3d_17h_28m_52s_tootallnate.java-websocket-fa3909c=org.java_websocket.misc.OpeningHandshakeRejectionTest.testHandshakeRejectionTestCase0_output_1591223334,1591224153,1591223712,441
isolation-runs-surefire-combined,JON_106-iso-more-runs_p1_r100_t518400_6M_3d_17h_28m_52s_tootallnate.java-websocket-fa3909c=org.java_websocket.misc.OpeningHandshakeRejectionTest.testHandshakeRejectionTestCase10_output_1591223334,1591224082,1591223621,461
isolation-runs-surefire-combined,JON_106-iso-more-runs_p1_r100_t518400_6M_3d_17h_28m_52s_tootallnate.java-websocket-fa3909c=org.java_websocket.misc.OpeningHandshakeRejectionTest.testHandshakeRejectionTestCase11_output_1591223334,1591224119,1591223652,467
isolation-runs-surefire-combined,JON_106-iso-more-runs_p1_r100_t518400_6M_3d_17h_28m_52s_tootallnate.java-websocket-fa3909c=org.java_websocket.protocols.ProtoclHandshakeRejectionTest.testHandshakeRejectionTestCase10_output_1591223334,1591224071,1591223606,465
isolation-runs-surefire-combined,JON_106-iso-more-runs_p1_r100_t518400_6M_3d_17h_28m_52s_wro4j.wro4j-185ab60=ro.isdc.wro.extensions.processor.support.sass.TestRubySassEngine.shouldProcessValidCss_output_1591223334,1591224825,1591223736,1089
isolation-runs-surefire-combined,JON_106-iso-more-runs_p1_r100_t518400_6M_3d_17h_28m_52s_wro4j.wro4j-185ab60=ro.isdc.wro.extensions.processor.support.sass.TestRubySassEngine.shouldProcessValidNonAsciiSass_output_1591223334,1591224860,1591223745,1115
isolation-runs-surefire-combined,JON_106-iso-more-runs_p1_r100_t518400_6M_3d_17h_28m_52s_wro4j.wro4j-185ab60=ro.isdc.wro.extensions.processor.support.sass.TestRubySassEngine.shouldProcessValidSass_output_1591223334,1591224831,1591223745,1086
isolation-runs-surefire-combined,JON_106-iso-more-runs_p1_r100_t518400_6M_3d_17h_28m_52s_wro4j.wro4j-185ab60=ro.isdc.wro.extensions.processor.TestBourbonCssProcessor.shouldBeThreadSafe_output_1591223334,1591225042,1591223769,1273
isolation-runs-surefire-combined,JON_106-iso-more-runs_p1_r100_t518400_6M_3d_17h_28m_52s_wro4j.wro4j-185ab60=ro.isdc.wro.extensions.processor.TestRubySassCssProcessor.executeMultipleTimesDoesntThrowOutOfMemoryException_output_1591223334,1591225069,1591223739,1330
isolation-runs-surefire-combined,JON_106-iso-more-runs_p1_r100_t518400_6M_3d_17h_28m_52s_wro4j.wro4j-185ab60=ro.isdc.wro.extensions.processor.TestRubySassCssProcessor.shouldBeThreadSafe_output_1591223334,1591224941,1591223753,1188
isolation-runs-surefire-combined,JON_106-iso-more-runs_p1_r100_t518400_6M_3d_17h_28m_52s_wro4j.wro4j-185ab60=ro.isdc.wro.extensions.processor.TestRubySassCssProcessor.shouldBeThreadSafeWhenInitializingProcessor_output_1591223334,1591224974,1591223789,1185
isolation-runs-surefire-combined,JON_106-iso-more-runs_p1_r100_t518400_6M_3d_17h_28m_52s_wro4j.wro4j-185ab60=ro.isdc.wro.extensions.processor.TestRubySassCssProcessor.shouldSucceedAfterAFailure_output_1591223334,1591224905,1591223759,1146
isolation-runs-surefire-combined,JON_106-iso-more-runs_p1_r100_t518400_6M_3d_17h_28m_52s_wro4j.wro4j-185ab60=ro.isdc.wro.extensions.processor.TestRubySassCssProcessor.shouldTestFromFolder_output_1591223334,1591224891,1591223734,1157
isolation-runs-surefire-combined,JON_106-iso-more-runs_p1_r100_t518400_6M_3d_17h_31m_52s_orbit.orbit-c4904af=cloud.orbit.actors.extensions.test.LengthFieldHandlerTest.randomMessages_output_1591223514,1591224259,1591223745,514
isolation-runs-surefire-combined,JON_106-iso-more-runs_p1_r100_t518400_6M_3d_17h_28m_52s_wso2.carbon-apimgt-a82213e=org.wso2.carbon.apimgt.throttling.siddhi.extension.ThrottleTimeBatchWindowTestCase.throttleTimeWindowBatchTest2_output_1591223334,1591225859,1591223762,2097
isolation-runs-surefire-combined,JON_106-iso-more-runs_p1_r100_t518400_6M_3d_17h_31m_52s_oryxproject.oryx-72ae4bb=com.cloudera.oryx.common.io.IOUtilsTest.testDistinctFreePorts_output_1591223514,1591224237,1591223759,478
isolation-runs-surefire-combined,JON_106-iso-more-runs_p1_r100_t518400_6M_3d_17h_31m_52s_spinn3r.noxy-d53a494=com.spinn3r.noxy.discovery.zookeeper.ZKTest.testBulkClusterJoining_output_1591223514,1591234033,1591223756,10277
isolation-runs-surefire-combined,JON_106-iso-more-runs_p1_r100_t518400_6M_3d_17h_31m_52s_spinn3r.noxy-d53a494=com.spinn3r.noxy.discovery.zookeeper.ZKTest.testDiscoveryListener_output_1591223514,1591224395,1591223765,630
isolation-runs-surefire-combined,JON_106-iso-more-runs_p1_r100_t518400_6M_3d_17h_31m_52s_spinn3r.noxy-d53a494=com.spinn3r.noxy.discovery.zookeeper.ZKTest.testMembershipJoinAndLeave_output_1591223514,1591224306,1591223765,541
isolation-runs-surefire-combined,JON_106-iso-more-runs_p1_r100_t518400_6M_3d_17h_31m_52s_square.retrofit-ae28c3d=retrofit2.adapter.rxjava.CompletableThrowingSafeSubscriberTest.throwingInOnCompleteDeliveredToPlugin_output_1591223514,1591224123,1591223771,352
isolation-runs-surefire-combined,JON_106-iso-more-runs_p1_r100_t518400_6M_3d_17h_31m_52s_square.retrofit-ae28c3d=retrofit2.adapter.rxjava.CompletableThrowingTest.throwingInOnCompleteDeliveredToPlugin_output_1591223514,1591224090,1591223765,325
isolation-runs-surefire-combined,JON_106-iso-more-runs_p1_r100_t518400_6M_3d_17h_31m_52s_square.retrofit-ae28c3d=retrofit2.adapter.rxjava.SingleThrowingTest.bodyThrowingInOnSuccessDeliveredToPlugin_output_1591223514,1591224119,1591223765,354
isolation-runs-surefire-combined,JON_106-iso-more-runs_p1_r100_t518400_6M_3d_17h_31m_52s_square.retrofit-ae28c3d=retrofit2.adapter.rxjava.SingleThrowingTest.responseThrowingInOnErrorDeliveredToPlugin_output_1591223514,1591224121,1591223778,343
isolation-runs-surefire-combined,JON_106-iso-more-runs_p1_r100_t518400_6M_3d_17h_31m_52s_square.retrofit-ae28c3d=retrofit2.adapter.rxjava.SingleThrowingTest.responseThrowingInOnSuccessDeliveredToPlugin_output_1591223514,1591224062,1591223781,281
isolation-runs-surefire-combined,JON_106-iso-more-runs_p1_r100_t518400_6M_3d_17h_31m_52s_square.retrofit-ae28c3d=retrofit2.CallTest.cancelRequest_output_1591223514,1591224304,1591223768,536
isolation-runs-surefire-combined,JON_106-iso-more-runs_p1_r100_t518400_6M_3d_17h_31m_52s_tootallnate.java-websocket-fa3909c=org.java_websocket.issues.Issue256Test.runReconnectBlockingScenario0_output_1591223514,1591224120,1591223792,328
isolation-runs-surefire-combined,JON_106-iso-more-runs_p1_r100_t518400_6M_3d_17h_31m_52s_tootallnate.java-websocket-fa3909c=org.java_websocket.issues.Issue256Test.runReconnectBlockingScenario1_output_1591223514,1591224214,1591223798,416
isolation-runs-surefire-combined,JON_106-iso-more-runs_p1_r100_t518400_6M_3d_17h_31m_52s_tootallnate.java-websocket-fa3909c=org.java_websocket.issues.Issue256Test.runReconnectBlockingScenario2_output_1591223514,1591224216,1591223803,413
isolation-runs-surefire-combined,JON_106-iso-more-runs_p1_r100_t518400_6M_3d_17h_31m_52s_tootallnate.java-websocket-fa3909c=org.java_websocket.issues.Issue256Test.runReconnectBlockingScenario3_output_1591223514,1591224143,1591223798,345
isolation-runs-surefire-combined,JON_106-iso-more-runs_p1_r100_t518400_6M_3d_17h_31m_52s_tootallnate.java-websocket-fa3909c=org.java_websocket.issues.Issue256Test.runReconnectBlockingScenario4_output_1591223514,1591224186,1591223806,380
isolation-runs-surefire-combined,JON_106-iso-more-runs_p1_r100_t518400_6M_3d_17h_31m_52s_tootallnate.java-websocket-fa3909c=org.java_websocket.issues.Issue256Test.runReconnectBlockingScenario5_output_1591223514,1591224247,1591223884,363
isolation-runs-surefire-combined,JON_106-iso-more-runs_p1_r100_t518400_6M_3d_17h_31m_52s_tootallnate.java-websocket-fa3909c=org.java_websocket.issues.Issue256Test.runReconnectBlockingScenario6_output_1591223514,1591224187,1591223775,412
isolation-runs-surefire-combined,JON_106-iso-more-runs_p1_r100_t518400_6M_3d_17h_31m_52s_tootallnate.java-websocket-fa3909c=org.java_websocket.issues.Issue256Test.runReconnectBlockingScenario7_output_1591223514,1591224188,1591223792,396
isolation-runs-surefire-combined,JON_106-iso-more-runs_p1_r100_t518400_6M_3d_17h_31m_52s_tootallnate.java-websocket-fa3909c=org.java_websocket.issues.Issue256Test.runReconnectBlockingScenario8_output_1591223514,1591224121,1591223786,335
isolation-runs-surefire-combined,JON_106-iso-more-runs_p1_r100_t518400_6M_3d_17h_31m_52s_tootallnate.java-websocket-fa3909c=org.java_websocket.issues.Issue256Test.runReconnectBlockingScenario9_output_1591223514,1591224213,1591223803,410
isolation-runs-surefire-combined,JON_106-iso-more-runs_p1_r100_t518400_6M_3d_17h_31m_52s_tootallnate.java-websocket-fa3909c=org.java_websocket.issues.Issue256Test.runReconnectScenario0_output_1591223514,1591224338,1591223861,477
isolation-runs-surefire-combined,JON_106-iso-more-runs_p1_r100_t518400_6M_3d_17h_31m_52s_tootallnate.java-websocket-fa3909c=org.java_websocket.issues.Issue256Test.runReconnectScenario1_output_1591223514,1591224370,1591223872,498
isolation-runs-surefire-combined,JON_106-iso-more-runs_p1_r100_t518400_6M_3d_17h_31m_52s_tootallnate.java-websocket-fa3909c=org.java_websocket.issues.Issue256Test.runReconnectScenario2_output_1591223514,1591224276,1591223798,478
isolation-runs-surefire-combined,JON_106-iso-more-runs_p1_r100_t518400_6M_3d_17h_31m_52s_tootallnate.java-websocket-fa3909c=org.java_websocket.issues.Issue256Test.runReconnectScenario3_output_1591223514,1591224308,1591223798,510
isolation-runs-surefire-combined,JON_106-iso-more-runs_p1_r100_t518400_6M_3d_17h_31m_52s_tootallnate.java-websocket-fa3909c=org.java_websocket.issues.Issue256Test.runReconnectScenario4_output_1591223514,1591224197,1591223759,438
isolation-runs-surefire-combined,JON_106-iso-more-runs_p1_r100_t518400_6M_3d_17h_31m_52s_tootallnate.java-websocket-fa3909c=org.java_websocket.issues.Issue256Test.runReconnectScenario5_output_1591223514,1591224308,1591223798,510
isolation-runs-surefire-combined,JON_106-iso-more-runs_p1_r100_t518400_6M_3d_17h_31m_52s_tootallnate.java-websocket-fa3909c=org.java_websocket.issues.Issue256Test.runReconnectScenario6_output_1591223514,1591224251,1591223792,459
isolation-runs-surefire-combined,JON_106-iso-more-runs_p1_r100_t518400_6M_3d_17h_31m_52s_tootallnate.java-websocket-fa3909c=org.java_websocket.issues.Issue256Test.runReconnectScenario7_output_1591223514,1591224280,1591223869,411
isolation-runs-surefire-combined,JON_106-iso-more-runs_p1_r100_t518400_6M_3d_17h_31m_52s_tootallnate.java-websocket-fa3909c=org.java_websocket.issues.Issue256Test.runReconnectScenario8_output_1591223514,1591224233,1591223801,432
isolation-runs-surefire-combined,JON_106-iso-more-runs_p1_r100_t518400_6M_3d_17h_31m_52s_tootallnate.java-websocket-fa3909c=org.java_websocket.issues.Issue256Test.runReconnectScenario9_output_1591223514,1591224324,1591223813,511
isolation-runs-surefire-combined,JON_106-iso-more-runs_p1_r100_t518400_6M_3d_17h_31m_52s_tootallnate.java-websocket-fa3909c=org.java_websocket.issues.Issue580Test.runNoCloseBlockingTestScenario0_output_1591223514,1591224146,1591223795,351
isolation-runs-surefire-combined,JON_106-iso-more-runs_p1_r100_t518400_6M_3d_17h_31m_52s_tootallnate.java-websocket-fa3909c=org.java_websocket.issues.Issue580Test.runNoCloseBlockingTestScenario3_output_1591223514,1591224164,1591223792,372
isolation-runs-surefire-combined,JON_106-iso-more-runs_p1_r100_t518400_6M_3d_17h_31m_52s_tootallnate.java-websocket-fa3909c=org.java_websocket.issues.Issue580Test.runNoCloseBlockingTestScenario4_output_1591223514,1591224116,1591223786,330
isolation-runs-surefire-combined,JON_106-iso-more-runs_p1_r100_t518400_6M_3d_17h_31m_52s_tootallnate.java-websocket-fa3909c=org.java_websocket.issues.Issue580Test.runNoCloseBlockingTestScenario6_output_1591223514,1591224228,1591223795,433
isolation-runs-surefire-combined,JON_106-iso-more-runs_p1_r100_t518400_6M_3d_17h_31m_52s_tootallnate.java-websocket-fa3909c=org.java_websocket.issues.Issue580Test.runNoCloseBlockingTestScenario8_output_1591223514,1591224250,1591223872,378
isolation-runs-surefire-combined,JON_106-iso-more-runs_p1_r100_t518400_6M_3d_17h_31m_52s_tootallnate.java-websocket-fa3909c=org.java_websocket.issues.Issue621Test.testIssue_output_1591223514,1591224269,1591223887,382
isolation-runs-surefire-combined,JON_106-iso-more-runs_p1_r100_t518400_6M_3d_17h_31m_52s_tootallnate.java-websocket-fa3909c=org.java_websocket.issues.Issue677Test.testIssue_output_1591223514,1591224206,1591223861,345
isolation-runs-surefire-combined,JON_106-iso-more-runs_p1_r100_t518400_6M_3d_17h_31m_52s_tootallnate.java-websocket-fa3909c=org.java_websocket.issues.Issue713Test.testIssue_output_1591223514,1591224192,1591223795,397
isolation-runs-surefire-combined,JON_106-iso-more-runs_p1_r100_t518400_6M_3d_17h_31m_52s_tootallnate.java-websocket-fa3909c=org.java_websocket.misc.OpeningHandshakeRejectionTest.testHandshakeRejectionTestCase0_output_1591223514,1591224188,1591223863,325
isolation-runs-surefire-combined,JON_106-iso-more-runs_p1_r100_t518400_6M_3d_17h_31m_52s_tootallnate.java-websocket-fa3909c=org.java_websocket.misc.OpeningHandshakeRejectionTest.testHandshakeRejectionTestCase10_output_1591223514,1591224193,1591223799,394
isolation-runs-surefire-combined,JON_106-iso-more-runs_p1_r100_t518400_6M_3d_17h_31m_52s_tootallnate.java-websocket-fa3909c=org.java_websocket.misc.OpeningHandshakeRejectionTest.testHandshakeRejectionTestCase11_output_1591223514,1591224225,1591223875,350
isolation-runs-surefire-combined,JON_106-iso-more-runs_p1_r100_t518400_6M_3d_17h_34m_52s_square.retrofit-ae28c3d=retrofit2.CallTest.cancelRequest_output_1591223695,1591224477,1591223937,540
isolation-runs-surefire-combined,JON_106-iso-more-runs_p1_r100_t518400_6M_3d_17h_31m_52s_tootallnate.java-websocket-fa3909c=org.java_websocket.protocols.ProtoclHandshakeRejectionTest.testHandshakeRejectionTestCase10_output_1591223514,1591224154,1591223783,371
isolation-runs-surefire-combined,JON_106-iso-more-runs_p1_r100_t518400_6M_3d_17h_31m_52s_wro4j.wro4j-185ab60=ro.isdc.wro.extensions.processor.support.sass.TestRubySassEngine.shouldProcessValidCss_output_1591223514,1591224856,1591223892,964
isolation-runs-surefire-combined,JON_106-iso-more-runs_p1_r100_t518400_6M_3d_17h_31m_52s_wro4j.wro4j-185ab60=ro.isdc.wro.extensions.processor.support.sass.TestRubySassEngine.shouldProcessValidNonAsciiSass_output_1591223514,1591224774,1591223875,899
isolation-runs-surefire-combined,JON_106-iso-more-runs_p1_r100_t518400_6M_3d_17h_31m_52s_wro4j.wro4j-185ab60=ro.isdc.wro.extensions.processor.support.sass.TestRubySassEngine.shouldProcessValidSass_output_1591223514,1591224871,1591223887,984
isolation-runs-surefire-combined,JON_106-iso-more-runs_p1_r100_t518400_6M_3d_17h_31m_52s_wro4j.wro4j-185ab60=ro.isdc.wro.extensions.processor.TestBourbonCssProcessor.shouldBeThreadSafe_output_1591223514,1591224903,1591223879,1024
isolation-runs-surefire-combined,JON_106-iso-more-runs_p1_r100_t518400_6M_3d_17h_31m_52s_wro4j.wro4j-185ab60=ro.isdc.wro.extensions.processor.TestRubySassCssProcessor.executeMultipleTimesDoesntThrowOutOfMemoryException_output_1591223514,1591224784,1591223901,883
isolation-runs-surefire-combined,JON_106-iso-more-runs_p1_r100_t518400_6M_3d_17h_31m_52s_wro4j.wro4j-185ab60=ro.isdc.wro.extensions.processor.TestRubySassCssProcessor.shouldBeThreadSafe_output_1591223514,1591224898,1591223881,1017
isolation-runs-surefire-combined,JON_106-iso-more-runs_p1_r100_t518400_6M_3d_17h_31m_52s_wro4j.wro4j-185ab60=ro.isdc.wro.extensions.processor.TestRubySassCssProcessor.shouldBeThreadSafeWhenInitializingProcessor_output_1591223514,1591224860,1591223892,968
isolation-runs-surefire-combined,JON_106-iso-more-runs_p1_r100_t518400_6M_3d_17h_31m_52s_wro4j.wro4j-185ab60=ro.isdc.wro.extensions.processor.TestRubySassCssProcessor.shouldSucceedAfterAFailure_output_1591223514,1591224761,1591223890,871
isolation-runs-surefire-combined,JON_106-iso-more-runs_p1_r100_t518400_6M_3d_17h_31m_52s_wro4j.wro4j-185ab60=ro.isdc.wro.extensions.processor.TestRubySassCssProcessor.shouldTestFromFolder_output_1591223514,1591224794,1591223762,1032
isolation-runs-surefire-combined,JON_106-iso-more-runs_p1_r100_t518400_6M_3d_17h_31m_52s_wso2.carbon-apimgt-a82213e=org.wso2.carbon.apimgt.throttling.siddhi.extension.ThrottleTimeBatchWindowTestCase.throttleTimeWindowBatchTest2_output_1591223514,1591225826,1591223893,1933
isolation-runs-surefire-combined,JON_106-iso-more-runs_p1_r100_t518400_6M_3d_17h_34m_52s_orbit.orbit-c4904af=cloud.orbit.actors.extensions.test.LengthFieldHandlerTest.randomMessages_output_1591223695,1591224302,1591223931,371
isolation-runs-surefire-combined,JON_106-iso-more-runs_p1_r100_t518400_6M_3d_17h_34m_52s_oryxproject.oryx-72ae4bb=com.cloudera.oryx.common.io.IOUtilsTest.testDistinctFreePorts_output_1591223695,1591224412,1591223931,481
isolation-runs-surefire-combined,JON_106-iso-more-runs_p1_r100_t518400_6M_3d_17h_34m_52s_spinn3r.noxy-d53a494=com.spinn3r.noxy.discovery.zookeeper.ZKTest.testBulkClusterJoining_output_1591223695,1591232146,1591223934,8212
isolation-runs-surefire-combined,JON_106-iso-more-runs_p1_r100_t518400_6M_3d_17h_34m_52s_spinn3r.noxy-d53a494=com.spinn3r.noxy.discovery.zookeeper.ZKTest.testDiscoveryListener_output_1591223695,1591224515,1591223931,584
isolation-runs-surefire-combined,JON_106-iso-more-runs_p1_r100_t518400_6M_3d_17h_34m_52s_spinn3r.noxy-d53a494=com.spinn3r.noxy.discovery.zookeeper.ZKTest.testMembershipJoinAndLeave_output_1591223695,1591224506,1591223931,575
isolation-runs-surefire-combined,JON_106-iso-more-runs_p1_r100_t518400_6M_3d_17h_34m_52s_square.retrofit-ae28c3d=retrofit2.adapter.rxjava.CompletableThrowingSafeSubscriberTest.throwingInOnCompleteDeliveredToPlugin_output_1591223695,1591224290,1591223937,353
isolation-runs-surefire-combined,JON_106-iso-more-runs_p1_r100_t518400_6M_3d_17h_34m_52s_square.retrofit-ae28c3d=retrofit2.adapter.rxjava.CompletableThrowingTest.throwingInOnCompleteDeliveredToPlugin_output_1591223695,1591224283,1591223937,346
isolation-runs-surefire-combined,JON_106-iso-more-runs_p1_r100_t518400_6M_3d_17h_34m_52s_square.retrofit-ae28c3d=retrofit2.adapter.rxjava.SingleThrowingTest.bodyThrowingInOnSuccessDeliveredToPlugin_output_1591223695,1591224251,1591223934,317
isolation-runs-surefire-combined,JON_106-iso-more-runs_p1_r100_t518400_6M_3d_17h_34m_52s_square.retrofit-ae28c3d=retrofit2.adapter.rxjava.SingleThrowingTest.responseThrowingInOnErrorDeliveredToPlugin_output_1591223695,1591224266,1591223961,305
isolation-runs-surefire-combined,JON_106-iso-more-runs_p1_r100_t518400_6M_3d_17h_34m_52s_tootallnate.java-websocket-fa3909c=org.java_websocket.issues.Issue256Test.runReconnectScenario0_output_1591223695,1591224517,1591224017,500
isolation-runs-surefire-combined,JON_106-iso-more-runs_p1_r100_t518400_6M_3d_17h_34m_52s_square.retrofit-ae28c3d=retrofit2.adapter.rxjava.SingleThrowingTest.responseThrowingInOnSuccessDeliveredToPlugin_output_1591223695,1591224337,1591223943,394
isolation-runs-surefire-combined,JON_106-iso-more-runs_p1_r100_t518400_6M_3d_17h_34m_52s_tootallnate.java-websocket-fa3909c=org.java_websocket.issues.Issue256Test.runReconnectBlockingScenario0_output_1591223695,1591224323,1591223972,351
isolation-runs-surefire-combined,JON_106-iso-more-runs_p1_r100_t518400_6M_3d_17h_34m_52s_tootallnate.java-websocket-fa3909c=org.java_websocket.issues.Issue256Test.runReconnectBlockingScenario1_output_1591223695,1591224328,1591223961,367
isolation-runs-surefire-combined,JON_106-iso-more-runs_p1_r100_t518400_6M_3d_17h_34m_52s_tootallnate.java-websocket-fa3909c=org.java_websocket.issues.Issue256Test.runReconnectBlockingScenario2_output_1591223695,1591224456,1591224005,451
isolation-runs-surefire-combined,JON_106-iso-more-runs_p1_r100_t518400_6M_3d_17h_34m_52s_tootallnate.java-websocket-fa3909c=org.java_websocket.issues.Issue256Test.runReconnectBlockingScenario3_output_1591223695,1591224302,1591223934,368
isolation-runs-surefire-combined,JON_106-iso-more-runs_p1_r100_t518400_6M_3d_17h_34m_52s_tootallnate.java-websocket-fa3909c=org.java_websocket.issues.Issue256Test.runReconnectBlockingScenario4_output_1591223695,1591224401,1591224017,384
isolation-runs-surefire-combined,JON_106-iso-more-runs_p1_r100_t518400_6M_3d_17h_34m_52s_tootallnate.java-websocket-fa3909c=org.java_websocket.issues.Issue256Test.runReconnectBlockingScenario5_output_1591223695,1591224394,1591224014,380
isolation-runs-surefire-combined,JON_106-iso-more-runs_p1_r100_t518400_6M_3d_17h_34m_52s_tootallnate.java-websocket-fa3909c=org.java_websocket.issues.Issue256Test.runReconnectBlockingScenario6_output_1591223695,1591224336,1591223958,378
isolation-runs-surefire-combined,JON_106-iso-more-runs_p1_r100_t518400_6M_3d_17h_34m_52s_tootallnate.java-websocket-fa3909c=org.java_websocket.issues.Issue256Test.runReconnectBlockingScenario7_output_1591223695,1591224441,1591223966,475
isolation-runs-surefire-combined,JON_106-iso-more-runs_p1_r100_t518400_6M_3d_17h_34m_52s_tootallnate.java-websocket-fa3909c=org.java_websocket.issues.Issue256Test.runReconnectBlockingScenario8_output_1591223695,1591224391,1591223972,419
isolation-runs-surefire-combined,JON_106-iso-more-runs_p1_r100_t518400_6M_3d_17h_34m_52s_tootallnate.java-websocket-fa3909c=org.java_websocket.issues.Issue256Test.runReconnectBlockingScenario9_output_1591223695,1591224395,1591223981,414
isolation-runs-surefire-combined,JON_106-iso-more-runs_p1_r100_t518400_6M_3d_17h_34m_52s_tootallnate.java-websocket-fa3909c=org.java_websocket.issues.Issue256Test.runReconnectScenario1_output_1591223695,1591224498,1591224017,481
isolation-runs-surefire-combined,JON_106-iso-more-runs_p1_r100_t518400_6M_3d_17h_34m_52s_tootallnate.java-websocket-fa3909c=org.java_websocket.issues.Issue256Test.runReconnectScenario2_output_1591223695,1591224481,1591223981,500
isolation-runs-surefire-combined,JON_106-iso-more-runs_p1_r100_t518400_6M_3d_17h_34m_52s_tootallnate.java-websocket-fa3909c=org.java_websocket.issues.Issue256Test.runReconnectScenario3_output_1591223695,1591224427,1591223984,443
isolation-runs-surefire-combined,JON_106-iso-more-runs_p1_r100_t518400_6M_3d_17h_34m_52s_tootallnate.java-websocket-fa3909c=org.java_websocket.issues.Issue256Test.runReconnectScenario4_output_1591223695,1591224427,1591223955,472
isolation-runs-surefire-combined,JON_106-iso-more-runs_p1_r100_t518400_6M_3d_17h_34m_52s_tootallnate.java-websocket-fa3909c=org.java_websocket.issues.Issue256Test.runReconnectScenario5_output_1591223695,1591224464,1591223972,492
isolation-runs-surefire-combined,JON_106-iso-more-runs_p1_r100_t518400_6M_3d_17h_34m_52s_tootallnate.java-websocket-fa3909c=org.java_websocket.issues.Issue256Test.runReconnectScenario6_output_1591223695,1591224465,1591223966,499
isolation-runs-surefire-combined,JON_106-iso-more-runs_p1_r100_t518400_6M_3d_17h_34m_52s_tootallnate.java-websocket-fa3909c=org.java_websocket.issues.Issue256Test.runReconnectScenario7_output_1591223695,1591224543,1591224020,523
isolation-runs-surefire-combined,JON_106-iso-more-runs_p1_r100_t518400_6M_3d_17h_34m_52s_tootallnate.java-websocket-fa3909c=org.java_websocket.issues.Issue256Test.runReconnectScenario8_output_1591223695,1591224454,1591224011,443
isolation-runs-surefire-combined,JON_106-iso-more-runs_p1_r100_t518400_6M_3d_17h_34m_52s_tootallnate.java-websocket-fa3909c=org.java_websocket.issues.Issue256Test.runReconnectScenario9_output_1591223695,1591224507,1591223990,517
isolation-runs-surefire-combined,JON_106-iso-more-runs_p1_r100_t518400_6M_3d_17h_34m_52s_tootallnate.java-websocket-fa3909c=org.java_websocket.issues.Issue580Test.runNoCloseBlockingTestScenario0_output_1591223695,1591224362,1591223969,393
isolation-runs-surefire-combined,JON_106-iso-more-runs_p1_r100_t518400_6M_3d_17h_34m_52s_tootallnate.java-websocket-fa3909c=org.java_websocket.issues.Issue580Test.runNoCloseBlockingTestScenario3_output_1591223695,1591224369,1591223934,435
isolation-runs-surefire-combined,JON_106-iso-more-runs_p1_r100_t518400_6M_3d_17h_34m_52s_tootallnate.java-websocket-fa3909c=org.java_websocket.issues.Issue580Test.runNoCloseBlockingTestScenario4_output_1591223695,1591224326,1591223955,371
isolation-runs-surefire-combined,JON_106-iso-more-runs_p1_r100_t518400_6M_3d_17h_34m_52s_tootallnate.java-websocket-fa3909c=org.java_websocket.issues.Issue580Test.runNoCloseBlockingTestScenario6_output_1591223695,1591224386,1591223966,420
isolation-runs-surefire-combined,JON_106-iso-more-runs_p1_r100_t518400_6M_3d_17h_34m_52s_tootallnate.java-websocket-fa3909c=org.java_websocket.issues.Issue580Test.runNoCloseBlockingTestScenario8_output_1591223695,1591224434,1591223990,444
isolation-runs-surefire-combined,JON_106-iso-more-runs_p1_r100_t518400_6M_3d_17h_34m_52s_tootallnate.java-websocket-fa3909c=org.java_websocket.issues.Issue621Test.testIssue_output_1591223695,1591224448,1591224064,384
isolation-runs-surefire-combined,JON_106-iso-more-runs_p1_r100_t518400_6M_3d_17h_34m_52s_tootallnate.java-websocket-fa3909c=org.java_websocket.issues.Issue677Test.testIssue_output_1591223695,1591224367,1591223981,386
isolation-runs-surefire-combined,JON_106-iso-more-runs_p1_r100_t518400_6M_3d_17h_34m_52s_tootallnate.java-websocket-fa3909c=org.java_websocket.issues.Issue713Test.testIssue_output_1591223695,1591224384,1591223963,421
isolation-runs-surefire-combined,JON_106-iso-more-runs_p1_r100_t518400_6M_3d_17h_34m_52s_tootallnate.java-websocket-fa3909c=org.java_websocket.misc.OpeningHandshakeRejectionTest.testHandshakeRejectionTestCase0_output_1591223695,1591224427,1591224029,398
isolation-runs-surefire-combined,JON_106-iso-more-runs_p1_r100_t518400_6M_3d_17h_34m_52s_tootallnate.java-websocket-fa3909c=org.java_websocket.misc.OpeningHandshakeRejectionTest.testHandshakeRejectionTestCase10_output_1591223695,1591224395,1591224017,378
isolation-runs-surefire-combined,JON_106-iso-more-runs_p1_r100_t518400_6M_3d_17h_34m_52s_tootallnate.java-websocket-fa3909c=org.java_websocket.misc.OpeningHandshakeRejectionTest.testHandshakeRejectionTestCase11_output_1591223695,1591224470,1591224091,379
isolation-runs-surefire-combined,JON_106-iso-more-runs_p1_r100_t518400_6M_3d_17h_34m_52s_tootallnate.java-websocket-fa3909c=org.java_websocket.protocols.ProtoclHandshakeRejectionTest.testHandshakeRejectionTestCase10_output_1591223695,1591224360,1591223969,391
isolation-runs-surefire-combined,JON_106-iso-more-runs_p1_r100_t518400_6M_3d_17h_34m_52s_wro4j.wro4j-185ab60=ro.isdc.wro.extensions.processor.support.sass.TestRubySassEngine.shouldProcessValidCss_output_1591223695,1591224911,1591224059,852
isolation-runs-surefire-combined,JON_106-iso-more-runs_p1_r100_t518400_6M_3d_17h_34m_52s_wro4j.wro4j-185ab60=ro.isdc.wro.extensions.processor.support.sass.TestRubySassEngine.shouldProcessValidNonAsciiSass_output_1591223695,1591225062,1591224059,1003
isolation-runs-surefire-combined,JON_106-iso-more-runs_p1_r100_t518400_6M_3d_17h_34m_52s_wro4j.wro4j-185ab60=ro.isdc.wro.extensions.processor.support.sass.TestRubySassEngine.shouldProcessValidSass_output_1591223695,1591224974,1591224062,912
isolation-runs-surefire-combined,JON_106-iso-more-runs_p1_r100_t518400_6M_3d_17h_34m_52s_wro4j.wro4j-185ab60=ro.isdc.wro.extensions.processor.TestBourbonCssProcessor.shouldBeThreadSafe_output_1591223695,1591225263,1591224040,1223
isolation-runs-surefire-combined,JON_106-iso-more-runs_p1_r100_t518400_6M_3d_17h_34m_52s_wro4j.wro4j-185ab60=ro.isdc.wro.extensions.processor.TestRubySassCssProcessor.executeMultipleTimesDoesntThrowOutOfMemoryException_output_1591223695,1591225098,1591224067,1031
isolation-runs-surefire-combined,JON_106-iso-more-runs_p1_r100_t518400_6M_3d_17h_34m_52s_wro4j.wro4j-185ab60=ro.isdc.wro.extensions.processor.TestRubySassCssProcessor.shouldBeThreadSafe_output_1591223695,1591224967,1591224052,915
isolation-runs-surefire-combined,JON_106-iso-more-runs_p1_r100_t518400_6M_3d_17h_34m_52s_wro4j.wro4j-185ab60=ro.isdc.wro.extensions.processor.TestRubySassCssProcessor.shouldBeThreadSafeWhenInitializingProcessor_output_1591223695,1591225029,1591224088,941
isolation-runs-surefire-combined,JON_106-iso-more-runs_p1_r100_t518400_6M_3d_17h_34m_52s_wro4j.wro4j-185ab60=ro.isdc.wro.extensions.processor.TestRubySassCssProcessor.shouldSucceedAfterAFailure_output_1591223695,1591225001,1591224064,937
isolation-runs-surefire-combined,JON_106-iso-more-runs_p1_r100_t518400_6M_3d_17h_34m_52s_wro4j.wro4j-185ab60=ro.isdc.wro.extensions.processor.TestRubySassCssProcessor.shouldTestFromFolder_output_1591223695,1591225269,1591224053,1216
isolation-runs-surefire-combined,JON_106-iso-more-runs_p1_r100_t518400_6M_3d_17h_37m_53s_orbit.orbit-c4904af=cloud.orbit.actors.extensions.test.LengthFieldHandlerTest.randomMessages_output_1591223874,1591224516,1591224117,399
isolation-runs-surefire-combined,JON_106-iso-more-runs_p1_r100_t518400_6M_3d_17h_34m_52s_wso2.carbon-apimgt-a82213e=org.wso2.carbon.apimgt.throttling.siddhi.extension.ThrottleTimeBatchWindowTestCase.throttleTimeWindowBatchTest2_output_1591223695,1591226056,1591224091,1965
isolation-runs-surefire-combined,JON_106-iso-more-runs_p1_r100_t518400_6M_3d_17h_37m_53s_oryxproject.oryx-72ae4bb=com.cloudera.oryx.common.io.IOUtilsTest.testDistinctFreePorts_output_1591223874,1591224555,1591224136,419
isolation-runs-surefire-combined,JON_106-iso-more-runs_p1_r100_t518400_6M_3d_17h_37m_53s_spinn3r.noxy-d53a494=com.spinn3r.noxy.discovery.zookeeper.ZKTest.testBulkClusterJoining_output_1591223874,1591235000,1591224127,10873
isolation-runs-surefire-combined,JON_106-iso-more-runs_p1_r100_t518400_6M_3d_17h_37m_53s_spinn3r.noxy-d53a494=com.spinn3r.noxy.discovery.zookeeper.ZKTest.testDiscoveryListener_output_1591223874,1591224709,1591224136,573
isolation-runs-surefire-combined,JON_106-iso-more-runs_p1_r100_t518400_6M_3d_17h_37m_53s_spinn3r.noxy-d53a494=com.spinn3r.noxy.discovery.zookeeper.ZKTest.testMembershipJoinAndLeave_output_1591223874,1591224672,1591224136,536
isolation-runs-surefire-combined,JON_106-iso-more-runs_p1_r100_t518400_6M_3d_17h_37m_53s_square.retrofit-ae28c3d=retrofit2.adapter.rxjava.CompletableThrowingSafeSubscriberTest.throwingInOnCompleteDeliveredToPlugin_output_1591223874,1591224475,1591224139,336
isolation-runs-surefire-combined,JON_106-iso-more-runs_p1_r100_t518400_6M_3d_17h_37m_53s_square.retrofit-ae28c3d=retrofit2.adapter.rxjava.CompletableThrowingTest.throwingInOnCompleteDeliveredToPlugin_output_1591223874,1591224452,1591224139,313
isolation-runs-surefire-combined,JON_106-iso-more-runs_p1_r100_t518400_6M_3d_17h_37m_53s_square.retrofit-ae28c3d=retrofit2.adapter.rxjava.SingleThrowingTest.bodyThrowingInOnSuccessDeliveredToPlugin_output_1591223874,1591224435,1591224139,296
isolation-runs-surefire-combined,JON_106-iso-more-runs_p1_r100_t518400_6M_3d_17h_37m_53s_square.retrofit-ae28c3d=retrofit2.adapter.rxjava.SingleThrowingTest.responseThrowingInOnErrorDeliveredToPlugin_output_1591223874,1591224478,1591224139,339
isolation-runs-surefire-combined,JON_106-iso-more-runs_p1_r100_t518400_6M_3d_17h_37m_53s_square.retrofit-ae28c3d=retrofit2.adapter.rxjava.SingleThrowingTest.responseThrowingInOnSuccessDeliveredToPlugin_output_1591223874,1591224427,1591224130,297
isolation-runs-surefire-combined,JON_106-iso-more-runs_p1_r100_t518400_6M_3d_17h_37m_53s_square.retrofit-ae28c3d=retrofit2.CallTest.cancelRequest_output_1591223874,1591224706,1591224139,567
isolation-runs-surefire-combined,JON_106-iso-more-runs_p1_r100_t518400_6M_3d_17h_37m_53s_tootallnate.java-websocket-fa3909c=org.java_websocket.issues.Issue256Test.runReconnectBlockingScenario0_output_1591223874,1591224526,1591224144,382
isolation-runs-surefire-combined,JON_106-iso-more-runs_p1_r100_t518400_6M_3d_17h_37m_53s_tootallnate.java-websocket-fa3909c=org.java_websocket.issues.Issue256Test.runReconnectBlockingScenario1_output_1591223874,1591224552,1591224141,411
isolation-runs-surefire-combined,JON_106-iso-more-runs_p1_r100_t518400_6M_3d_17h_37m_53s_tootallnate.java-websocket-fa3909c=org.java_websocket.issues.Issue256Test.runReconnectBlockingScenario2_output_1591223874,1591224576,1591224183,393
isolation-runs-surefire-combined,JON_106-iso-more-runs_p1_r100_t518400_6M_3d_17h_37m_53s_tootallnate.java-websocket-fa3909c=org.java_websocket.issues.Issue256Test.runReconnectBlockingScenario3_output_1591223874,1591224539,1591224147,392
isolation-runs-surefire-combined,JON_106-iso-more-runs_p1_r100_t518400_6M_3d_17h_37m_53s_tootallnate.java-websocket-fa3909c=org.java_websocket.issues.Issue256Test.runReconnectBlockingScenario4_output_1591223874,1591224582,1591224208,374
isolation-runs-surefire-combined,JON_106-iso-more-runs_p1_r100_t518400_6M_3d_17h_37m_53s_tootallnate.java-websocket-fa3909c=org.java_websocket.issues.Issue256Test.runReconnectBlockingScenario5_output_1591223874,1591224531,1591224156,375
isolation-runs-surefire-combined,JON_106-iso-more-runs_p1_r100_t518400_6M_3d_17h_37m_53s_tootallnate.java-websocket-fa3909c=org.java_websocket.issues.Issue256Test.runReconnectBlockingScenario6_output_1591223874,1591224532,1591224141,391
isolation-runs-surefire-combined,JON_106-iso-more-runs_p1_r100_t518400_6M_3d_17h_37m_53s_tootallnate.java-websocket-fa3909c=org.java_websocket.issues.Issue256Test.runReconnectBlockingScenario7_output_1591223874,1591224520,1591224141,379
isolation-runs-surefire-combined,JON_106-iso-more-runs_p1_r100_t518400_6M_3d_17h_37m_53s_tootallnate.java-websocket-fa3909c=org.java_websocket.issues.Issue256Test.runReconnectBlockingScenario8_output_1591223874,1591224503,1591224141,362
isolation-runs-surefire-combined,JON_106-iso-more-runs_p1_r100_t518400_6M_3d_17h_37m_53s_tootallnate.java-websocket-fa3909c=org.java_websocket.issues.Issue256Test.runReconnectBlockingScenario9_output_1591223874,1591224541,1591224147,394
isolation-runs-surefire-combined,JON_106-iso-more-runs_p1_r100_t518400_6M_3d_17h_37m_53s_tootallnate.java-websocket-fa3909c=org.java_websocket.issues.Issue256Test.runReconnectScenario0_output_1591223874,1591224663,1591224198,465
isolation-runs-surefire-combined,JON_106-iso-more-runs_p1_r100_t518400_6M_3d_17h_37m_53s_tootallnate.java-websocket-fa3909c=org.java_websocket.issues.Issue256Test.runReconnectScenario1_output_1591223874,1591224644,1591224217,427
isolation-runs-surefire-combined,JON_106-iso-more-runs_p1_r100_t518400_6M_3d_17h_37m_53s_tootallnate.java-websocket-fa3909c=org.java_websocket.issues.Issue256Test.runReconnectScenario2_output_1591223874,1591224633,1591224147,486
isolation-runs-surefire-combined,JON_106-iso-more-runs_p1_r100_t518400_6M_3d_17h_37m_53s_tootallnate.java-websocket-fa3909c=org.java_websocket.issues.Issue256Test.runReconnectScenario3_output_1591223874,1591224661,1591224150,511
isolation-runs-surefire-combined,JON_106-iso-more-runs_p1_r100_t518400_6M_3d_17h_37m_53s_tootallnate.java-websocket-fa3909c=org.java_websocket.issues.Issue256Test.runReconnectScenario4_output_1591223874,1591224654,1591224141,513
isolation-runs-surefire-combined,JON_106-iso-more-runs_p1_r100_t518400_6M_3d_17h_37m_53s_tootallnate.java-websocket-fa3909c=org.java_websocket.issues.Issue256Test.runReconnectScenario5_output_1591223874,1591224543,1591224147,396
isolation-runs-surefire-combined,JON_106-iso-more-runs_p1_r100_t518400_6M_3d_17h_37m_53s_tootallnate.java-websocket-fa3909c=org.java_websocket.issues.Issue256Test.runReconnectScenario6_output_1591223874,1591224607,1591224144,463
isolation-runs-surefire-combined,JON_106-iso-more-runs_p1_r100_t518400_6M_3d_17h_37m_53s_tootallnate.java-websocket-fa3909c=org.java_websocket.issues.Issue256Test.runReconnectScenario7_output_1591223874,1591224613,1591224163,450
isolation-runs-surefire-combined,JON_106-iso-more-runs_p1_r100_t518400_6M_3d_17h_37m_53s_tootallnate.java-websocket-fa3909c=org.java_websocket.issues.Issue256Test.runReconnectScenario8_output_1591223874,1591224616,1591224147,469
isolation-runs-surefire-combined,JON_106-iso-more-runs_p1_r100_t518400_6M_3d_17h_37m_53s_tootallnate.java-websocket-fa3909c=org.java_websocket.issues.Issue256Test.runReconnectScenario9_output_1591223874,1591224639,1591224133,506
isolation-runs-surefire-combined,JON_106-iso-more-runs_p1_r100_t518400_6M_3d_17h_37m_53s_tootallnate.java-websocket-fa3909c=org.java_websocket.issues.Issue580Test.runNoCloseBlockingTestScenario0_output_1591223874,1591224517,1591224144,373
isolation-runs-surefire-combined,JON_106-iso-more-runs_p1_r100_t518400_6M_3d_17h_37m_53s_tootallnate.java-websocket-fa3909c=org.java_websocket.issues.Issue580Test.runNoCloseBlockingTestScenario3_output_1591223874,1591224489,1591224141,348
isolation-runs-surefire-combined,JON_106-iso-more-runs_p1_r100_t518400_6M_3d_17h_37m_53s_tootallnate.java-websocket-fa3909c=org.java_websocket.issues.Issue580Test.runNoCloseBlockingTestScenario4_output_1591223874,1591224492,1591224141,351
isolation-runs-surefire-combined,JON_106-iso-more-runs_p1_r100_t518400_6M_3d_17h_37m_53s_tootallnate.java-websocket-fa3909c=org.java_websocket.issues.Issue580Test.runNoCloseBlockingTestScenario6_output_1591223874,1591224549,1591224147,402
isolation-runs-surefire-combined,JON_106-iso-more-runs_p1_r100_t518400_6M_3d_17h_37m_53s_tootallnate.java-websocket-fa3909c=org.java_websocket.issues.Issue580Test.runNoCloseBlockingTestScenario8_output_1591223874,1591224568,1591224211,357
isolation-runs-surefire-combined,JON_106-iso-more-runs_p1_r100_t518400_6M_3d_17h_37m_53s_tootallnate.java-websocket-fa3909c=org.java_websocket.issues.Issue621Test.testIssue_output_1591223874,1591224617,1591224219,398
isolation-runs-surefire-combined,JON_106-iso-more-runs_p1_r100_t518400_6M_3d_17h_37m_53s_tootallnate.java-websocket-fa3909c=org.java_websocket.issues.Issue677Test.testIssue_output_1591223874,1591224582,1591224198,384
isolation-runs-surefire-combined,JON_106-iso-more-runs_p1_r100_t518400_6M_3d_17h_37m_53s_tootallnate.java-websocket-fa3909c=org.java_websocket.issues.Issue713Test.testIssue_output_1591223874,1591224551,1591224144,407
isolation-runs-surefire-combined,JON_106-iso-more-runs_p1_r100_t518400_6M_3d_17h_37m_53s_tootallnate.java-websocket-fa3909c=org.java_websocket.misc.OpeningHandshakeRejectionTest.testHandshakeRejectionTestCase0_output_1591223874,1591224591,1591224219,372
isolation-runs-surefire-combined,JON_106-iso-more-runs_p1_r100_t518400_6M_3d_17h_37m_53s_tootallnate.java-websocket-fa3909c=org.java_websocket.misc.OpeningHandshakeRejectionTest.testHandshakeRejectionTestCase10_output_1591223874,1591224500,1591224147,353
isolation-runs-surefire-combined,JON_106-iso-more-runs_p1_r100_t518400_6M_3d_17h_37m_53s_tootallnate.java-websocket-fa3909c=org.java_websocket.misc.OpeningHandshakeRejectionTest.testHandshakeRejectionTestCase11_output_1591223874,1591224561,1591224216,345
isolation-runs-surefire-combined,JON_106-iso-more-runs_p1_r100_t518400_6M_3d_17h_40m_52s_square.retrofit-ae28c3d=retrofit2.CallTest.cancelRequest_output_1591224055,1591224922,1591224375,547
isolation-runs-surefire-combined,JON_106-iso-more-runs_p1_r100_t518400_6M_3d_17h_37m_53s_tootallnate.java-websocket-fa3909c=org.java_websocket.protocols.ProtoclHandshakeRejectionTest.testHandshakeRejectionTestCase10_output_1591223874,1591224535,1591224141,394
isolation-runs-surefire-combined,JON_106-iso-more-runs_p1_r100_t518400_6M_3d_17h_37m_53s_wro4j.wro4j-185ab60=ro.isdc.wro.extensions.processor.support.sass.TestRubySassEngine.shouldProcessValidCss_output_1591223874,1591225093,1591224225,868
isolation-runs-surefire-combined,JON_106-iso-more-runs_p1_r100_t518400_6M_3d_17h_37m_53s_wro4j.wro4j-185ab60=ro.isdc.wro.extensions.processor.support.sass.TestRubySassEngine.shouldProcessValidNonAsciiSass_output_1591223874,1591225075,1591224237,838
isolation-runs-surefire-combined,JON_106-iso-more-runs_p1_r100_t518400_6M_3d_17h_37m_53s_wro4j.wro4j-185ab60=ro.isdc.wro.extensions.processor.support.sass.TestRubySassEngine.shouldProcessValidSass_output_1591223874,1591225210,1591224240,970
isolation-runs-surefire-combined,JON_106-iso-more-runs_p1_r100_t518400_6M_3d_17h_37m_53s_wro4j.wro4j-185ab60=ro.isdc.wro.extensions.processor.TestBourbonCssProcessor.shouldBeThreadSafe_output_1591223874,1591225121,1591224231,890
isolation-runs-surefire-combined,JON_106-iso-more-runs_p1_r100_t518400_6M_3d_17h_37m_53s_wro4j.wro4j-185ab60=ro.isdc.wro.extensions.processor.TestRubySassCssProcessor.executeMultipleTimesDoesntThrowOutOfMemoryException_output_1591223874,1591225131,1591224240,891
isolation-runs-surefire-combined,JON_106-iso-more-runs_p1_r100_t518400_6M_3d_17h_37m_53s_wro4j.wro4j-185ab60=ro.isdc.wro.extensions.processor.TestRubySassCssProcessor.shouldBeThreadSafe_output_1591223874,1591225290,1591224222,1068
isolation-runs-surefire-combined,JON_106-iso-more-runs_p1_r100_t518400_6M_3d_17h_37m_53s_wro4j.wro4j-185ab60=ro.isdc.wro.extensions.processor.TestRubySassCssProcessor.shouldBeThreadSafeWhenInitializingProcessor_output_1591223874,1591225299,1591224249,1050
isolation-runs-surefire-combined,JON_106-iso-more-runs_p1_r100_t518400_6M_3d_17h_37m_53s_wro4j.wro4j-185ab60=ro.isdc.wro.extensions.processor.TestRubySassCssProcessor.shouldSucceedAfterAFailure_output_1591223874,1591225128,1591224222,906
isolation-runs-surefire-combined,JON_106-iso-more-runs_p1_r100_t518400_6M_3d_17h_37m_53s_wro4j.wro4j-185ab60=ro.isdc.wro.extensions.processor.TestRubySassCssProcessor.shouldTestFromFolder_output_1591223874,1591225138,1591224228,910
isolation-runs-surefire-combined,JON_106-iso-more-runs_p1_r100_t518400_6M_3d_17h_37m_53s_wso2.carbon-apimgt-a82213e=org.wso2.carbon.apimgt.throttling.siddhi.extension.ThrottleTimeBatchWindowTestCase.throttleTimeWindowBatchTest2_output_1591223874,1591226206,1591224259,1947
isolation-runs-surefire-combined,JON_106-iso-more-runs_p1_r100_t518400_6M_3d_17h_40m_52s_orbit.orbit-c4904af=cloud.orbit.actors.extensions.test.LengthFieldHandlerTest.randomMessages_output_1591224055,1591224814,1591224280,534
isolation-runs-surefire-combined,JON_106-iso-more-runs_p1_r100_t518400_6M_3d_17h_40m_52s_oryxproject.oryx-72ae4bb=com.cloudera.oryx.common.io.IOUtilsTest.testDistinctFreePorts_output_1591224055,1591224947,1591224369,578
isolation-runs-surefire-combined,JON_106-iso-more-runs_p1_r100_t518400_6M_3d_17h_40m_52s_spinn3r.noxy-d53a494=com.spinn3r.noxy.discovery.zookeeper.ZKTest.testBulkClusterJoining_output_1591224055,1591236840,1591224321,12519
isolation-runs-surefire-combined,JON_106-iso-more-runs_p1_r100_t518400_6M_3d_17h_40m_52s_spinn3r.noxy-d53a494=com.spinn3r.noxy.discovery.zookeeper.ZKTest.testDiscoveryListener_output_1591224055,1591224950,1591224372,578
isolation-runs-surefire-combined,JON_106-iso-more-runs_p1_r100_t518400_6M_3d_17h_40m_52s_spinn3r.noxy-d53a494=com.spinn3r.noxy.discovery.zookeeper.ZKTest.testMembershipJoinAndLeave_output_1591224055,1591224953,1591224372,581
isolation-runs-surefire-combined,JON_106-iso-more-runs_p1_r100_t518400_6M_3d_17h_40m_52s_square.retrofit-ae28c3d=retrofit2.adapter.rxjava.CompletableThrowingSafeSubscriberTest.throwingInOnCompleteDeliveredToPlugin_output_1591224055,1591224689,1591224375,314
isolation-runs-surefire-combined,JON_106-iso-more-runs_p1_r100_t518400_6M_3d_17h_40m_52s_square.retrofit-ae28c3d=retrofit2.adapter.rxjava.CompletableThrowingTest.throwingInOnCompleteDeliveredToPlugin_output_1591224055,1591224732,1591224375,357
isolation-runs-surefire-combined,JON_106-iso-more-runs_p1_r100_t518400_6M_3d_17h_40m_52s_square.retrofit-ae28c3d=retrofit2.adapter.rxjava.SingleThrowingTest.bodyThrowingInOnSuccessDeliveredToPlugin_output_1591224055,1591224673,1591224372,301
isolation-runs-surefire-combined,JON_106-iso-more-runs_p1_r100_t518400_6M_3d_17h_40m_52s_square.retrofit-ae28c3d=retrofit2.adapter.rxjava.SingleThrowingTest.responseThrowingInOnErrorDeliveredToPlugin_output_1591224055,1591224686,1591224375,311
isolation-runs-surefire-combined,JON_106-iso-more-runs_p1_r100_t518400_6M_3d_17h_40m_52s_tootallnate.java-websocket-fa3909c=org.java_websocket.issues.Issue256Test.runReconnectScenario0_output_1591224055,1591224874,1591224426,448
isolation-runs-surefire-combined,JON_106-iso-more-runs_p1_r100_t518400_6M_3d_17h_40m_52s_square.retrofit-ae28c3d=retrofit2.adapter.rxjava.SingleThrowingTest.responseThrowingInOnSuccessDeliveredToPlugin_output_1591224055,1591224738,1591224340,398
isolation-runs-surefire-combined,JON_106-iso-more-runs_p1_r100_t518400_6M_3d_17h_40m_52s_tootallnate.java-websocket-fa3909c=org.java_websocket.issues.Issue256Test.runReconnectBlockingScenario0_output_1591224055,1591224780,1591224381,399
isolation-runs-surefire-combined,JON_106-iso-more-runs_p1_r100_t518400_6M_3d_17h_40m_52s_tootallnate.java-websocket-fa3909c=org.java_websocket.issues.Issue256Test.runReconnectBlockingScenario1_output_1591224055,1591224808,1591224420,388
isolation-runs-surefire-combined,JON_106-iso-more-runs_p1_r100_t518400_6M_3d_17h_40m_52s_tootallnate.java-websocket-fa3909c=org.java_websocket.issues.Issue256Test.runReconnectBlockingScenario2_output_1591224055,1591224830,1591224427,403
isolation-runs-surefire-combined,JON_106-iso-more-runs_p1_r100_t518400_6M_3d_17h_40m_52s_tootallnate.java-websocket-fa3909c=org.java_websocket.issues.Issue256Test.runReconnectBlockingScenario3_output_1591224055,1591224779,1591224417,362
isolation-runs-surefire-combined,JON_106-iso-more-runs_p1_r100_t518400_6M_3d_17h_40m_52s_tootallnate.java-websocket-fa3909c=org.java_websocket.issues.Issue256Test.runReconnectBlockingScenario4_output_1591224055,1591224831,1591224436,395
isolation-runs-surefire-combined,JON_106-iso-more-runs_p1_r100_t518400_6M_3d_17h_40m_52s_tootallnate.java-websocket-fa3909c=org.java_websocket.issues.Issue256Test.runReconnectBlockingScenario5_output_1591224055,1591224856,1591224442,414
isolation-runs-surefire-combined,JON_106-iso-more-runs_p1_r100_t518400_6M_3d_17h_40m_52s_tootallnate.java-websocket-fa3909c=org.java_websocket.issues.Issue256Test.runReconnectBlockingScenario6_output_1591224055,1591224780,1591224378,402
isolation-runs-surefire-combined,JON_106-iso-more-runs_p1_r100_t518400_6M_3d_17h_40m_52s_tootallnate.java-websocket-fa3909c=org.java_websocket.issues.Issue256Test.runReconnectBlockingScenario7_output_1591224055,1591224787,1591224378,409
isolation-runs-surefire-combined,JON_106-iso-more-runs_p1_r100_t518400_6M_3d_17h_40m_52s_tootallnate.java-websocket-fa3909c=org.java_websocket.issues.Issue256Test.runReconnectBlockingScenario8_output_1591224055,1591224787,1591224378,409
isolation-runs-surefire-combined,JON_106-iso-more-runs_p1_r100_t518400_6M_3d_17h_40m_52s_tootallnate.java-websocket-fa3909c=org.java_websocket.issues.Issue256Test.runReconnectBlockingScenario9_output_1591224055,1591224760,1591224417,343
isolation-runs-surefire-combined,JON_106-iso-more-runs_p1_r100_t518400_6M_3d_17h_40m_52s_tootallnate.java-websocket-fa3909c=org.java_websocket.issues.Issue256Test.runReconnectScenario1_output_1591224055,1591224959,1591224426,533
isolation-runs-surefire-combined,JON_106-iso-more-runs_p1_r100_t518400_6M_3d_17h_40m_52s_tootallnate.java-websocket-fa3909c=org.java_websocket.issues.Issue256Test.runReconnectScenario2_output_1591224055,1591224906,1591224436,470
isolation-runs-surefire-combined,JON_106-iso-more-runs_p1_r100_t518400_6M_3d_17h_40m_52s_tootallnate.java-websocket-fa3909c=org.java_websocket.issues.Issue256Test.runReconnectScenario3_output_1591224055,1591224935,1591224423,512
isolation-runs-surefire-combined,JON_106-iso-more-runs_p1_r100_t518400_6M_3d_17h_40m_52s_tootallnate.java-websocket-fa3909c=org.java_websocket.issues.Issue256Test.runReconnectScenario4_output_1591224055,1591224897,1591224378,519
isolation-runs-surefire-combined,JON_106-iso-more-runs_p1_r100_t518400_6M_3d_17h_40m_52s_tootallnate.java-websocket-fa3909c=org.java_websocket.issues.Issue256Test.runReconnectScenario5_output_1591224055,1591224873,1591224385,488
isolation-runs-surefire-combined,JON_106-iso-more-runs_p1_r100_t518400_6M_3d_17h_40m_52s_tootallnate.java-websocket-fa3909c=org.java_websocket.issues.Issue256Test.runReconnectScenario6_output_1591224055,1591224882,1591224385,497
isolation-runs-surefire-combined,JON_106-iso-more-runs_p1_r100_t518400_6M_3d_17h_40m_52s_tootallnate.java-websocket-fa3909c=org.java_websocket.issues.Issue256Test.runReconnectScenario7_output_1591224055,1591224959,1591224448,511
isolation-runs-surefire-combined,JON_106-iso-more-runs_p1_r100_t518400_6M_3d_17h_40m_52s_tootallnate.java-websocket-fa3909c=org.java_websocket.issues.Issue256Test.runReconnectScenario8_output_1591224055,1591224906,1591224420,486
isolation-runs-surefire-combined,JON_106-iso-more-runs_p1_r100_t518400_6M_3d_17h_40m_52s_tootallnate.java-websocket-fa3909c=org.java_websocket.issues.Issue256Test.runReconnectScenario9_output_1591224055,1591224926,1591224422,504
isolation-runs-surefire-combined,JON_106-iso-more-runs_p1_r100_t518400_6M_3d_17h_40m_52s_tootallnate.java-websocket-fa3909c=org.java_websocket.issues.Issue580Test.runNoCloseBlockingTestScenario0_output_1591224055,1591224804,1591224385,419
isolation-runs-surefire-combined,JON_106-iso-more-runs_p1_r100_t518400_6M_3d_17h_40m_52s_tootallnate.java-websocket-fa3909c=org.java_websocket.issues.Issue580Test.runNoCloseBlockingTestScenario3_output_1591224055,1591224803,1591224381,422
isolation-runs-surefire-combined,JON_106-iso-more-runs_p1_r100_t518400_6M_3d_17h_40m_52s_tootallnate.java-websocket-fa3909c=org.java_websocket.issues.Issue580Test.runNoCloseBlockingTestScenario4_output_1591224055,1591224785,1591224378,407
isolation-runs-surefire-combined,JON_106-iso-more-runs_p1_r100_t518400_6M_3d_17h_40m_52s_tootallnate.java-websocket-fa3909c=org.java_websocket.issues.Issue580Test.runNoCloseBlockingTestScenario6_output_1591224055,1591224760,1591224382,378
isolation-runs-surefire-combined,JON_106-iso-more-runs_p1_r100_t518400_6M_3d_17h_40m_52s_tootallnate.java-websocket-fa3909c=org.java_websocket.issues.Issue580Test.runNoCloseBlockingTestScenario8_output_1591224055,1591224848,1591224427,421
isolation-runs-surefire-combined,JON_106-iso-more-runs_p1_r100_t518400_6M_3d_17h_40m_52s_tootallnate.java-websocket-fa3909c=org.java_websocket.issues.Issue621Test.testIssue_output_1591224055,1591224792,1591224433,359
isolation-runs-surefire-combined,JON_106-iso-more-runs_p1_r100_t518400_6M_3d_17h_40m_52s_tootallnate.java-websocket-fa3909c=org.java_websocket.issues.Issue677Test.testIssue_output_1591224055,1591224690,1591224360,330
isolation-runs-surefire-combined,JON_106-iso-more-runs_p1_r100_t518400_6M_3d_17h_40m_52s_tootallnate.java-websocket-fa3909c=org.java_websocket.issues.Issue713Test.testIssue_output_1591224055,1591224822,1591224384,438
isolation-runs-surefire-combined,JON_106-iso-more-runs_p1_r100_t518400_6M_3d_17h_40m_52s_tootallnate.java-websocket-fa3909c=org.java_websocket.misc.OpeningHandshakeRejectionTest.testHandshakeRejectionTestCase0_output_1591224055,1591224801,1591224427,374
isolation-runs-surefire-combined,JON_106-iso-more-runs_p1_r100_t518400_6M_3d_17h_40m_52s_tootallnate.java-websocket-fa3909c=org.java_websocket.misc.OpeningHandshakeRejectionTest.testHandshakeRejectionTestCase10_output_1591224055,1591224817,1591224422,395
isolation-runs-surefire-combined,JON_106-iso-more-runs_p1_r100_t518400_6M_3d_17h_40m_52s_tootallnate.java-websocket-fa3909c=org.java_websocket.misc.OpeningHandshakeRejectionTest.testHandshakeRejectionTestCase11_output_1591224055,1591224819,1591224427,392
isolation-runs-surefire-combined,JON_106-iso-more-runs_p1_r100_t518400_6M_3d_17h_40m_52s_tootallnate.java-websocket-fa3909c=org.java_websocket.protocols.ProtoclHandshakeRejectionTest.testHandshakeRejectionTestCase10_output_1591224055,1591224739,1591224378,361
isolation-runs-surefire-combined,JON_106-iso-more-runs_p1_r100_t518400_6M_3d_17h_40m_52s_wro4j.wro4j-185ab60=ro.isdc.wro.extensions.processor.support.sass.TestRubySassEngine.shouldProcessValidCss_output_1591224055,1591225392,1591224436,956
isolation-runs-surefire-combined,JON_106-iso-more-runs_p1_r100_t518400_6M_3d_17h_40m_52s_wro4j.wro4j-185ab60=ro.isdc.wro.extensions.processor.support.sass.TestRubySassEngine.shouldProcessValidNonAsciiSass_output_1591224055,1591225419,1591224436,983
isolation-runs-surefire-combined,JON_106-iso-more-runs_p1_r100_t518400_6M_3d_17h_40m_52s_wro4j.wro4j-185ab60=ro.isdc.wro.extensions.processor.support.sass.TestRubySassEngine.shouldProcessValidSass_output_1591224055,1591225465,1591224454,1011
isolation-runs-surefire-combined,JON_106-iso-more-runs_p1_r100_t518400_6M_3d_17h_40m_52s_wro4j.wro4j-185ab60=ro.isdc.wro.extensions.processor.TestBourbonCssProcessor.shouldBeThreadSafe_output_1591224055,1591225477,1591224436,1041
isolation-runs-surefire-combined,JON_106-iso-more-runs_p1_r100_t518400_6M_3d_17h_40m_52s_wro4j.wro4j-185ab60=ro.isdc.wro.extensions.processor.TestRubySassCssProcessor.executeMultipleTimesDoesntThrowOutOfMemoryException_output_1591224055,1591225635,1591224448,1187
isolation-runs-surefire-combined,JON_106-iso-more-runs_p1_r100_t518400_6M_3d_17h_40m_52s_wro4j.wro4j-185ab60=ro.isdc.wro.extensions.processor.TestRubySassCssProcessor.shouldBeThreadSafe_output_1591224055,1591225471,1591224442,1029
isolation-runs-surefire-combined,JON_106-iso-more-runs_p1_r100_t518400_6M_3d_17h_40m_52s_wro4j.wro4j-185ab60=ro.isdc.wro.extensions.processor.TestRubySassCssProcessor.shouldBeThreadSafeWhenInitializingProcessor_output_1591224055,1591225471,1591224451,1020
isolation-runs-surefire-combined,JON_106-iso-more-runs_p1_r100_t518400_6M_3d_17h_40m_52s_wro4j.wro4j-185ab60=ro.isdc.wro.extensions.processor.TestRubySassCssProcessor.shouldSucceedAfterAFailure_output_1591224055,1591225574,1591224451,1123
isolation-runs-surefire-combined,JON_106-iso-more-runs_p1_r100_t518400_6M_3d_17h_40m_52s_wro4j.wro4j-185ab60=ro.isdc.wro.extensions.processor.TestRubySassCssProcessor.shouldTestFromFolder_output_1591224055,1591225461,1591224436,1025
isolation-runs-surefire-combined,JON_106-iso-more-runs_p1_r100_t518400_6M_3d_17h_43m_52s_orbit.orbit-c4904af=cloud.orbit.actors.extensions.test.LengthFieldHandlerTest.randomMessages_output_1591224234,1591224946,1591224451,495
isolation-runs-surefire-combined,JON_106-iso-more-runs_p1_r100_t518400_6M_3d_17h_40m_52s_wso2.carbon-apimgt-a82213e=org.wso2.carbon.apimgt.throttling.siddhi.extension.ThrottleTimeBatchWindowTestCase.throttleTimeWindowBatchTest2_output_1591224055,1591226437,1591224454,1983
isolation-runs-surefire-combined,JON_106-iso-more-runs_p1_r100_t518400_6M_3d_17h_43m_52s_oryxproject.oryx-72ae4bb=com.cloudera.oryx.common.io.IOUtilsTest.testDistinctFreePorts_output_1591224234,1591225069,1591224457,612
isolation-runs-surefire-combined,JON_106-iso-more-runs_p1_r100_t518400_6M_3d_17h_43m_52s_spinn3r.noxy-d53a494=com.spinn3r.noxy.discovery.zookeeper.ZKTest.testBulkClusterJoining_output_1591224234,1591236397,1591224563,11834
isolation-runs-surefire-combined,JON_106-iso-more-runs_p1_r100_t518400_6M_3d_17h_43m_52s_spinn3r.noxy-d53a494=com.spinn3r.noxy.discovery.zookeeper.ZKTest.testDiscoveryListener_output_1591224234,1591225185,1591224560,625
isolation-runs-surefire-combined,JON_106-iso-more-runs_p1_r100_t518400_6M_3d_17h_43m_52s_spinn3r.noxy-d53a494=com.spinn3r.noxy.discovery.zookeeper.ZKTest.testMembershipJoinAndLeave_output_1591224234,1591225154,1591224457,697
isolation-runs-surefire-combined,JON_106-iso-more-runs_p1_r100_t518400_6M_3d_17h_43m_52s_square.retrofit-ae28c3d=retrofit2.adapter.rxjava.CompletableThrowingSafeSubscriberTest.throwingInOnCompleteDeliveredToPlugin_output_1591224234,1591224859,1591224466,393
isolation-runs-surefire-combined,JON_106-iso-more-runs_p1_r100_t518400_6M_3d_17h_43m_52s_square.retrofit-ae28c3d=retrofit2.adapter.rxjava.CompletableThrowingTest.throwingInOnCompleteDeliveredToPlugin_output_1591224234,1591224896,1591224566,330
isolation-runs-surefire-combined,JON_106-iso-more-runs_p1_r100_t518400_6M_3d_17h_43m_52s_square.retrofit-ae28c3d=retrofit2.adapter.rxjava.SingleThrowingTest.bodyThrowingInOnSuccessDeliveredToPlugin_output_1591224234,1591224889,1591224557,332
isolation-runs-surefire-combined,JON_106-iso-more-runs_p1_r100_t518400_6M_3d_17h_43m_52s_square.retrofit-ae28c3d=retrofit2.adapter.rxjava.SingleThrowingTest.responseThrowingInOnErrorDeliveredToPlugin_output_1591224234,1591224887,1591224575,312
isolation-runs-surefire-combined,JON_106-iso-more-runs_p1_r100_t518400_6M_3d_17h_43m_52s_square.retrofit-ae28c3d=retrofit2.adapter.rxjava.SingleThrowingTest.responseThrowingInOnSuccessDeliveredToPlugin_output_1591224234,1591224902,1591224566,336
isolation-runs-surefire-combined,JON_106-iso-more-runs_p1_r100_t518400_6M_3d_17h_43m_52s_square.retrofit-ae28c3d=retrofit2.CallTest.cancelRequest_output_1591224234,1591225182,1591224566,616
isolation-runs-surefire-combined,JON_106-iso-more-runs_p1_r100_t518400_6M_3d_17h_43m_52s_tootallnate.java-websocket-fa3909c=org.java_websocket.issues.Issue256Test.runReconnectBlockingScenario0_output_1591224234,1591224976,1591224580,396
isolation-runs-surefire-combined,JON_106-iso-more-runs_p1_r100_t518400_6M_3d_17h_43m_52s_tootallnate.java-websocket-fa3909c=org.java_websocket.issues.Issue256Test.runReconnectBlockingScenario1_output_1591224234,1591224972,1591224475,497
isolation-runs-surefire-combined,JON_106-iso-more-runs_p1_r100_t518400_6M_3d_17h_43m_52s_tootallnate.java-websocket-fa3909c=org.java_websocket.issues.Issue256Test.runReconnectBlockingScenario2_output_1591224234,1591225034,1591224638,396
isolation-runs-surefire-combined,JON_106-iso-more-runs_p1_r100_t518400_6M_3d_17h_43m_52s_tootallnate.java-websocket-fa3909c=org.java_websocket.issues.Issue256Test.runReconnectBlockingScenario3_output_1591224234,1591224977,1591224584,393
isolation-runs-surefire-combined,JON_106-iso-more-runs_p1_r100_t518400_6M_3d_17h_43m_52s_tootallnate.java-websocket-fa3909c=org.java_websocket.issues.Issue256Test.runReconnectBlockingScenario4_output_1591224234,1591224979,1591224589,390
isolation-runs-surefire-combined,JON_106-iso-more-runs_p1_r100_t518400_6M_3d_17h_43m_52s_tootallnate.java-websocket-fa3909c=org.java_websocket.issues.Issue256Test.runReconnectBlockingScenario5_output_1591224234,1591225042,1591224645,397
isolation-runs-surefire-combined,JON_106-iso-more-runs_p1_r100_t518400_6M_3d_17h_43m_52s_tootallnate.java-websocket-fa3909c=org.java_websocket.issues.Issue256Test.runReconnectBlockingScenario6_output_1591224234,1591224905,1591224572,333
isolation-runs-surefire-combined,JON_106-iso-more-runs_p1_r100_t518400_6M_3d_17h_43m_52s_tootallnate.java-websocket-fa3909c=org.java_websocket.issues.Issue256Test.runReconnectBlockingScenario7_output_1591224234,1591224974,1591224575,399
isolation-runs-surefire-combined,JON_106-iso-more-runs_p1_r100_t518400_6M_3d_17h_43m_52s_tootallnate.java-websocket-fa3909c=org.java_websocket.issues.Issue256Test.runReconnectBlockingScenario8_output_1591224234,1591224939,1591224580,359
isolation-runs-surefire-combined,JON_106-iso-more-runs_p1_r100_t518400_6M_3d_17h_43m_52s_tootallnate.java-websocket-fa3909c=org.java_websocket.issues.Issue256Test.runReconnectBlockingScenario9_output_1591224234,1591224951,1591224587,364
isolation-runs-surefire-combined,JON_106-iso-more-runs_p1_r100_t518400_6M_3d_17h_43m_52s_tootallnate.java-websocket-fa3909c=org.java_websocket.issues.Issue256Test.runReconnectScenario0_output_1591224234,1591225064,1591224641,423
isolation-runs-surefire-combined,JON_106-iso-more-runs_p1_r100_t518400_6M_3d_17h_43m_52s_tootallnate.java-websocket-fa3909c=org.java_websocket.issues.Issue256Test.runReconnectScenario1_output_1591224234,1591225112,1591224623,489
isolation-runs-surefire-combined,JON_106-iso-more-runs_p1_r100_t518400_6M_3d_17h_43m_52s_tootallnate.java-websocket-fa3909c=org.java_websocket.issues.Issue256Test.runReconnectScenario2_output_1591224234,1591225059,1591224589,470
isolation-runs-surefire-combined,JON_106-iso-more-runs_p1_r100_t518400_6M_3d_17h_43m_52s_tootallnate.java-websocket-fa3909c=org.java_websocket.issues.Issue256Test.runReconnectScenario3_output_1591224234,1591225122,1591224584,538
isolation-runs-surefire-combined,JON_106-iso-more-runs_p1_r100_t518400_6M_3d_17h_43m_52s_tootallnate.java-websocket-fa3909c=org.java_websocket.issues.Issue256Test.runReconnectScenario4_output_1591224234,1591225025,1591224566,459
isolation-runs-surefire-combined,JON_106-iso-more-runs_p1_r100_t518400_6M_3d_17h_43m_52s_tootallnate.java-websocket-fa3909c=org.java_websocket.issues.Issue256Test.runReconnectScenario5_output_1591224234,1591225099,1591224584,515
isolation-runs-surefire-combined,JON_106-iso-more-runs_p1_r100_t518400_6M_3d_17h_43m_52s_tootallnate.java-websocket-fa3909c=org.java_websocket.issues.Issue256Test.runReconnectScenario6_output_1591224234,1591225048,1591224580,468
isolation-runs-surefire-combined,JON_106-iso-more-runs_p1_r100_t518400_6M_3d_17h_43m_52s_tootallnate.java-websocket-fa3909c=org.java_websocket.issues.Issue256Test.runReconnectScenario7_output_1591224234,1591225053,1591224589,464
isolation-runs-surefire-combined,JON_106-iso-more-runs_p1_r100_t518400_6M_3d_17h_43m_52s_tootallnate.java-websocket-fa3909c=org.java_websocket.issues.Issue256Test.runReconnectScenario8_output_1591224234,1591225116,1591224645,471
isolation-runs-surefire-combined,JON_106-iso-more-runs_p1_r100_t518400_6M_3d_17h_43m_52s_tootallnate.java-websocket-fa3909c=org.java_websocket.issues.Issue256Test.runReconnectScenario9_output_1591224234,1591225088,1591224587,501
isolation-runs-surefire-combined,JON_106-iso-more-runs_p1_r100_t518400_6M_3d_17h_43m_52s_tootallnate.java-websocket-fa3909c=org.java_websocket.issues.Issue580Test.runNoCloseBlockingTestScenario0_output_1591224234,1591224958,1591224581,377
isolation-runs-surefire-combined,JON_106-iso-more-runs_p1_r100_t518400_6M_3d_17h_43m_52s_tootallnate.java-websocket-fa3909c=org.java_websocket.issues.Issue580Test.runNoCloseBlockingTestScenario3_output_1591224234,1591224991,1591224580,411
isolation-runs-surefire-combined,JON_106-iso-more-runs_p1_r100_t518400_6M_3d_17h_43m_52s_tootallnate.java-websocket-fa3909c=org.java_websocket.issues.Issue580Test.runNoCloseBlockingTestScenario4_output_1591224234,1591224939,1591224575,364
isolation-runs-surefire-combined,JON_106-iso-more-runs_p1_r100_t518400_6M_3d_17h_43m_52s_tootallnate.java-websocket-fa3909c=org.java_websocket.issues.Issue580Test.runNoCloseBlockingTestScenario6_output_1591224234,1591224977,1591224581,396
isolation-runs-surefire-combined,JON_106-iso-more-runs_p1_r100_t518400_6M_3d_17h_43m_52s_tootallnate.java-websocket-fa3909c=org.java_websocket.issues.Issue580Test.runNoCloseBlockingTestScenario8_output_1591224234,1591225062,1591224642,420
isolation-runs-surefire-combined,JON_106-iso-more-runs_p1_r100_t518400_6M_3d_17h_43m_52s_tootallnate.java-websocket-fa3909c=org.java_websocket.issues.Issue621Test.testIssue_output_1591224234,1591224996,1591224641,355
isolation-runs-surefire-combined,JON_106-iso-more-runs_p1_r100_t518400_6M_3d_17h_43m_52s_tootallnate.java-websocket-fa3909c=org.java_websocket.issues.Issue677Test.testIssue_output_1591224234,1591224977,1591224589,388
isolation-runs-surefire-combined,JON_106-iso-more-runs_p1_r100_t518400_6M_3d_17h_43m_52s_tootallnate.java-websocket-fa3909c=org.java_websocket.issues.Issue713Test.testIssue_output_1591224234,1591224981,1591224580,401
isolation-runs-surefire-combined,JON_106-iso-more-runs_p1_r100_t518400_6M_3d_17h_43m_52s_tootallnate.java-websocket-fa3909c=org.java_websocket.misc.OpeningHandshakeRejectionTest.testHandshakeRejectionTestCase0_output_1591224234,1591225009,1591224634,375
isolation-runs-surefire-combined,JON_106-iso-more-runs_p1_r100_t518400_6M_3d_17h_43m_52s_tootallnate.java-websocket-fa3909c=org.java_websocket.misc.OpeningHandshakeRejectionTest.testHandshakeRejectionTestCase10_output_1591224234,1591224991,1591224584,407
isolation-runs-surefire-combined,JON_106-iso-more-runs_p1_r100_t518400_6M_3d_17h_43m_52s_tootallnate.java-websocket-fa3909c=org.java_websocket.misc.OpeningHandshakeRejectionTest.testHandshakeRejectionTestCase11_output_1591224234,1591225037,1591224648,389
isolation-runs-surefire-combined,JON_106-iso-more-runs_p1_r100_t518400_6M_3d_17h_46m_52s_square.retrofit-ae28c3d=retrofit2.CallTest.cancelRequest_output_1591224415,1591225253,1591224699,554
isolation-runs-surefire-combined,JON_106-iso-more-runs_p1_r100_t518400_6M_3d_17h_43m_52s_tootallnate.java-websocket-fa3909c=org.java_websocket.protocols.ProtoclHandshakeRejectionTest.testHandshakeRejectionTestCase10_output_1591224234,1591224948,1591224578,370
isolation-runs-surefire-combined,JON_106-iso-more-runs_p1_r100_t518400_6M_3d_17h_43m_52s_wro4j.wro4j-185ab60=ro.isdc.wro.extensions.processor.support.sass.TestRubySassEngine.shouldProcessValidCss_output_1591224234,1591225518,1591224651,867
isolation-runs-surefire-combined,JON_106-iso-more-runs_p1_r100_t518400_6M_3d_17h_43m_52s_wro4j.wro4j-185ab60=ro.isdc.wro.extensions.processor.support.sass.TestRubySassEngine.shouldProcessValidNonAsciiSass_output_1591224234,1591225474,1591224648,826
isolation-runs-surefire-combined,JON_106-iso-more-runs_p1_r100_t518400_6M_3d_17h_43m_52s_wro4j.wro4j-185ab60=ro.isdc.wro.extensions.processor.support.sass.TestRubySassEngine.shouldProcessValidSass_output_1591224234,1591225655,1591224663,992
isolation-runs-surefire-combined,JON_106-iso-more-runs_p1_r100_t518400_6M_3d_17h_43m_52s_wro4j.wro4j-185ab60=ro.isdc.wro.extensions.processor.TestBourbonCssProcessor.shouldBeThreadSafe_output_1591224234,1591225702,1591224648,1054
isolation-runs-surefire-combined,JON_106-iso-more-runs_p1_r100_t518400_6M_3d_17h_43m_52s_wro4j.wro4j-185ab60=ro.isdc.wro.extensions.processor.TestRubySassCssProcessor.executeMultipleTimesDoesntThrowOutOfMemoryException_output_1591224234,1591225639,1591224660,979
isolation-runs-surefire-combined,JON_106-iso-more-runs_p1_r100_t518400_6M_3d_17h_43m_52s_wro4j.wro4j-185ab60=ro.isdc.wro.extensions.processor.TestRubySassCssProcessor.shouldBeThreadSafe_output_1591224234,1591225697,1591224651,1046
isolation-runs-surefire-combined,JON_106-iso-more-runs_p1_r100_t518400_6M_3d_17h_43m_52s_wro4j.wro4j-185ab60=ro.isdc.wro.extensions.processor.TestRubySassCssProcessor.shouldBeThreadSafeWhenInitializingProcessor_output_1591224234,1591225636,1591224651,985
isolation-runs-surefire-combined,JON_106-iso-more-runs_p1_r100_t518400_6M_3d_17h_43m_52s_wro4j.wro4j-185ab60=ro.isdc.wro.extensions.processor.TestRubySassCssProcessor.shouldSucceedAfterAFailure_output_1591224234,1591225659,1591224657,1002
isolation-runs-surefire-combined,JON_106-iso-more-runs_p1_r100_t518400_6M_3d_17h_43m_52s_wro4j.wro4j-185ab60=ro.isdc.wro.extensions.processor.TestRubySassCssProcessor.shouldTestFromFolder_output_1591224234,1591225646,1591224648,998
isolation-runs-surefire-combined,JON_106-iso-more-runs_p1_r100_t518400_6M_3d_17h_43m_52s_wso2.carbon-apimgt-a82213e=org.wso2.carbon.apimgt.throttling.siddhi.extension.ThrottleTimeBatchWindowTestCase.throttleTimeWindowBatchTest2_output_1591224234,1591226536,1591224566,1970
isolation-runs-surefire-combined,JON_106-iso-more-runs_p1_r100_t518400_6M_3d_17h_46m_52s_orbit.orbit-c4904af=cloud.orbit.actors.extensions.test.LengthFieldHandlerTest.randomMessages_output_1591224415,1591225092,1591224648,444
isolation-runs-surefire-combined,JON_106-iso-more-runs_p1_r100_t518400_6M_3d_17h_46m_52s_oryxproject.oryx-72ae4bb=com.cloudera.oryx.common.io.IOUtilsTest.testDistinctFreePorts_output_1591224415,1591225168,1591224666,502
isolation-runs-surefire-combined,JON_106-iso-more-runs_p1_r100_t518400_6M_3d_17h_46m_52s_spinn3r.noxy-d53a494=com.spinn3r.noxy.discovery.zookeeper.ZKTest.testBulkClusterJoining_output_1591224415,1591236908,1591224682,12226
isolation-runs-surefire-combined,JON_106-iso-more-runs_p1_r100_t518400_6M_3d_17h_46m_52s_spinn3r.noxy-d53a494=com.spinn3r.noxy.discovery.zookeeper.ZKTest.testDiscoveryListener_output_1591224415,1591225301,1591224667,634
isolation-runs-surefire-combined,JON_106-iso-more-runs_p1_r100_t518400_6M_3d_17h_46m_52s_spinn3r.noxy-d53a494=com.spinn3r.noxy.discovery.zookeeper.ZKTest.testMembershipJoinAndLeave_output_1591224415,1591225304,1591224682,622
isolation-runs-surefire-combined,JON_106-iso-more-runs_p1_r100_t518400_6M_3d_17h_46m_52s_square.retrofit-ae28c3d=retrofit2.adapter.rxjava.CompletableThrowingSafeSubscriberTest.throwingInOnCompleteDeliveredToPlugin_output_1591224415,1591225061,1591224710,351
isolation-runs-surefire-combined,JON_106-iso-more-runs_p1_r100_t518400_6M_3d_17h_46m_52s_square.retrofit-ae28c3d=retrofit2.adapter.rxjava.CompletableThrowingTest.throwingInOnCompleteDeliveredToPlugin_output_1591224415,1591225105,1591224783,322
isolation-runs-surefire-combined,JON_106-iso-more-runs_p1_r100_t518400_6M_3d_17h_46m_52s_square.retrofit-ae28c3d=retrofit2.adapter.rxjava.SingleThrowingTest.bodyThrowingInOnSuccessDeliveredToPlugin_output_1591224415,1591225107,1591224728,379
isolation-runs-surefire-combined,JON_106-iso-more-runs_p1_r100_t518400_6M_3d_17h_46m_52s_square.retrofit-ae28c3d=retrofit2.adapter.rxjava.SingleThrowingTest.responseThrowingInOnErrorDeliveredToPlugin_output_1591224415,1591225129,1591224750,379
isolation-runs-surefire-combined,JON_106-iso-more-runs_p1_r100_t518400_6M_3d_17h_46m_52s_tootallnate.java-websocket-fa3909c=org.java_websocket.issues.Issue256Test.runReconnectScenario0_output_1591224415,1591225328,1591224829,499
isolation-runs-surefire-combined,JON_106-iso-more-runs_p1_r100_t518400_6M_3d_17h_46m_52s_square.retrofit-ae28c3d=retrofit2.adapter.rxjava.SingleThrowingTest.responseThrowingInOnSuccessDeliveredToPlugin_output_1591224415,1591225102,1591224710,392
isolation-runs-surefire-combined,JON_106-iso-more-runs_p1_r100_t518400_6M_3d_17h_46m_52s_tootallnate.java-websocket-fa3909c=org.java_websocket.issues.Issue256Test.runReconnectBlockingScenario0_output_1591224415,1591225208,1591224741,467
isolation-runs-surefire-combined,JON_106-iso-more-runs_p1_r100_t518400_6M_3d_17h_46m_52s_tootallnate.java-websocket-fa3909c=org.java_websocket.issues.Issue256Test.runReconnectBlockingScenario1_output_1591224415,1591225215,1591224756,459
isolation-runs-surefire-combined,JON_106-iso-more-runs_p1_r100_t518400_6M_3d_17h_46m_52s_tootallnate.java-websocket-fa3909c=org.java_websocket.issues.Issue256Test.runReconnectBlockingScenario2_output_1591224415,1591225169,1591224750,419
isolation-runs-surefire-combined,JON_106-iso-more-runs_p1_r100_t518400_6M_3d_17h_46m_52s_tootallnate.java-websocket-fa3909c=org.java_websocket.issues.Issue256Test.runReconnectBlockingScenario3_output_1591224415,1591225227,1591224756,471
isolation-runs-surefire-combined,JON_106-iso-more-runs_p1_r100_t518400_6M_3d_17h_46m_52s_tootallnate.java-websocket-fa3909c=org.java_websocket.issues.Issue256Test.runReconnectBlockingScenario4_output_1591224415,1591225311,1591224835,476
isolation-runs-surefire-combined,JON_106-iso-more-runs_p1_r100_t518400_6M_3d_17h_46m_52s_tootallnate.java-websocket-fa3909c=org.java_websocket.issues.Issue256Test.runReconnectBlockingScenario5_output_1591224415,1591225202,1591224756,446
isolation-runs-surefire-combined,JON_106-iso-more-runs_p1_r100_t518400_6M_3d_17h_46m_52s_tootallnate.java-websocket-fa3909c=org.java_websocket.issues.Issue256Test.runReconnectBlockingScenario6_output_1591224415,1591225163,1591224716,447
isolation-runs-surefire-combined,JON_106-iso-more-runs_p1_r100_t518400_6M_3d_17h_46m_52s_tootallnate.java-websocket-fa3909c=org.java_websocket.issues.Issue256Test.runReconnectBlockingScenario7_output_1591224415,1591225143,1591224737,406
isolation-runs-surefire-combined,JON_106-iso-more-runs_p1_r100_t518400_6M_3d_17h_46m_52s_tootallnate.java-websocket-fa3909c=org.java_websocket.issues.Issue256Test.runReconnectBlockingScenario8_output_1591224415,1591225173,1591224750,423
isolation-runs-surefire-combined,JON_106-iso-more-runs_p1_r100_t518400_6M_3d_17h_46m_52s_tootallnate.java-websocket-fa3909c=org.java_websocket.issues.Issue256Test.runReconnectBlockingScenario9_output_1591224415,1591225154,1591224737,417
isolation-runs-surefire-combined,JON_106-iso-more-runs_p1_r100_t518400_6M_3d_17h_46m_52s_tootallnate.java-websocket-fa3909c=org.java_websocket.issues.Issue256Test.runReconnectScenario1_output_1591224415,1591225301,1591224765,536
isolation-runs-surefire-combined,JON_106-iso-more-runs_p1_r100_t518400_6M_3d_17h_46m_52s_tootallnate.java-websocket-fa3909c=org.java_websocket.issues.Issue256Test.runReconnectScenario2_output_1591224415,1591225243,1591224807,436
isolation-runs-surefire-combined,JON_106-iso-more-runs_p1_r100_t518400_6M_3d_17h_46m_52s_tootallnate.java-websocket-fa3909c=org.java_websocket.issues.Issue256Test.runReconnectScenario3_output_1591224415,1591225286,1591224756,530
isolation-runs-surefire-combined,JON_106-iso-more-runs_p1_r100_t518400_6M_3d_17h_46m_52s_tootallnate.java-websocket-fa3909c=org.java_websocket.issues.Issue256Test.runReconnectScenario4_output_1591224415,1591225224,1591224710,514
isolation-runs-surefire-combined,JON_106-iso-more-runs_p1_r100_t518400_6M_3d_17h_46m_52s_tootallnate.java-websocket-fa3909c=org.java_websocket.issues.Issue256Test.runReconnectScenario5_output_1591224415,1591225254,1591224738,516
isolation-runs-surefire-combined,JON_106-iso-more-runs_p1_r100_t518400_6M_3d_17h_46m_52s_tootallnate.java-websocket-fa3909c=org.java_websocket.issues.Issue256Test.runReconnectScenario6_output_1591224415,1591225218,1591224731,487
isolation-runs-surefire-combined,JON_106-iso-more-runs_p1_r100_t518400_6M_3d_17h_46m_52s_tootallnate.java-websocket-fa3909c=org.java_websocket.issues.Issue256Test.runReconnectScenario7_output_1591224415,1591225346,1591224835,511
isolation-runs-surefire-combined,JON_106-iso-more-runs_p1_r100_t518400_6M_3d_17h_46m_52s_tootallnate.java-websocket-fa3909c=org.java_websocket.issues.Issue256Test.runReconnectScenario8_output_1591224415,1591225267,1591224759,508
isolation-runs-surefire-combined,JON_106-iso-more-runs_p1_r100_t518400_6M_3d_17h_46m_52s_tootallnate.java-websocket-fa3909c=org.java_websocket.issues.Issue256Test.runReconnectScenario9_output_1591224415,1591225280,1591224740,540
isolation-runs-surefire-combined,JON_106-iso-more-runs_p1_r100_t518400_6M_3d_17h_46m_52s_tootallnate.java-websocket-fa3909c=org.java_websocket.issues.Issue580Test.runNoCloseBlockingTestScenario0_output_1591224415,1591225110,1591224725,385
isolation-runs-surefire-combined,JON_106-iso-more-runs_p1_r100_t518400_6M_3d_17h_46m_52s_tootallnate.java-websocket-fa3909c=org.java_websocket.issues.Issue580Test.runNoCloseBlockingTestScenario3_output_1591224415,1591225208,1591224734,474
isolation-runs-surefire-combined,JON_106-iso-more-runs_p1_r100_t518400_6M_3d_17h_46m_52s_tootallnate.java-websocket-fa3909c=org.java_websocket.issues.Issue580Test.runNoCloseBlockingTestScenario4_output_1591224415,1591225178,1591224741,437
isolation-runs-surefire-combined,JON_106-iso-more-runs_p1_r100_t518400_6M_3d_17h_46m_52s_tootallnate.java-websocket-fa3909c=org.java_websocket.issues.Issue580Test.runNoCloseBlockingTestScenario6_output_1591224415,1591225171,1591224740,431
isolation-runs-surefire-combined,JON_106-iso-more-runs_p1_r100_t518400_6M_3d_17h_46m_52s_tootallnate.java-websocket-fa3909c=org.java_websocket.issues.Issue580Test.runNoCloseBlockingTestScenario8_output_1591224415,1591225212,1591224756,456
isolation-runs-surefire-combined,JON_106-iso-more-runs_p1_r100_t518400_6M_3d_17h_46m_52s_tootallnate.java-websocket-fa3909c=org.java_websocket.issues.Issue621Test.testIssue_output_1591224415,1591225272,1591224835,437
isolation-runs-surefire-combined,JON_106-iso-more-runs_p1_r100_t518400_6M_3d_17h_46m_52s_tootallnate.java-websocket-fa3909c=org.java_websocket.issues.Issue677Test.testIssue_output_1591224415,1591225234,1591224762,472
isolation-runs-surefire-combined,JON_106-iso-more-runs_p1_r100_t518400_6M_3d_17h_46m_52s_tootallnate.java-websocket-fa3909c=org.java_websocket.issues.Issue713Test.testIssue_output_1591224415,1591225155,1591224719,436
isolation-runs-surefire-combined,JON_106-iso-more-runs_p1_r100_t518400_6M_3d_17h_46m_52s_tootallnate.java-websocket-fa3909c=org.java_websocket.misc.OpeningHandshakeRejectionTest.testHandshakeRejectionTestCase0_output_1591224415,1591225177,1591224824,353
isolation-runs-surefire-combined,JON_106-iso-more-runs_p1_r100_t518400_6M_3d_17h_46m_52s_tootallnate.java-websocket-fa3909c=org.java_websocket.misc.OpeningHandshakeRejectionTest.testHandshakeRejectionTestCase10_output_1591224415,1591225078,1591224731,347
isolation-runs-surefire-combined,JON_106-iso-more-runs_p1_r100_t518400_6M_3d_17h_46m_52s_tootallnate.java-websocket-fa3909c=org.java_websocket.misc.OpeningHandshakeRejectionTest.testHandshakeRejectionTestCase11_output_1591224415,1591225238,1591224835,403
isolation-runs-surefire-combined,JON_106-iso-more-runs_p1_r100_t518400_6M_3d_17h_46m_52s_tootallnate.java-websocket-fa3909c=org.java_websocket.protocols.ProtoclHandshakeRejectionTest.testHandshakeRejectionTestCase10_output_1591224415,1591225161,1591224728,433
isolation-runs-surefire-combined,JON_106-iso-more-runs_p1_r100_t518400_6M_3d_17h_46m_52s_wro4j.wro4j-185ab60=ro.isdc.wro.extensions.processor.support.sass.TestRubySassEngine.shouldProcessValidCss_output_1591224415,1591225844,1591224856,988
isolation-runs-surefire-combined,JON_106-iso-more-runs_p1_r100_t518400_6M_3d_17h_46m_52s_wro4j.wro4j-185ab60=ro.isdc.wro.extensions.processor.support.sass.TestRubySassEngine.shouldProcessValidNonAsciiSass_output_1591224415,1591225878,1591224853,1025
isolation-runs-surefire-combined,JON_106-iso-more-runs_p1_r100_t518400_6M_3d_17h_46m_52s_wro4j.wro4j-185ab60=ro.isdc.wro.extensions.processor.support.sass.TestRubySassEngine.shouldProcessValidSass_output_1591224415,1591225957,1591224862,1095
isolation-runs-surefire-combined,JON_106-iso-more-runs_p1_r100_t518400_6M_3d_17h_46m_52s_wro4j.wro4j-185ab60=ro.isdc.wro.extensions.processor.TestBourbonCssProcessor.shouldBeThreadSafe_output_1591224415,1591225920,1591224859,1061
isolation-runs-surefire-combined,JON_106-iso-more-runs_p1_r100_t518400_6M_3d_17h_46m_52s_wro4j.wro4j-185ab60=ro.isdc.wro.extensions.processor.TestRubySassCssProcessor.executeMultipleTimesDoesntThrowOutOfMemoryException_output_1591224415,1591225984,1591224859,1125
isolation-runs-surefire-combined,JON_106-iso-more-runs_p1_r100_t518400_6M_3d_17h_46m_52s_wro4j.wro4j-185ab60=ro.isdc.wro.extensions.processor.TestRubySassCssProcessor.shouldBeThreadSafe_output_1591224415,1591226096,1591224859,1237
isolation-runs-surefire-combined,JON_106-iso-more-runs_p1_r100_t518400_6M_3d_17h_46m_52s_wro4j.wro4j-185ab60=ro.isdc.wro.extensions.processor.TestRubySassCssProcessor.shouldBeThreadSafeWhenInitializingProcessor_output_1591224415,1591226008,1591224874,1134
isolation-runs-surefire-combined,JON_106-iso-more-runs_p1_r100_t518400_6M_3d_17h_46m_52s_wro4j.wro4j-185ab60=ro.isdc.wro.extensions.processor.TestRubySassCssProcessor.shouldSucceedAfterAFailure_output_1591224415,1591225860,1591224859,1001
isolation-runs-surefire-combined,JON_106-iso-more-runs_p1_r100_t518400_6M_3d_17h_46m_52s_wro4j.wro4j-185ab60=ro.isdc.wro.extensions.processor.TestRubySassCssProcessor.shouldTestFromFolder_output_1591224415,1591226024,1591224837,1187
isolation-runs-surefire-combined,JON_106-iso-more-runs_p1_r100_t518400_6M_3d_17h_49m_52s_orbit.orbit-c4904af=cloud.orbit.actors.extensions.test.LengthFieldHandlerTest.randomMessages_output_1591224595,1591225250,1591224813,437
isolation-runs-surefire-combined,JON_106-iso-more-runs_p1_r100_t518400_6M_3d_17h_46m_52s_wso2.carbon-apimgt-a82213e=org.wso2.carbon.apimgt.throttling.siddhi.extension.ThrottleTimeBatchWindowTestCase.throttleTimeWindowBatchTest2_output_1591224415,1591226795,1591224877,1918
isolation-runs-surefire-combined,JON_106-iso-more-runs_p1_r100_t518400_6M_3d_17h_49m_52s_oryxproject.oryx-72ae4bb=com.cloudera.oryx.common.io.IOUtilsTest.testDistinctFreePorts_output_1591224595,1591225289,1591224817,472
isolation-runs-surefire-combined,JON_106-iso-more-runs_p1_r100_t518400_6M_3d_17h_49m_52s_spinn3r.noxy-d53a494=com.spinn3r.noxy.discovery.zookeeper.ZKTest.testBulkClusterJoining_output_1591224595,1591233793,1591224815,8978
isolation-runs-surefire-combined,JON_106-iso-more-runs_p1_r100_t518400_6M_3d_17h_49m_52s_spinn3r.noxy-d53a494=com.spinn3r.noxy.discovery.zookeeper.ZKTest.testDiscoveryListener_output_1591224595,1591225459,1591224820,639
isolation-runs-surefire-combined,JON_106-iso-more-runs_p1_r100_t518400_6M_3d_17h_49m_52s_spinn3r.noxy-d53a494=com.spinn3r.noxy.discovery.zookeeper.ZKTest.testMembershipJoinAndLeave_output_1591224595,1591225401,1591224820,581
isolation-runs-surefire-combined,JON_106-iso-more-runs_p1_r100_t518400_6M_3d_17h_49m_52s_square.retrofit-ae28c3d=retrofit2.adapter.rxjava.CompletableThrowingSafeSubscriberTest.throwingInOnCompleteDeliveredToPlugin_output_1591224595,1591225166,1591224817,349
isolation-runs-surefire-combined,JON_106-iso-more-runs_p1_r100_t518400_6M_3d_17h_49m_52s_square.retrofit-ae28c3d=retrofit2.adapter.rxjava.CompletableThrowingTest.throwingInOnCompleteDeliveredToPlugin_output_1591224595,1591225179,1591224822,357
isolation-runs-surefire-combined,JON_106-iso-more-runs_p1_r100_t518400_6M_3d_17h_49m_52s_square.retrofit-ae28c3d=retrofit2.adapter.rxjava.SingleThrowingTest.bodyThrowingInOnSuccessDeliveredToPlugin_output_1591224595,1591225206,1591224822,384
isolation-runs-surefire-combined,JON_106-iso-more-runs_p1_r100_t518400_6M_3d_17h_49m_52s_square.retrofit-ae28c3d=retrofit2.adapter.rxjava.SingleThrowingTest.responseThrowingInOnErrorDeliveredToPlugin_output_1591224595,1591225144,1591224816,328
isolation-runs-surefire-combined,JON_106-iso-more-runs_p1_r100_t518400_6M_3d_17h_49m_52s_square.retrofit-ae28c3d=retrofit2.adapter.rxjava.SingleThrowingTest.responseThrowingInOnSuccessDeliveredToPlugin_output_1591224595,1591225190,1591224829,361
isolation-runs-surefire-combined,JON_106-iso-more-runs_p1_r100_t518400_6M_3d_17h_49m_52s_square.retrofit-ae28c3d=retrofit2.CallTest.cancelRequest_output_1591224595,1591225499,1591224826,673
isolation-runs-surefire-combined,JON_106-iso-more-runs_p1_r100_t518400_6M_3d_17h_49m_52s_tootallnate.java-websocket-fa3909c=org.java_websocket.issues.Issue256Test.runReconnectBlockingScenario0_output_1591224595,1591225236,1591224840,396
isolation-runs-surefire-combined,JON_106-iso-more-runs_p1_r100_t518400_6M_3d_17h_49m_52s_tootallnate.java-websocket-fa3909c=org.java_websocket.issues.Issue256Test.runReconnectBlockingScenario1_output_1591224595,1591225287,1591224847,440
isolation-runs-surefire-combined,JON_106-iso-more-runs_p1_r100_t518400_6M_3d_17h_49m_52s_tootallnate.java-websocket-fa3909c=org.java_websocket.issues.Issue256Test.runReconnectBlockingScenario2_output_1591224595,1591225354,1591224861,493
isolation-runs-surefire-combined,JON_106-iso-more-runs_p1_r100_t518400_6M_3d_17h_49m_52s_tootallnate.java-websocket-fa3909c=org.java_websocket.issues.Issue256Test.runReconnectBlockingScenario3_output_1591224595,1591225244,1591224854,390
isolation-runs-surefire-combined,JON_106-iso-more-runs_p1_r100_t518400_6M_3d_17h_49m_52s_tootallnate.java-websocket-fa3909c=org.java_websocket.issues.Issue256Test.runReconnectBlockingScenario4_output_1591224595,1591225259,1591224865,394
isolation-runs-surefire-combined,JON_106-iso-more-runs_p1_r100_t518400_6M_3d_17h_49m_52s_tootallnate.java-websocket-fa3909c=org.java_websocket.issues.Issue256Test.runReconnectBlockingScenario5_output_1591224595,1591225245,1591224856,389
isolation-runs-surefire-combined,JON_106-iso-more-runs_p1_r100_t518400_6M_3d_17h_49m_52s_tootallnate.java-websocket-fa3909c=org.java_websocket.issues.Issue256Test.runReconnectBlockingScenario6_output_1591224595,1591225260,1591224829,431
isolation-runs-surefire-combined,JON_106-iso-more-runs_p1_r100_t518400_6M_3d_17h_49m_52s_tootallnate.java-websocket-fa3909c=org.java_websocket.issues.Issue256Test.runReconnectBlockingScenario7_output_1591224595,1591225316,1591224837,479
isolation-runs-surefire-combined,JON_106-iso-more-runs_p1_r100_t518400_6M_3d_17h_49m_52s_tootallnate.java-websocket-fa3909c=org.java_websocket.issues.Issue256Test.runReconnectBlockingScenario8_output_1591224595,1591225278,1591224838,440
isolation-runs-surefire-combined,JON_106-iso-more-runs_p1_r100_t518400_6M_3d_17h_49m_52s_tootallnate.java-websocket-fa3909c=org.java_websocket.issues.Issue256Test.runReconnectBlockingScenario9_output_1591224595,1591225249,1591224854,395
isolation-runs-surefire-combined,JON_106-iso-more-runs_p1_r100_t518400_6M_3d_17h_49m_52s_tootallnate.java-websocket-fa3909c=org.java_websocket.issues.Issue256Test.runReconnectScenario0_output_1591224595,1591225331,1591224862,469
isolation-runs-surefire-combined,JON_106-iso-more-runs_p1_r100_t518400_6M_3d_17h_49m_52s_tootallnate.java-websocket-fa3909c=org.java_websocket.issues.Issue256Test.runReconnectScenario1_output_1591224595,1591225346,1591224862,484
isolation-runs-surefire-combined,JON_106-iso-more-runs_p1_r100_t518400_6M_3d_17h_49m_52s_tootallnate.java-websocket-fa3909c=org.java_websocket.issues.Issue256Test.runReconnectScenario2_output_1591224595,1591225336,1591224861,475
isolation-runs-surefire-combined,JON_106-iso-more-runs_p1_r100_t518400_6M_3d_17h_49m_52s_tootallnate.java-websocket-fa3909c=org.java_websocket.issues.Issue256Test.runReconnectScenario3_output_1591224595,1591225376,1591224879,497
isolation-runs-surefire-combined,JON_106-iso-more-runs_p1_r100_t518400_6M_3d_17h_49m_52s_tootallnate.java-websocket-fa3909c=org.java_websocket.issues.Issue256Test.runReconnectScenario4_output_1591224595,1591225323,1591224826,497
isolation-runs-surefire-combined,JON_106-iso-more-runs_p1_r100_t518400_6M_3d_17h_49m_52s_tootallnate.java-websocket-fa3909c=org.java_websocket.issues.Issue256Test.runReconnectScenario5_output_1591224595,1591225330,1591224847,483
isolation-runs-surefire-combined,JON_106-iso-more-runs_p1_r100_t518400_6M_3d_17h_49m_52s_tootallnate.java-websocket-fa3909c=org.java_websocket.issues.Issue256Test.runReconnectScenario6_output_1591224595,1591225377,1591224850,527
isolation-runs-surefire-combined,JON_106-iso-more-runs_p1_r100_t518400_6M_3d_17h_49m_52s_tootallnate.java-websocket-fa3909c=org.java_websocket.issues.Issue256Test.runReconnectScenario7_output_1591224595,1591225348,1591224865,483
isolation-runs-surefire-combined,JON_106-iso-more-runs_p1_r100_t518400_6M_3d_17h_49m_52s_tootallnate.java-websocket-fa3909c=org.java_websocket.issues.Issue256Test.runReconnectScenario8_output_1591224595,1591225389,1591224864,525
isolation-runs-surefire-combined,JON_106-iso-more-runs_p1_r100_t518400_6M_3d_17h_49m_52s_tootallnate.java-websocket-fa3909c=org.java_websocket.issues.Issue256Test.runReconnectScenario9_output_1591224595,1591225298,1591224856,442
isolation-runs-surefire-combined,JON_106-iso-more-runs_p1_r100_t518400_6M_3d_17h_49m_52s_tootallnate.java-websocket-fa3909c=org.java_websocket.issues.Issue580Test.runNoCloseBlockingTestScenario0_output_1591224595,1591225253,1591224841,412
isolation-runs-surefire-combined,JON_106-iso-more-runs_p1_r100_t518400_6M_3d_17h_49m_52s_tootallnate.java-websocket-fa3909c=org.java_websocket.issues.Issue580Test.runNoCloseBlockingTestScenario3_output_1591224595,1591225231,1591224842,389
isolation-runs-surefire-combined,JON_106-iso-more-runs_p1_r100_t518400_6M_3d_17h_49m_52s_tootallnate.java-websocket-fa3909c=org.java_websocket.issues.Issue580Test.runNoCloseBlockingTestScenario4_output_1591224595,1591225237,1591224829,408
isolation-runs-surefire-combined,JON_106-iso-more-runs_p1_r100_t518400_6M_3d_17h_49m_52s_tootallnate.java-websocket-fa3909c=org.java_websocket.issues.Issue580Test.runNoCloseBlockingTestScenario6_output_1591224595,1591225291,1591224853,438
isolation-runs-surefire-combined,JON_106-iso-more-runs_p1_r100_t518400_6M_3d_17h_49m_52s_tootallnate.java-websocket-fa3909c=org.java_websocket.issues.Issue580Test.runNoCloseBlockingTestScenario8_output_1591224595,1591225243,1591224856,387
isolation-runs-surefire-combined,JON_106-iso-more-runs_p1_r100_t518400_6M_3d_17h_49m_52s_tootallnate.java-websocket-fa3909c=org.java_websocket.issues.Issue621Test.testIssue_output_1591224595,1591225280,1591224864,416
isolation-runs-surefire-combined,JON_106-iso-more-runs_p1_r100_t518400_6M_3d_17h_49m_52s_tootallnate.java-websocket-fa3909c=org.java_websocket.issues.Issue677Test.testIssue_output_1591224595,1591225245,1591224859,386
isolation-runs-surefire-combined,JON_106-iso-more-runs_p1_r100_t518400_6M_3d_17h_49m_52s_tootallnate.java-websocket-fa3909c=org.java_websocket.issues.Issue713Test.testIssue_output_1591224595,1591225236,1591224847,389
isolation-runs-surefire-combined,JON_106-iso-more-runs_p1_r100_t518400_6M_3d_17h_49m_52s_tootallnate.java-websocket-fa3909c=org.java_websocket.misc.OpeningHandshakeRejectionTest.testHandshakeRejectionTestCase0_output_1591224595,1591225289,1591224868,421
isolation-runs-surefire-combined,JON_106-iso-more-runs_p1_r100_t518400_6M_3d_17h_49m_52s_tootallnate.java-websocket-fa3909c=org.java_websocket.misc.OpeningHandshakeRejectionTest.testHandshakeRejectionTestCase10_output_1591224595,1591225224,1591224853,371
isolation-runs-surefire-combined,JON_106-iso-more-runs_p1_r100_t518400_6M_3d_17h_49m_52s_tootallnate.java-websocket-fa3909c=org.java_websocket.misc.OpeningHandshakeRejectionTest.testHandshakeRejectionTestCase11_output_1591224595,1591225314,1591224865,449
isolation-runs-surefire-combined,JON_106-iso-more-runs_p1_r100_t518400_6M_3d_17h_4m_52s_square.retrofit-ae28c3d=retrofit2.CallTest.cancelRequest_output_1591221894,1591222840,1591222130,710
isolation-runs-surefire-combined,JON_106-iso-more-runs_p1_r100_t518400_6M_3d_17h_49m_52s_tootallnate.java-websocket-fa3909c=org.java_websocket.protocols.ProtoclHandshakeRejectionTest.testHandshakeRejectionTestCase10_output_1591224595,1591225188,1591224835,353
isolation-runs-surefire-combined,JON_106-iso-more-runs_p1_r100_t518400_6M_3d_17h_49m_52s_wro4j.wro4j-185ab60=ro.isdc.wro.extensions.processor.support.sass.TestRubySassEngine.shouldProcessValidCss_output_1591224595,1591225855,1591224865,990
isolation-runs-surefire-combined,JON_106-iso-more-runs_p1_r100_t518400_6M_3d_17h_49m_52s_wro4j.wro4j-185ab60=ro.isdc.wro.extensions.processor.support.sass.TestRubySassEngine.shouldProcessValidNonAsciiSass_output_1591224595,1591225845,1591224865,980
isolation-runs-surefire-combined,JON_106-iso-more-runs_p1_r100_t518400_6M_3d_17h_49m_52s_wro4j.wro4j-185ab60=ro.isdc.wro.extensions.processor.support.sass.TestRubySassEngine.shouldProcessValidSass_output_1591224595,1591225982,1591224873,1109
isolation-runs-surefire-combined,JON_106-iso-more-runs_p1_r100_t518400_6M_3d_17h_49m_52s_wro4j.wro4j-185ab60=ro.isdc.wro.extensions.processor.TestBourbonCssProcessor.shouldBeThreadSafe_output_1591224595,1591226010,1591224871,1139
isolation-runs-surefire-combined,JON_106-iso-more-runs_p1_r100_t518400_6M_3d_17h_49m_52s_wro4j.wro4j-185ab60=ro.isdc.wro.extensions.processor.TestRubySassCssProcessor.executeMultipleTimesDoesntThrowOutOfMemoryException_output_1591224595,1591226046,1591224868,1178
isolation-runs-surefire-combined,JON_106-iso-more-runs_p1_r100_t518400_6M_3d_17h_49m_52s_wro4j.wro4j-185ab60=ro.isdc.wro.extensions.processor.TestRubySassCssProcessor.shouldBeThreadSafe_output_1591224595,1591226072,1591224866,1206
isolation-runs-surefire-combined,JON_106-iso-more-runs_p1_r100_t518400_6M_3d_17h_49m_52s_wro4j.wro4j-185ab60=ro.isdc.wro.extensions.processor.TestRubySassCssProcessor.shouldBeThreadSafeWhenInitializingProcessor_output_1591224595,1591226016,1591224872,1144
isolation-runs-surefire-combined,JON_106-iso-more-runs_p1_r100_t518400_6M_3d_17h_49m_52s_wro4j.wro4j-185ab60=ro.isdc.wro.extensions.processor.TestRubySassCssProcessor.shouldSucceedAfterAFailure_output_1591224595,1591225870,1591224872,998
isolation-runs-surefire-combined,JON_106-iso-more-runs_p1_r100_t518400_6M_3d_17h_49m_52s_wro4j.wro4j-185ab60=ro.isdc.wro.extensions.processor.TestRubySassCssProcessor.shouldTestFromFolder_output_1591224595,1591226029,1591224868,1161
isolation-runs-surefire-combined,JON_106-iso-more-runs_p1_r100_t518400_6M_3d_17h_49m_52s_wso2.carbon-apimgt-a82213e=org.wso2.carbon.apimgt.throttling.siddhi.extension.ThrottleTimeBatchWindowTestCase.throttleTimeWindowBatchTest2_output_1591224595,1591226954,1591224876,2078
isolation-runs-surefire-combined,JON_106-iso-more-runs_p1_r100_t518400_6M_3d_17h_4m_52s_orbit.orbit-c4904af=cloud.orbit.actors.extensions.test.LengthFieldHandlerTest.randomMessages_output_1591221894,1591222550,1591222105,445
isolation-runs-surefire-combined,JON_106-iso-more-runs_p1_r100_t518400_6M_3d_17h_4m_52s_oryxproject.oryx-72ae4bb=com.cloudera.oryx.common.io.IOUtilsTest.testDistinctFreePorts_output_1591221894,1591222774,1591222127,647
isolation-runs-surefire-combined,JON_106-iso-more-runs_p1_r100_t518400_6M_3d_17h_4m_52s_spinn3r.noxy-d53a494=com.spinn3r.noxy.discovery.zookeeper.ZKTest.testBulkClusterJoining_output_1591221894,1591230199,1591222127,8072
isolation-runs-surefire-combined,JON_106-iso-more-runs_p1_r100_t518400_6M_3d_17h_4m_52s_spinn3r.noxy-d53a494=com.spinn3r.noxy.discovery.zookeeper.ZKTest.testDiscoveryListener_output_1591221894,1591222802,1591222130,672
isolation-runs-surefire-combined,JON_106-iso-more-runs_p1_r100_t518400_6M_3d_17h_4m_52s_spinn3r.noxy-d53a494=com.spinn3r.noxy.discovery.zookeeper.ZKTest.testMembershipJoinAndLeave_output_1591221894,1591222827,1591222127,700
isolation-runs-surefire-combined,JON_106-iso-more-runs_p1_r100_t518400_6M_3d_17h_4m_52s_square.retrofit-ae28c3d=retrofit2.adapter.rxjava.CompletableThrowingSafeSubscriberTest.throwingInOnCompleteDeliveredToPlugin_output_1591221894,1591222533,1591222130,403
isolation-runs-surefire-combined,JON_106-iso-more-runs_p1_r100_t518400_6M_3d_17h_4m_52s_square.retrofit-ae28c3d=retrofit2.adapter.rxjava.CompletableThrowingTest.throwingInOnCompleteDeliveredToPlugin_output_1591221894,1591222534,1591222127,407
isolation-runs-surefire-combined,JON_106-iso-more-runs_p1_r100_t518400_6M_3d_17h_4m_52s_square.retrofit-ae28c3d=retrofit2.adapter.rxjava.SingleThrowingTest.bodyThrowingInOnSuccessDeliveredToPlugin_output_1591221894,1591222539,1591222130,409
isolation-runs-surefire-combined,JON_106-iso-more-runs_p1_r100_t518400_6M_3d_17h_4m_52s_square.retrofit-ae28c3d=retrofit2.adapter.rxjava.SingleThrowingTest.responseThrowingInOnErrorDeliveredToPlugin_output_1591221894,1591222514,1591222133,381
isolation-runs-surefire-combined,JON_106-iso-more-runs_p1_r100_t518400_6M_3d_17h_4m_52s_square.retrofit-ae28c3d=retrofit2.adapter.rxjava.SingleThrowingTest.responseThrowingInOnSuccessDeliveredToPlugin_output_1591221894,1591222505,1591222135,370
isolation-runs-surefire-combined,JON_106-iso-more-runs_p1_r100_t518400_6M_3d_17h_4m_52s_tootallnate.java-websocket-fa3909c=org.java_websocket.issues.Issue256Test.runReconnectBlockingScenario0_output_1591221894,1591222568,1591222138,430
isolation-runs-surefire-combined,JON_106-iso-more-runs_p1_r100_t518400_6M_3d_17h_4m_52s_tootallnate.java-websocket-fa3909c=org.java_websocket.issues.Issue256Test.runReconnectBlockingScenario1_output_1591221894,1591222615,1591222149,466
isolation-runs-surefire-combined,JON_106-iso-more-runs_p1_r100_t518400_6M_3d_17h_4m_52s_tootallnate.java-websocket-fa3909c=org.java_websocket.issues.Issue256Test.runReconnectBlockingScenario2_output_1591221894,1591222625,1591222149,476
isolation-runs-surefire-combined,JON_106-iso-more-runs_p1_r100_t518400_6M_3d_17h_4m_52s_tootallnate.java-websocket-fa3909c=org.java_websocket.issues.Issue256Test.runReconnectBlockingScenario3_output_1591221894,1591222609,1591222146,463
isolation-runs-surefire-combined,JON_106-iso-more-runs_p1_r100_t518400_6M_3d_17h_4m_52s_tootallnate.java-websocket-fa3909c=org.java_websocket.issues.Issue256Test.runReconnectBlockingScenario4_output_1591221894,1591222628,1591222152,476
isolation-runs-surefire-combined,JON_106-iso-more-runs_p1_r100_t518400_6M_3d_17h_4m_52s_tootallnate.java-websocket-fa3909c=org.java_websocket.issues.Issue256Test.runReconnectBlockingScenario5_output_1591221894,1591222619,1591222156,463
isolation-runs-surefire-combined,JON_106-iso-more-runs_p1_r100_t518400_6M_3d_17h_4m_52s_tootallnate.java-websocket-fa3909c=org.java_websocket.issues.Issue256Test.runReconnectBlockingScenario6_output_1591221894,1591222635,1591222135,500
isolation-runs-surefire-combined,JON_106-iso-more-runs_p1_r100_t518400_6M_3d_17h_4m_52s_tootallnate.java-websocket-fa3909c=org.java_websocket.issues.Issue256Test.runReconnectBlockingScenario7_output_1591221894,1591222611,1591222141,470
isolation-runs-surefire-combined,JON_106-iso-more-runs_p1_r100_t518400_6M_3d_17h_4m_52s_tootallnate.java-websocket-fa3909c=org.java_websocket.issues.Issue256Test.runReconnectBlockingScenario8_output_1591221894,1591222602,1591222144,458
isolation-runs-surefire-combined,JON_106-iso-more-runs_p1_r100_t518400_6M_3d_17h_4m_52s_tootallnate.java-websocket-fa3909c=org.java_websocket.issues.Issue256Test.runReconnectBlockingScenario9_output_1591221894,1591222605,1591222149,456
isolation-runs-surefire-combined,JON_106-iso-more-runs_p1_r100_t518400_6M_3d_17h_4m_52s_tootallnate.java-websocket-fa3909c=org.java_websocket.issues.Issue256Test.runReconnectScenario0_output_1591221894,1591222708,1591222155,553
isolation-runs-surefire-combined,JON_106-iso-more-runs_p1_r100_t518400_6M_3d_17h_4m_52s_tootallnate.java-websocket-fa3909c=org.java_websocket.issues.Issue256Test.runReconnectScenario1_output_1591221894,1591222709,1591222158,551
isolation-runs-surefire-combined,JON_106-iso-more-runs_p1_r100_t518400_6M_3d_17h_4m_52s_tootallnate.java-websocket-fa3909c=org.java_websocket.issues.Issue256Test.runReconnectScenario2_output_1591221894,1591222696,1591222149,547
isolation-runs-surefire-combined,JON_106-iso-more-runs_p1_r100_t518400_6M_3d_17h_4m_52s_tootallnate.java-websocket-fa3909c=org.java_websocket.issues.Issue256Test.runReconnectScenario3_output_1591221894,1591222714,1591222149,565
isolation-runs-surefire-combined,JON_106-iso-more-runs_p1_r100_t518400_6M_3d_17h_4m_52s_tootallnate.java-websocket-fa3909c=org.java_websocket.issues.Issue256Test.runReconnectScenario4_output_1591221894,1591222720,1591222133,587
isolation-runs-surefire-combined,JON_106-iso-more-runs_p1_r100_t518400_6M_3d_17h_4m_52s_tootallnate.java-websocket-fa3909c=org.java_websocket.issues.Issue256Test.runReconnectScenario5_output_1591221894,1591222665,1591222146,519
isolation-runs-surefire-combined,JON_106-iso-more-runs_p1_r100_t518400_6M_3d_17h_4m_52s_tootallnate.java-websocket-fa3909c=org.java_websocket.issues.Issue256Test.runReconnectScenario6_output_1591221894,1591222656,1591222141,515
isolation-runs-surefire-combined,JON_106-iso-more-runs_p1_r100_t518400_6M_3d_17h_4m_52s_tootallnate.java-websocket-fa3909c=org.java_websocket.issues.Issue256Test.runReconnectScenario7_output_1591221894,1591222716,1591222153,563
isolation-runs-surefire-combined,JON_106-iso-more-runs_p1_r100_t518400_6M_3d_17h_4m_52s_tootallnate.java-websocket-fa3909c=org.java_websocket.issues.Issue256Test.runReconnectScenario8_output_1591221894,1591222712,1591222152,560
isolation-runs-surefire-combined,JON_106-iso-more-runs_p1_r100_t518400_6M_3d_17h_4m_52s_tootallnate.java-websocket-fa3909c=org.java_websocket.issues.Issue256Test.runReconnectScenario9_output_1591221894,1591222681,1591222149,532
isolation-runs-surefire-combined,JON_106-iso-more-runs_p1_r100_t518400_6M_3d_17h_4m_52s_tootallnate.java-websocket-fa3909c=org.java_websocket.issues.Issue580Test.runNoCloseBlockingTestScenario0_output_1591221894,1591222617,1591222144,473
isolation-runs-surefire-combined,JON_106-iso-more-runs_p1_r100_t518400_6M_3d_17h_4m_52s_tootallnate.java-websocket-fa3909c=org.java_websocket.issues.Issue580Test.runNoCloseBlockingTestScenario3_output_1591221894,1591222627,1591222149,478
isolation-runs-surefire-combined,JON_106-iso-more-runs_p1_r100_t518400_6M_3d_17h_4m_52s_tootallnate.java-websocket-fa3909c=org.java_websocket.issues.Issue580Test.runNoCloseBlockingTestScenario4_output_1591221894,1591222600,1591222138,462
isolation-runs-surefire-combined,JON_106-iso-more-runs_p1_r100_t518400_6M_3d_17h_4m_52s_tootallnate.java-websocket-fa3909c=org.java_websocket.issues.Issue580Test.runNoCloseBlockingTestScenario6_output_1591221894,1591222629,1591222144,485
isolation-runs-surefire-combined,JON_106-iso-more-runs_p1_r100_t518400_6M_3d_17h_4m_52s_tootallnate.java-websocket-fa3909c=org.java_websocket.issues.Issue580Test.runNoCloseBlockingTestScenario8_output_1591221894,1591222643,1591222152,491
isolation-runs-surefire-combined,JON_106-iso-more-runs_p1_r100_t518400_6M_3d_17h_4m_52s_tootallnate.java-websocket-fa3909c=org.java_websocket.issues.Issue621Test.testIssue_output_1591221894,1591222635,1591222158,477
isolation-runs-surefire-combined,JON_106-iso-more-runs_p1_r100_t518400_6M_3d_17h_4m_52s_tootallnate.java-websocket-fa3909c=org.java_websocket.issues.Issue677Test.testIssue_output_1591221894,1591222610,1591222149,461
isolation-runs-surefire-combined,JON_106-iso-more-runs_p1_r100_t518400_6M_3d_17h_4m_52s_tootallnate.java-websocket-fa3909c=org.java_websocket.issues.Issue713Test.testIssue_output_1591221894,1591222650,1591222144,506
isolation-runs-surefire-combined,JON_106-iso-more-runs_p1_r100_t518400_6M_3d_17h_4m_52s_tootallnate.java-websocket-fa3909c=org.java_websocket.misc.OpeningHandshakeRejectionTest.testHandshakeRejectionTestCase0_output_1591221894,1591222576,1591222155,421
isolation-runs-surefire-combined,JON_106-iso-more-runs_p1_r100_t518400_6M_3d_17h_4m_52s_tootallnate.java-websocket-fa3909c=org.java_websocket.misc.OpeningHandshakeRejectionTest.testHandshakeRejectionTestCase10_output_1591221894,1591222568,1591222125,443
isolation-runs-surefire-combined,JON_106-iso-more-runs_p1_r100_t518400_6M_3d_17h_4m_52s_tootallnate.java-websocket-fa3909c=org.java_websocket.misc.OpeningHandshakeRejectionTest.testHandshakeRejectionTestCase11_output_1591221894,1591222607,1591222158,449
isolation-runs-surefire-combined,JON_106-iso-more-runs_p1_r100_t518400_6M_3d_17h_4m_52s_tootallnate.java-websocket-fa3909c=org.java_websocket.protocols.ProtoclHandshakeRejectionTest.testHandshakeRejectionTestCase10_output_1591221894,1591222579,1591222135,444
isolation-runs-surefire-combined,JON_106-iso-more-runs_p1_r100_t518400_6M_3d_17h_4m_52s_wro4j.wro4j-185ab60=ro.isdc.wro.extensions.processor.support.sass.TestRubySassEngine.shouldProcessValidCss_output_1591221894,1591223360,1591222169,1191
isolation-runs-surefire-combined,JON_106-iso-more-runs_p1_r100_t518400_6M_3d_17h_4m_52s_wro4j.wro4j-185ab60=ro.isdc.wro.extensions.processor.support.sass.TestRubySassEngine.shouldProcessValidNonAsciiSass_output_1591221894,1591223294,1591222167,1127
isolation-runs-surefire-combined,JON_106-iso-more-runs_p1_r100_t518400_6M_3d_17h_4m_52s_wro4j.wro4j-185ab60=ro.isdc.wro.extensions.processor.support.sass.TestRubySassEngine.shouldProcessValidSass_output_1591221894,1591223348,1591222191,1157
isolation-runs-surefire-combined,JON_106-iso-more-runs_p1_r100_t518400_6M_3d_17h_4m_52s_wro4j.wro4j-185ab60=ro.isdc.wro.extensions.processor.TestBourbonCssProcessor.shouldBeThreadSafe_output_1591221894,1591223340,1591222161,1179
isolation-runs-surefire-combined,JON_106-iso-more-runs_p1_r100_t518400_6M_3d_17h_4m_52s_wro4j.wro4j-185ab60=ro.isdc.wro.extensions.processor.TestRubySassCssProcessor.executeMultipleTimesDoesntThrowOutOfMemoryException_output_1591221894,1591223507,1591222178,1329
isolation-runs-surefire-combined,JON_106-iso-more-runs_p1_r100_t518400_6M_3d_17h_4m_52s_wro4j.wro4j-185ab60=ro.isdc.wro.extensions.processor.TestRubySassCssProcessor.shouldBeThreadSafe_output_1591221894,1591223405,1591222167,1238
isolation-runs-surefire-combined,JON_106-iso-more-runs_p1_r100_t518400_6M_3d_17h_4m_52s_wro4j.wro4j-185ab60=ro.isdc.wro.extensions.processor.TestRubySassCssProcessor.shouldBeThreadSafeWhenInitializingProcessor_output_1591221894,1591223444,1591222178,1266
isolation-runs-surefire-combined,JON_106-iso-more-runs_p1_r100_t518400_6M_3d_17h_4m_52s_wro4j.wro4j-185ab60=ro.isdc.wro.extensions.processor.TestRubySassCssProcessor.shouldSucceedAfterAFailure_output_1591221894,1591223464,1591222183,1281
isolation-runs-surefire-combined,JON_106-iso-more-runs_p1_r100_t518400_6M_3d_17h_4m_52s_wro4j.wro4j-185ab60=ro.isdc.wro.extensions.processor.TestRubySassCssProcessor.shouldTestFromFolder_output_1591221894,1591223456,1591222161,1295
isolation-runs-surefire-combined,JON_106-iso-more-runs_p1_r100_t518400_6M_3d_17h_52m_52s_orbit.orbit-c4904af=cloud.orbit.actors.extensions.test.LengthFieldHandlerTest.randomMessages_output_1591224775,1591225520,1591225011,509
isolation-runs-surefire-combined,JON_106-iso-more-runs_p1_r100_t518400_6M_3d_17h_4m_52s_wso2.carbon-apimgt-a82213e=org.wso2.carbon.apimgt.throttling.siddhi.extension.ThrottleTimeBatchWindowTestCase.throttleTimeWindowBatchTest2_output_1591221894,1591224298,1591222169,2129
isolation-runs-surefire-combined,JON_106-iso-more-runs_p1_r100_t518400_6M_3d_17h_52m_52s_oryxproject.oryx-72ae4bb=com.cloudera.oryx.common.io.IOUtilsTest.testDistinctFreePorts_output_1591224775,1591225472,1591225055,417
isolation-runs-surefire-combined,JON_106-iso-more-runs_p1_r100_t518400_6M_3d_17h_52m_52s_spinn3r.noxy-d53a494=com.spinn3r.noxy.discovery.zookeeper.ZKTest.testBulkClusterJoining_output_1591224775,1591233066,1591225011,8055
isolation-runs-surefire-combined,JON_106-iso-more-runs_p1_r100_t518400_6M_3d_17h_52m_52s_spinn3r.noxy-d53a494=com.spinn3r.noxy.discovery.zookeeper.ZKTest.testDiscoveryListener_output_1591224775,1591225631,1591225053,578
isolation-runs-surefire-combined,JON_106-iso-more-runs_p1_r100_t518400_6M_3d_17h_52m_52s_spinn3r.noxy-d53a494=com.spinn3r.noxy.discovery.zookeeper.ZKTest.testMembershipJoinAndLeave_output_1591224775,1591225631,1591225053,578
isolation-runs-surefire-combined,JON_106-iso-more-runs_p1_r100_t518400_6M_3d_17h_52m_52s_square.retrofit-ae28c3d=retrofit2.adapter.rxjava.CompletableThrowingSafeSubscriberTest.throwingInOnCompleteDeliveredToPlugin_output_1591224775,1591225376,1591225058,318
isolation-runs-surefire-combined,JON_106-iso-more-runs_p1_r100_t518400_6M_3d_17h_52m_52s_square.retrofit-ae28c3d=retrofit2.adapter.rxjava.CompletableThrowingTest.throwingInOnCompleteDeliveredToPlugin_output_1591224775,1591225383,1591225058,325
isolation-runs-surefire-combined,JON_106-iso-more-runs_p1_r100_t518400_6M_3d_17h_52m_52s_square.retrofit-ae28c3d=retrofit2.adapter.rxjava.SingleThrowingTest.bodyThrowingInOnSuccessDeliveredToPlugin_output_1591224775,1591225393,1591225058,335
isolation-runs-surefire-combined,JON_106-iso-more-runs_p1_r100_t518400_6M_3d_17h_52m_52s_square.retrofit-ae28c3d=retrofit2.adapter.rxjava.SingleThrowingTest.responseThrowingInOnErrorDeliveredToPlugin_output_1591224775,1591225401,1591225058,343
isolation-runs-surefire-combined,JON_106-iso-more-runs_p1_r100_t518400_6M_3d_17h_52m_52s_square.retrofit-ae28c3d=retrofit2.adapter.rxjava.SingleThrowingTest.responseThrowingInOnSuccessDeliveredToPlugin_output_1591224775,1591225334,1591225046,288
isolation-runs-surefire-combined,JON_106-iso-more-runs_p1_r100_t518400_6M_3d_17h_52m_52s_square.retrofit-ae28c3d=retrofit2.CallTest.cancelRequest_output_1591224775,1591225606,1591225058,548
isolation-runs-surefire-combined,JON_106-iso-more-runs_p1_r100_t518400_6M_3d_17h_52m_52s_tootallnate.java-websocket-fa3909c=org.java_websocket.issues.Issue256Test.runReconnectBlockingScenario0_output_1591224775,1591225493,1591225062,431
isolation-runs-surefire-combined,JON_106-iso-more-runs_p1_r100_t518400_6M_3d_17h_52m_52s_tootallnate.java-websocket-fa3909c=org.java_websocket.issues.Issue256Test.runReconnectBlockingScenario1_output_1591224775,1591225448,1591225068,380
isolation-runs-surefire-combined,JON_106-iso-more-runs_p1_r100_t518400_6M_3d_17h_52m_52s_tootallnate.java-websocket-fa3909c=org.java_websocket.issues.Issue256Test.runReconnectBlockingScenario2_output_1591224775,1591225465,1591225085,380
isolation-runs-surefire-combined,JON_106-iso-more-runs_p1_r100_t518400_6M_3d_17h_52m_52s_tootallnate.java-websocket-fa3909c=org.java_websocket.issues.Issue256Test.runReconnectBlockingScenario3_output_1591224775,1591225491,1591225068,423
isolation-runs-surefire-combined,JON_106-iso-more-runs_p1_r100_t518400_6M_3d_17h_52m_52s_tootallnate.java-websocket-fa3909c=org.java_websocket.issues.Issue256Test.runReconnectBlockingScenario4_output_1591224775,1591225506,1591225099,407
isolation-runs-surefire-combined,JON_106-iso-more-runs_p1_r100_t518400_6M_3d_17h_52m_52s_tootallnate.java-websocket-fa3909c=org.java_websocket.issues.Issue256Test.runReconnectBlockingScenario5_output_1591224775,1591225489,1591225105,384
isolation-runs-surefire-combined,JON_106-iso-more-runs_p1_r100_t518400_6M_3d_17h_52m_52s_tootallnate.java-websocket-fa3909c=org.java_websocket.issues.Issue256Test.runReconnectBlockingScenario6_output_1591224775,1591225465,1591225060,405
isolation-runs-surefire-combined,JON_106-iso-more-runs_p1_r100_t518400_6M_3d_17h_52m_52s_tootallnate.java-websocket-fa3909c=org.java_websocket.issues.Issue256Test.runReconnectBlockingScenario7_output_1591224775,1591225400,1591225060,340
isolation-runs-surefire-combined,JON_106-iso-more-runs_p1_r100_t518400_6M_3d_17h_52m_52s_tootallnate.java-websocket-fa3909c=org.java_websocket.issues.Issue256Test.runReconnectBlockingScenario8_output_1591224775,1591225459,1591225060,399
isolation-runs-surefire-combined,JON_106-iso-more-runs_p1_r100_t518400_6M_3d_17h_52m_52s_tootallnate.java-websocket-fa3909c=org.java_websocket.issues.Issue256Test.runReconnectBlockingScenario9_output_1591224775,1591225523,1591225107,416
isolation-runs-surefire-combined,JON_106-iso-more-runs_p1_r100_t518400_6M_3d_17h_52m_52s_tootallnate.java-websocket-fa3909c=org.java_websocket.issues.Issue256Test.runReconnectScenario0_output_1591224775,1591225465,1591225053,412
isolation-runs-surefire-combined,JON_106-iso-more-runs_p1_r100_t518400_6M_3d_17h_52m_52s_tootallnate.java-websocket-fa3909c=org.java_websocket.issues.Issue256Test.runReconnectScenario1_output_1591224775,1591225531,1591225102,429
isolation-runs-surefire-combined,JON_106-iso-more-runs_p1_r100_t518400_6M_3d_17h_52m_52s_tootallnate.java-websocket-fa3909c=org.java_websocket.issues.Issue256Test.runReconnectScenario2_output_1591224775,1591225460,1591225068,392
isolation-runs-surefire-combined,JON_106-iso-more-runs_p1_r100_t518400_6M_3d_17h_52m_52s_tootallnate.java-websocket-fa3909c=org.java_websocket.issues.Issue256Test.runReconnectScenario3_output_1591224775,1591225563,1591225068,495
isolation-runs-surefire-combined,JON_106-iso-more-runs_p1_r100_t518400_6M_3d_17h_52m_52s_tootallnate.java-websocket-fa3909c=org.java_websocket.issues.Issue256Test.runReconnectScenario4_output_1591224775,1591225514,1591225060,454
isolation-runs-surefire-combined,JON_106-iso-more-runs_p1_r100_t518400_6M_3d_17h_52m_52s_tootallnate.java-websocket-fa3909c=org.java_websocket.issues.Issue256Test.runReconnectScenario5_output_1591224775,1591225537,1591225065,472
isolation-runs-surefire-combined,JON_106-iso-more-runs_p1_r100_t518400_6M_3d_17h_52m_52s_tootallnate.java-websocket-fa3909c=org.java_websocket.issues.Issue256Test.runReconnectScenario6_output_1591224775,1591225460,1591225062,398
isolation-runs-surefire-combined,JON_106-iso-more-runs_p1_r100_t518400_6M_3d_17h_52m_52s_tootallnate.java-websocket-fa3909c=org.java_websocket.issues.Issue256Test.runReconnectScenario7_output_1591224775,1591225591,1591225109,482
isolation-runs-surefire-combined,JON_106-iso-more-runs_p1_r100_t518400_6M_3d_17h_52m_52s_tootallnate.java-websocket-fa3909c=org.java_websocket.issues.Issue256Test.runReconnectScenario8_output_1591224775,1591225581,1591225099,482
isolation-runs-surefire-combined,JON_106-iso-more-runs_p1_r100_t518400_6M_3d_17h_52m_52s_tootallnate.java-websocket-fa3909c=org.java_websocket.issues.Issue256Test.runReconnectScenario9_output_1591224775,1591225548,1591225073,475
isolation-runs-surefire-combined,JON_106-iso-more-runs_p1_r100_t518400_6M_3d_17h_52m_52s_tootallnate.java-websocket-fa3909c=org.java_websocket.issues.Issue580Test.runNoCloseBlockingTestScenario0_output_1591224775,1591225501,1591225068,433
isolation-runs-surefire-combined,JON_106-iso-more-runs_p1_r100_t518400_6M_3d_17h_52m_52s_tootallnate.java-websocket-fa3909c=org.java_websocket.issues.Issue580Test.runNoCloseBlockingTestScenario3_output_1591224775,1591225487,1591225062,425
isolation-runs-surefire-combined,JON_106-iso-more-runs_p1_r100_t518400_6M_3d_17h_52m_52s_tootallnate.java-websocket-fa3909c=org.java_websocket.issues.Issue580Test.runNoCloseBlockingTestScenario4_output_1591224775,1591225439,1591225060,379
isolation-runs-surefire-combined,JON_106-iso-more-runs_p1_r100_t518400_6M_3d_17h_52m_52s_tootallnate.java-websocket-fa3909c=org.java_websocket.issues.Issue580Test.runNoCloseBlockingTestScenario6_output_1591224775,1591225461,1591225062,399
isolation-runs-surefire-combined,JON_106-iso-more-runs_p1_r100_t518400_6M_3d_17h_52m_52s_tootallnate.java-websocket-fa3909c=org.java_websocket.issues.Issue580Test.runNoCloseBlockingTestScenario8_output_1591224775,1591225460,1591225107,353
isolation-runs-surefire-combined,JON_106-iso-more-runs_p1_r100_t518400_6M_3d_17h_52m_52s_tootallnate.java-websocket-fa3909c=org.java_websocket.issues.Issue621Test.testIssue_output_1591224775,1591225479,1591225099,380
isolation-runs-surefire-combined,JON_106-iso-more-runs_p1_r100_t518400_6M_3d_17h_52m_52s_tootallnate.java-websocket-fa3909c=org.java_websocket.issues.Issue677Test.testIssue_output_1591224775,1591225501,1591225094,407
isolation-runs-surefire-combined,JON_106-iso-more-runs_p1_r100_t518400_6M_3d_17h_52m_52s_tootallnate.java-websocket-fa3909c=org.java_websocket.issues.Issue713Test.testIssue_output_1591224775,1591225498,1591225065,433
isolation-runs-surefire-combined,JON_106-iso-more-runs_p1_r100_t518400_6M_3d_17h_52m_52s_tootallnate.java-websocket-fa3909c=org.java_websocket.misc.OpeningHandshakeRejectionTest.testHandshakeRejectionTestCase0_output_1591224775,1591225500,1591225129,371
isolation-runs-surefire-combined,JON_106-iso-more-runs_p1_r100_t518400_6M_3d_17h_52m_52s_tootallnate.java-websocket-fa3909c=org.java_websocket.misc.OpeningHandshakeRejectionTest.testHandshakeRejectionTestCase10_output_1591224775,1591225410,1591225068,342
isolation-runs-surefire-combined,JON_106-iso-more-runs_p1_r100_t518400_6M_3d_17h_52m_52s_tootallnate.java-websocket-fa3909c=org.java_websocket.misc.OpeningHandshakeRejectionTest.testHandshakeRejectionTestCase11_output_1591224775,1591225471,1591225099,372
isolation-runs-surefire-combined,JON_106-iso-more-runs_p1_r100_t518400_6M_3d_17h_55m_52s_square.retrofit-ae28c3d=retrofit2.CallTest.cancelRequest_output_1591224955,1591225920,1591225237,683
isolation-runs-surefire-combined,JON_106-iso-more-runs_p1_r100_t518400_6M_3d_17h_52m_52s_tootallnate.java-websocket-fa3909c=org.java_websocket.protocols.ProtoclHandshakeRejectionTest.testHandshakeRejectionTestCase10_output_1591224775,1591225434,1591225060,374
isolation-runs-surefire-combined,JON_106-iso-more-runs_p1_r100_t518400_6M_3d_17h_52m_52s_wro4j.wro4j-185ab60=ro.isdc.wro.extensions.processor.support.sass.TestRubySassEngine.shouldProcessValidCss_output_1591224775,1591225994,1591225129,865
isolation-runs-surefire-combined,JON_106-iso-more-runs_p1_r100_t518400_6M_3d_17h_52m_52s_wro4j.wro4j-185ab60=ro.isdc.wro.extensions.processor.support.sass.TestRubySassEngine.shouldProcessValidNonAsciiSass_output_1591224775,1591226039,1591225129,910
isolation-runs-surefire-combined,JON_106-iso-more-runs_p1_r100_t518400_6M_3d_17h_52m_52s_wro4j.wro4j-185ab60=ro.isdc.wro.extensions.processor.support.sass.TestRubySassEngine.shouldProcessValidSass_output_1591224775,1591225993,1591225134,859
isolation-runs-surefire-combined,JON_106-iso-more-runs_p1_r100_t518400_6M_3d_17h_52m_52s_wro4j.wro4j-185ab60=ro.isdc.wro.extensions.processor.TestBourbonCssProcessor.shouldBeThreadSafe_output_1591224775,1591226220,1591225129,1091
isolation-runs-surefire-combined,JON_106-iso-more-runs_p1_r100_t518400_6M_3d_17h_52m_52s_wro4j.wro4j-185ab60=ro.isdc.wro.extensions.processor.TestRubySassCssProcessor.executeMultipleTimesDoesntThrowOutOfMemoryException_output_1591224775,1591226216,1591225142,1074
isolation-runs-surefire-combined,JON_106-iso-more-runs_p1_r100_t518400_6M_3d_17h_52m_52s_wro4j.wro4j-185ab60=ro.isdc.wro.extensions.processor.TestRubySassCssProcessor.shouldBeThreadSafe_output_1591224775,1591226180,1591225134,1046
isolation-runs-surefire-combined,JON_106-iso-more-runs_p1_r100_t518400_6M_3d_17h_52m_52s_wro4j.wro4j-185ab60=ro.isdc.wro.extensions.processor.TestRubySassCssProcessor.shouldBeThreadSafeWhenInitializingProcessor_output_1591224775,1591226176,1591225134,1042
isolation-runs-surefire-combined,JON_106-iso-more-runs_p1_r100_t518400_6M_3d_17h_52m_52s_wro4j.wro4j-185ab60=ro.isdc.wro.extensions.processor.TestRubySassCssProcessor.shouldSucceedAfterAFailure_output_1591224775,1591226075,1591225136,939
isolation-runs-surefire-combined,JON_106-iso-more-runs_p1_r100_t518400_6M_3d_17h_52m_52s_wro4j.wro4j-185ab60=ro.isdc.wro.extensions.processor.TestRubySassCssProcessor.shouldTestFromFolder_output_1591224775,1591226106,1591225129,977
isolation-runs-surefire-combined,JON_106-iso-more-runs_p1_r100_t518400_6M_3d_17h_52m_52s_wso2.carbon-apimgt-a82213e=org.wso2.carbon.apimgt.throttling.siddhi.extension.ThrottleTimeBatchWindowTestCase.throttleTimeWindowBatchTest2_output_1591224775,1591227120,1591225144,1976
isolation-runs-surefire-combined,JON_106-iso-more-runs_p1_r100_t518400_6M_3d_17h_55m_52s_orbit.orbit-c4904af=cloud.orbit.actors.extensions.test.LengthFieldHandlerTest.randomMessages_output_1591224955,1591225707,1591225171,536
isolation-runs-surefire-combined,JON_106-iso-more-runs_p1_r100_t518400_6M_3d_17h_55m_52s_oryxproject.oryx-72ae4bb=com.cloudera.oryx.common.io.IOUtilsTest.testDistinctFreePorts_output_1591224955,1591225799,1591225216,583
isolation-runs-surefire-combined,JON_106-iso-more-runs_p1_r100_t518400_6M_3d_17h_55m_52s_spinn3r.noxy-d53a494=com.spinn3r.noxy.discovery.zookeeper.ZKTest.testBulkClusterJoining_output_1591224955,1591234888,1591225188,9700
isolation-runs-surefire-combined,JON_106-iso-more-runs_p1_r100_t518400_6M_3d_17h_55m_52s_spinn3r.noxy-d53a494=com.spinn3r.noxy.discovery.zookeeper.ZKTest.testDiscoveryListener_output_1591224955,1591225912,1591225232,680
isolation-runs-surefire-combined,JON_106-iso-more-runs_p1_r100_t518400_6M_3d_17h_55m_52s_spinn3r.noxy-d53a494=com.spinn3r.noxy.discovery.zookeeper.ZKTest.testMembershipJoinAndLeave_output_1591224955,1591225916,1591225232,684
isolation-runs-surefire-combined,JON_106-iso-more-runs_p1_r100_t518400_6M_3d_17h_55m_52s_square.retrofit-ae28c3d=retrofit2.adapter.rxjava.CompletableThrowingSafeSubscriberTest.throwingInOnCompleteDeliveredToPlugin_output_1591224955,1591225626,1591225237,389
isolation-runs-surefire-combined,JON_106-iso-more-runs_p1_r100_t518400_6M_3d_17h_55m_52s_square.retrofit-ae28c3d=retrofit2.adapter.rxjava.CompletableThrowingTest.throwingInOnCompleteDeliveredToPlugin_output_1591224955,1591225644,1591225235,409
isolation-runs-surefire-combined,JON_106-iso-more-runs_p1_r100_t518400_6M_3d_17h_55m_52s_square.retrofit-ae28c3d=retrofit2.adapter.rxjava.SingleThrowingTest.bodyThrowingInOnSuccessDeliveredToPlugin_output_1591224955,1591225624,1591225235,389
isolation-runs-surefire-combined,JON_106-iso-more-runs_p1_r100_t518400_6M_3d_17h_55m_52s_square.retrofit-ae28c3d=retrofit2.adapter.rxjava.SingleThrowingTest.responseThrowingInOnErrorDeliveredToPlugin_output_1591224955,1591225548,1591225213,335
isolation-runs-surefire-combined,JON_106-iso-more-runs_p1_r100_t518400_6M_3d_17h_55m_52s_tootallnate.java-websocket-fa3909c=org.java_websocket.issues.Issue256Test.runReconnectScenario0_output_1591224955,1591225814,1591225278,536
isolation-runs-surefire-combined,JON_106-iso-more-runs_p1_r100_t518400_6M_3d_17h_55m_52s_square.retrofit-ae28c3d=retrofit2.adapter.rxjava.SingleThrowingTest.responseThrowingInOnSuccessDeliveredToPlugin_output_1591224955,1591225646,1591225237,409
isolation-runs-surefire-combined,JON_106-iso-more-runs_p1_r100_t518400_6M_3d_17h_55m_52s_tootallnate.java-websocket-fa3909c=org.java_websocket.issues.Issue256Test.runReconnectBlockingScenario0_output_1591224955,1591225723,1591225243,480
isolation-runs-surefire-combined,JON_106-iso-more-runs_p1_r100_t518400_6M_3d_17h_55m_52s_tootallnate.java-websocket-fa3909c=org.java_websocket.issues.Issue256Test.runReconnectBlockingScenario1_output_1591224955,1591225717,1591225248,469
isolation-runs-surefire-combined,JON_106-iso-more-runs_p1_r100_t518400_6M_3d_17h_55m_52s_tootallnate.java-websocket-fa3909c=org.java_websocket.issues.Issue256Test.runReconnectBlockingScenario2_output_1591224955,1591225784,1591225272,512
isolation-runs-surefire-combined,JON_106-iso-more-runs_p1_r100_t518400_6M_3d_17h_55m_52s_tootallnate.java-websocket-fa3909c=org.java_websocket.issues.Issue256Test.runReconnectBlockingScenario3_output_1591224955,1591225735,1591225272,463
isolation-runs-surefire-combined,JON_106-iso-more-runs_p1_r100_t518400_6M_3d_17h_55m_52s_tootallnate.java-websocket-fa3909c=org.java_websocket.issues.Issue256Test.runReconnectBlockingScenario4_output_1591224955,1591225762,1591225281,481
isolation-runs-surefire-combined,JON_106-iso-more-runs_p1_r100_t518400_6M_3d_17h_55m_52s_tootallnate.java-websocket-fa3909c=org.java_websocket.issues.Issue256Test.runReconnectBlockingScenario5_output_1591224955,1591225745,1591225276,469
isolation-runs-surefire-combined,JON_106-iso-more-runs_p1_r100_t518400_6M_3d_17h_55m_52s_tootallnate.java-websocket-fa3909c=org.java_websocket.issues.Issue256Test.runReconnectBlockingScenario6_output_1591224955,1591225707,1591225243,464
isolation-runs-surefire-combined,JON_106-iso-more-runs_p1_r100_t518400_6M_3d_17h_55m_52s_tootallnate.java-websocket-fa3909c=org.java_websocket.issues.Issue256Test.runReconnectBlockingScenario7_output_1591224955,1591225706,1591225243,463
isolation-runs-surefire-combined,JON_106-iso-more-runs_p1_r100_t518400_6M_3d_17h_55m_52s_tootallnate.java-websocket-fa3909c=org.java_websocket.issues.Issue256Test.runReconnectBlockingScenario8_output_1591224955,1591225737,1591225246,491
isolation-runs-surefire-combined,JON_106-iso-more-runs_p1_r100_t518400_6M_3d_17h_55m_52s_tootallnate.java-websocket-fa3909c=org.java_websocket.issues.Issue256Test.runReconnectBlockingScenario9_output_1591224955,1591225700,1591225272,428
isolation-runs-surefire-combined,JON_106-iso-more-runs_p1_r100_t518400_6M_3d_17h_55m_52s_tootallnate.java-websocket-fa3909c=org.java_websocket.issues.Issue256Test.runReconnectScenario1_output_1591224955,1591225794,1591225281,513
isolation-runs-surefire-combined,JON_106-iso-more-runs_p1_r100_t518400_6M_3d_17h_55m_52s_tootallnate.java-websocket-fa3909c=org.java_websocket.issues.Issue256Test.runReconnectScenario2_output_1591224955,1591225827,1591225272,555
isolation-runs-surefire-combined,JON_106-iso-more-runs_p1_r100_t518400_6M_3d_17h_55m_52s_tootallnate.java-websocket-fa3909c=org.java_websocket.issues.Issue256Test.runReconnectScenario3_output_1591224955,1591225809,1591225267,542
isolation-runs-surefire-combined,JON_106-iso-more-runs_p1_r100_t518400_6M_3d_17h_55m_52s_tootallnate.java-websocket-fa3909c=org.java_websocket.issues.Issue256Test.runReconnectScenario4_output_1591224955,1591225780,1591225240,540
isolation-runs-surefire-combined,JON_106-iso-more-runs_p1_r100_t518400_6M_3d_17h_55m_52s_tootallnate.java-websocket-fa3909c=org.java_websocket.issues.Issue256Test.runReconnectScenario5_output_1591224955,1591225807,1591225248,559
isolation-runs-surefire-combined,JON_106-iso-more-runs_p1_r100_t518400_6M_3d_17h_55m_52s_tootallnate.java-websocket-fa3909c=org.java_websocket.issues.Issue256Test.runReconnectScenario6_output_1591224955,1591225887,1591225310,577
isolation-runs-surefire-combined,JON_106-iso-more-runs_p1_r100_t518400_6M_3d_17h_55m_52s_tootallnate.java-websocket-fa3909c=org.java_websocket.issues.Issue256Test.runReconnectScenario7_output_1591224955,1591225747,1591225232,515
isolation-runs-surefire-combined,JON_106-iso-more-runs_p1_r100_t518400_6M_3d_17h_55m_52s_tootallnate.java-websocket-fa3909c=org.java_websocket.issues.Issue256Test.runReconnectScenario8_output_1591224955,1591225776,1591225275,501
isolation-runs-surefire-combined,JON_106-iso-more-runs_p1_r100_t518400_6M_3d_17h_55m_52s_tootallnate.java-websocket-fa3909c=org.java_websocket.issues.Issue256Test.runReconnectScenario9_output_1591224955,1591225837,1591225275,562
isolation-runs-surefire-combined,JON_106-iso-more-runs_p1_r100_t518400_6M_3d_17h_55m_52s_tootallnate.java-websocket-fa3909c=org.java_websocket.issues.Issue580Test.runNoCloseBlockingTestScenario0_output_1591224955,1591225721,1591225265,456
isolation-runs-surefire-combined,JON_106-iso-more-runs_p1_r100_t518400_6M_3d_17h_55m_52s_tootallnate.java-websocket-fa3909c=org.java_websocket.issues.Issue580Test.runNoCloseBlockingTestScenario3_output_1591224955,1591225711,1591225246,465
isolation-runs-surefire-combined,JON_106-iso-more-runs_p1_r100_t518400_6M_3d_17h_55m_52s_tootallnate.java-websocket-fa3909c=org.java_websocket.issues.Issue580Test.runNoCloseBlockingTestScenario4_output_1591224955,1591225693,1591225237,456
isolation-runs-surefire-combined,JON_106-iso-more-runs_p1_r100_t518400_6M_3d_17h_55m_52s_tootallnate.java-websocket-fa3909c=org.java_websocket.issues.Issue580Test.runNoCloseBlockingTestScenario6_output_1591224955,1591225735,1591225260,475
isolation-runs-surefire-combined,JON_106-iso-more-runs_p1_r100_t518400_6M_3d_17h_55m_52s_tootallnate.java-websocket-fa3909c=org.java_websocket.issues.Issue580Test.runNoCloseBlockingTestScenario8_output_1591224955,1591225737,1591225272,465
isolation-runs-surefire-combined,JON_106-iso-more-runs_p1_r100_t518400_6M_3d_17h_55m_52s_tootallnate.java-websocket-fa3909c=org.java_websocket.issues.Issue621Test.testIssue_output_1591224955,1591225734,1591225275,459
isolation-runs-surefire-combined,JON_106-iso-more-runs_p1_r100_t518400_6M_3d_17h_55m_52s_tootallnate.java-websocket-fa3909c=org.java_websocket.issues.Issue677Test.testIssue_output_1591224955,1591225742,1591225272,470
isolation-runs-surefire-combined,JON_106-iso-more-runs_p1_r100_t518400_6M_3d_17h_55m_52s_tootallnate.java-websocket-fa3909c=org.java_websocket.issues.Issue713Test.testIssue_output_1591224955,1591225772,1591225275,497
isolation-runs-surefire-combined,JON_106-iso-more-runs_p1_r100_t518400_6M_3d_17h_55m_52s_tootallnate.java-websocket-fa3909c=org.java_websocket.misc.OpeningHandshakeRejectionTest.testHandshakeRejectionTestCase0_output_1591224955,1591225728,1591225290,438
isolation-runs-surefire-combined,JON_106-iso-more-runs_p1_r100_t518400_6M_3d_17h_55m_52s_tootallnate.java-websocket-fa3909c=org.java_websocket.misc.OpeningHandshakeRejectionTest.testHandshakeRejectionTestCase10_output_1591224955,1591225728,1591225250,478
isolation-runs-surefire-combined,JON_106-iso-more-runs_p1_r100_t518400_6M_3d_17h_55m_52s_tootallnate.java-websocket-fa3909c=org.java_websocket.misc.OpeningHandshakeRejectionTest.testHandshakeRejectionTestCase11_output_1591224955,1591225759,1591225278,481
isolation-runs-surefire-combined,JON_106-iso-more-runs_p1_r100_t518400_6M_3d_17h_55m_52s_tootallnate.java-websocket-fa3909c=org.java_websocket.protocols.ProtoclHandshakeRejectionTest.testHandshakeRejectionTestCase10_output_1591224955,1591225702,1591225240,462
isolation-runs-surefire-combined,JON_106-iso-more-runs_p1_r100_t518400_6M_3d_17h_55m_52s_wro4j.wro4j-185ab60=ro.isdc.wro.extensions.processor.support.sass.TestRubySassEngine.shouldProcessValidCss_output_1591224955,1591226737,1591225288,1449
isolation-runs-surefire-combined,JON_106-iso-more-runs_p1_r100_t518400_6M_3d_17h_55m_52s_wro4j.wro4j-185ab60=ro.isdc.wro.extensions.processor.support.sass.TestRubySassEngine.shouldProcessValidNonAsciiSass_output_1591224955,1591226471,1591225281,1190
isolation-runs-surefire-combined,JON_106-iso-more-runs_p1_r100_t518400_6M_3d_17h_55m_52s_wro4j.wro4j-185ab60=ro.isdc.wro.extensions.processor.support.sass.TestRubySassEngine.shouldProcessValidSass_output_1591224955,1591226512,1591225293,1219
isolation-runs-surefire-combined,JON_106-iso-more-runs_p1_r100_t518400_6M_3d_17h_55m_52s_wro4j.wro4j-185ab60=ro.isdc.wro.extensions.processor.TestBourbonCssProcessor.shouldBeThreadSafe_output_1591224955,1591226464,1591225278,1186
isolation-runs-surefire-combined,JON_106-iso-more-runs_p1_r100_t518400_6M_3d_17h_55m_52s_wro4j.wro4j-185ab60=ro.isdc.wro.extensions.processor.TestRubySassCssProcessor.executeMultipleTimesDoesntThrowOutOfMemoryException_output_1591224955,1591226578,1591225285,1293
isolation-runs-surefire-combined,JON_106-iso-more-runs_p1_r100_t518400_6M_3d_17h_55m_52s_wro4j.wro4j-185ab60=ro.isdc.wro.extensions.processor.TestRubySassCssProcessor.shouldBeThreadSafe_output_1591224955,1591226486,1591225281,1205
isolation-runs-surefire-combined,JON_106-iso-more-runs_p1_r100_t518400_6M_3d_17h_55m_52s_wro4j.wro4j-185ab60=ro.isdc.wro.extensions.processor.TestRubySassCssProcessor.shouldBeThreadSafeWhenInitializingProcessor_output_1591224955,1591226518,1591225293,1225
isolation-runs-surefire-combined,JON_106-iso-more-runs_p1_r100_t518400_6M_3d_17h_55m_52s_wro4j.wro4j-185ab60=ro.isdc.wro.extensions.processor.TestRubySassCssProcessor.shouldSucceedAfterAFailure_output_1591224955,1591226403,1591225283,1120
isolation-runs-surefire-combined,JON_106-iso-more-runs_p1_r100_t518400_6M_3d_17h_55m_52s_wro4j.wro4j-185ab60=ro.isdc.wro.extensions.processor.TestRubySassCssProcessor.shouldTestFromFolder_output_1591224955,1591226577,1591225278,1299
isolation-runs-surefire-combined,JON_106-iso-more-runs_p1_r100_t518400_6M_3d_17h_58m_52s_orbit.orbit-c4904af=cloud.orbit.actors.extensions.test.LengthFieldHandlerTest.randomMessages_output_1591225134,1591225883,1591225341,542
isolation-runs-surefire-combined,JON_106-iso-more-runs_p1_r100_t518400_6M_3d_17h_55m_52s_wso2.carbon-apimgt-a82213e=org.wso2.carbon.apimgt.throttling.siddhi.extension.ThrottleTimeBatchWindowTestCase.throttleTimeWindowBatchTest2_output_1591224955,1591227376,1591225293,2083
isolation-runs-surefire-combined,JON_106-iso-more-runs_p1_r100_t518400_6M_3d_17h_58m_52s_oryxproject.oryx-72ae4bb=com.cloudera.oryx.common.io.IOUtilsTest.testDistinctFreePorts_output_1591225134,1591225835,1591225383,452
isolation-runs-surefire-combined,JON_106-iso-more-runs_p1_r100_t518400_6M_3d_17h_58m_52s_spinn3r.noxy-d53a494=com.spinn3r.noxy.discovery.zookeeper.ZKTest.testBulkClusterJoining_output_1591225134,1591233155,1591225365,7790
isolation-runs-surefire-combined,JON_106-iso-more-runs_p1_r100_t518400_6M_3d_17h_58m_52s_spinn3r.noxy-d53a494=com.spinn3r.noxy.discovery.zookeeper.ZKTest.testDiscoveryListener_output_1591225134,1591225992,1591225390,602
isolation-runs-surefire-combined,JON_106-iso-more-runs_p1_r100_t518400_6M_3d_17h_58m_52s_spinn3r.noxy-d53a494=com.spinn3r.noxy.discovery.zookeeper.ZKTest.testMembershipJoinAndLeave_output_1591225134,1591226076,1591225385,691
isolation-runs-surefire-combined,JON_106-iso-more-runs_p1_r100_t518400_6M_3d_17h_58m_52s_square.retrofit-ae28c3d=retrofit2.adapter.rxjava.CompletableThrowingSafeSubscriberTest.throwingInOnCompleteDeliveredToPlugin_output_1591225134,1591225706,1591225390,316
isolation-runs-surefire-combined,JON_106-iso-more-runs_p1_r100_t518400_6M_3d_17h_58m_52s_square.retrofit-ae28c3d=retrofit2.adapter.rxjava.CompletableThrowingTest.throwingInOnCompleteDeliveredToPlugin_output_1591225134,1591225767,1591225385,382
isolation-runs-surefire-combined,JON_106-iso-more-runs_p1_r100_t518400_6M_3d_17h_58m_52s_square.retrofit-ae28c3d=retrofit2.adapter.rxjava.SingleThrowingTest.bodyThrowingInOnSuccessDeliveredToPlugin_output_1591225134,1591225731,1591225395,336
isolation-runs-surefire-combined,JON_106-iso-more-runs_p1_r100_t518400_6M_3d_17h_58m_52s_square.retrofit-ae28c3d=retrofit2.adapter.rxjava.SingleThrowingTest.responseThrowingInOnErrorDeliveredToPlugin_output_1591225134,1591225720,1591225365,355
isolation-runs-surefire-combined,JON_106-iso-more-runs_p1_r100_t518400_6M_3d_17h_58m_52s_square.retrofit-ae28c3d=retrofit2.adapter.rxjava.SingleThrowingTest.responseThrowingInOnSuccessDeliveredToPlugin_output_1591225134,1591225734,1591225395,339
isolation-runs-surefire-combined,JON_106-iso-more-runs_p1_r100_t518400_6M_3d_17h_58m_52s_square.retrofit-ae28c3d=retrofit2.CallTest.cancelRequest_output_1591225134,1591226005,1591225395,610
isolation-runs-surefire-combined,JON_106-iso-more-runs_p1_r100_t518400_6M_3d_17h_58m_52s_tootallnate.java-websocket-fa3909c=org.java_websocket.issues.Issue256Test.runReconnectBlockingScenario0_output_1591225134,1591225838,1591225407,431
isolation-runs-surefire-combined,JON_106-iso-more-runs_p1_r100_t518400_6M_3d_17h_58m_52s_tootallnate.java-websocket-fa3909c=org.java_websocket.issues.Issue256Test.runReconnectBlockingScenario1_output_1591225135,1591225825,1591225407,418
isolation-runs-surefire-combined,JON_106-iso-more-runs_p1_r100_t518400_6M_3d_17h_58m_52s_tootallnate.java-websocket-fa3909c=org.java_websocket.issues.Issue256Test.runReconnectBlockingScenario2_output_1591225135,1591225805,1591225415,390
isolation-runs-surefire-combined,JON_106-iso-more-runs_p1_r100_t518400_6M_3d_17h_58m_52s_tootallnate.java-websocket-fa3909c=org.java_websocket.issues.Issue256Test.runReconnectBlockingScenario3_output_1591225135,1591225799,1591225415,384
isolation-runs-surefire-combined,JON_106-iso-more-runs_p1_r100_t518400_6M_3d_17h_58m_52s_tootallnate.java-websocket-fa3909c=org.java_websocket.issues.Issue256Test.runReconnectBlockingScenario4_output_1591225135,1591225820,1591225425,395
isolation-runs-surefire-combined,JON_106-iso-more-runs_p1_r100_t518400_6M_3d_17h_58m_52s_tootallnate.java-websocket-fa3909c=org.java_websocket.issues.Issue256Test.runReconnectBlockingScenario5_output_1591225135,1591225857,1591225427,430
isolation-runs-surefire-combined,JON_106-iso-more-runs_p1_r100_t518400_6M_3d_17h_58m_52s_tootallnate.java-websocket-fa3909c=org.java_websocket.issues.Issue256Test.runReconnectBlockingScenario6_output_1591225134,1591225820,1591225397,423
isolation-runs-surefire-combined,JON_106-iso-more-runs_p1_r100_t518400_6M_3d_17h_58m_52s_tootallnate.java-websocket-fa3909c=org.java_websocket.issues.Issue256Test.runReconnectBlockingScenario7_output_1591225134,1591225818,1591225405,413
isolation-runs-surefire-combined,JON_106-iso-more-runs_p1_r100_t518400_6M_3d_17h_58m_52s_tootallnate.java-websocket-fa3909c=org.java_websocket.issues.Issue256Test.runReconnectBlockingScenario8_output_1591225134,1591225838,1591225427,411
isolation-runs-surefire-combined,JON_106-iso-more-runs_p1_r100_t518400_6M_3d_17h_58m_52s_tootallnate.java-websocket-fa3909c=org.java_websocket.issues.Issue256Test.runReconnectBlockingScenario9_output_1591225135,1591225820,1591225418,402
isolation-runs-surefire-combined,JON_106-iso-more-runs_p1_r100_t518400_6M_3d_17h_58m_52s_tootallnate.java-websocket-fa3909c=org.java_websocket.issues.Issue256Test.runReconnectScenario0_output_1591225135,1591225901,1591225425,476
isolation-runs-surefire-combined,JON_106-iso-more-runs_p1_r100_t518400_6M_3d_17h_58m_52s_tootallnate.java-websocket-fa3909c=org.java_websocket.issues.Issue256Test.runReconnectScenario1_output_1591225135,1591225909,1591225432,477
isolation-runs-surefire-combined,JON_106-iso-more-runs_p1_r100_t518400_6M_3d_17h_58m_52s_tootallnate.java-websocket-fa3909c=org.java_websocket.issues.Issue256Test.runReconnectScenario2_output_1591225135,1591225893,1591225420,473
isolation-runs-surefire-combined,JON_106-iso-more-runs_p1_r100_t518400_6M_3d_17h_58m_52s_tootallnate.java-websocket-fa3909c=org.java_websocket.issues.Issue256Test.runReconnectScenario3_output_1591225135,1591225875,1591225422,453
isolation-runs-surefire-combined,JON_106-iso-more-runs_p1_r100_t518400_6M_3d_17h_58m_52s_tootallnate.java-websocket-fa3909c=org.java_websocket.issues.Issue256Test.runReconnectScenario4_output_1591225134,1591225893,1591225395,498
isolation-runs-surefire-combined,JON_106-iso-more-runs_p1_r100_t518400_6M_3d_17h_58m_52s_tootallnate.java-websocket-fa3909c=org.java_websocket.issues.Issue256Test.runReconnectScenario5_output_1591225135,1591225903,1591225409,494
isolation-runs-surefire-combined,JON_106-iso-more-runs_p1_r100_t518400_6M_3d_17h_58m_52s_tootallnate.java-websocket-fa3909c=org.java_websocket.issues.Issue256Test.runReconnectScenario6_output_1591225134,1591225949,1591225407,542
isolation-runs-surefire-combined,JON_106-iso-more-runs_p1_r100_t518400_6M_3d_17h_58m_52s_tootallnate.java-websocket-fa3909c=org.java_websocket.issues.Issue256Test.runReconnectScenario7_output_1591225135,1591225965,1591225425,540
isolation-runs-surefire-combined,JON_106-iso-more-runs_p1_r100_t518400_6M_3d_17h_58m_52s_tootallnate.java-websocket-fa3909c=org.java_websocket.issues.Issue256Test.runReconnectScenario8_output_1591225135,1591225921,1591225422,499
isolation-runs-surefire-combined,JON_106-iso-more-runs_p1_r100_t518400_6M_3d_17h_58m_52s_tootallnate.java-websocket-fa3909c=org.java_websocket.issues.Issue256Test.runReconnectScenario9_output_1591225135,1591225883,1591225413,470
isolation-runs-surefire-combined,JON_106-iso-more-runs_p1_r100_t518400_6M_3d_17h_58m_52s_tootallnate.java-websocket-fa3909c=org.java_websocket.issues.Issue580Test.runNoCloseBlockingTestScenario0_output_1591225135,1591225806,1591225409,397
isolation-runs-surefire-combined,JON_106-iso-more-runs_p1_r100_t518400_6M_3d_17h_58m_52s_tootallnate.java-websocket-fa3909c=org.java_websocket.issues.Issue580Test.runNoCloseBlockingTestScenario3_output_1591225134,1591225761,1591225409,352
isolation-runs-surefire-combined,JON_106-iso-more-runs_p1_r100_t518400_6M_3d_17h_58m_52s_tootallnate.java-websocket-fa3909c=org.java_websocket.issues.Issue580Test.runNoCloseBlockingTestScenario4_output_1591225134,1591225798,1591225400,398
isolation-runs-surefire-combined,JON_106-iso-more-runs_p1_r100_t518400_6M_3d_17h_58m_52s_tootallnate.java-websocket-fa3909c=org.java_websocket.issues.Issue580Test.runNoCloseBlockingTestScenario6_output_1591225135,1591225816,1591225409,407
isolation-runs-surefire-combined,JON_106-iso-more-runs_p1_r100_t518400_6M_3d_17h_58m_52s_tootallnate.java-websocket-fa3909c=org.java_websocket.issues.Issue580Test.runNoCloseBlockingTestScenario8_output_1591225135,1591225792,1591225418,374
isolation-runs-surefire-combined,JON_106-iso-more-runs_p1_r100_t518400_6M_3d_17h_58m_52s_tootallnate.java-websocket-fa3909c=org.java_websocket.issues.Issue621Test.testIssue_output_1591225135,1591225837,1591225427,410
isolation-runs-surefire-combined,JON_106-iso-more-runs_p1_r100_t518400_6M_3d_17h_58m_52s_tootallnate.java-websocket-fa3909c=org.java_websocket.issues.Issue677Test.testIssue_output_1591225135,1591225794,1591225420,374
isolation-runs-surefire-combined,JON_106-iso-more-runs_p1_r100_t518400_6M_3d_17h_58m_52s_tootallnate.java-websocket-fa3909c=org.java_websocket.issues.Issue713Test.testIssue_output_1591225135,1591225839,1591225410,429
isolation-runs-surefire-combined,JON_106-iso-more-runs_p1_r100_t518400_6M_3d_17h_58m_52s_tootallnate.java-websocket-fa3909c=org.java_websocket.misc.OpeningHandshakeRejectionTest.testHandshakeRejectionTestCase0_output_1591225135,1591225826,1591225427,399
isolation-runs-surefire-combined,JON_106-iso-more-runs_p1_r100_t518400_6M_3d_17h_58m_52s_tootallnate.java-websocket-fa3909c=org.java_websocket.misc.OpeningHandshakeRejectionTest.testHandshakeRejectionTestCase10_output_1591225135,1591225807,1591225415,392
isolation-runs-surefire-combined,JON_106-iso-more-runs_p1_r100_t518400_6M_3d_17h_58m_52s_tootallnate.java-websocket-fa3909c=org.java_websocket.misc.OpeningHandshakeRejectionTest.testHandshakeRejectionTestCase11_output_1591225135,1591225768,1591225460,308
isolation-runs-surefire-combined,JON_106-iso-more-runs_p1_r100_t518400_6M_3d_17h_7m_52s_square.retrofit-ae28c3d=retrofit2.CallTest.cancelRequest_output_1591222074,1591223003,1591222326,677
isolation-runs-surefire-combined,JON_106-iso-more-runs_p1_r100_t518400_6M_3d_17h_58m_52s_tootallnate.java-websocket-fa3909c=org.java_websocket.protocols.ProtoclHandshakeRejectionTest.testHandshakeRejectionTestCase10_output_1591225134,1591225819,1591225407,412
isolation-runs-surefire-combined,JON_106-iso-more-runs_p1_r100_t518400_6M_3d_17h_58m_52s_wro4j.wro4j-185ab60=ro.isdc.wro.extensions.processor.support.sass.TestRubySassEngine.shouldProcessValidCss_output_1591225135,1591226307,1591225427,880
isolation-runs-surefire-combined,JON_106-iso-more-runs_p1_r100_t518400_6M_3d_17h_58m_52s_wro4j.wro4j-185ab60=ro.isdc.wro.extensions.processor.support.sass.TestRubySassEngine.shouldProcessValidNonAsciiSass_output_1591225135,1591226480,1591225467,1013
isolation-runs-surefire-combined,JON_106-iso-more-runs_p1_r100_t518400_6M_3d_17h_58m_52s_wro4j.wro4j-185ab60=ro.isdc.wro.extensions.processor.support.sass.TestRubySassEngine.shouldProcessValidSass_output_1591225135,1591226417,1591225467,950
isolation-runs-surefire-combined,JON_106-iso-more-runs_p1_r100_t518400_6M_3d_17h_58m_52s_wro4j.wro4j-185ab60=ro.isdc.wro.extensions.processor.TestBourbonCssProcessor.shouldBeThreadSafe_output_1591225135,1591226451,1591225467,984
isolation-runs-surefire-combined,JON_106-iso-more-runs_p1_r100_t518400_6M_3d_17h_58m_52s_wro4j.wro4j-185ab60=ro.isdc.wro.extensions.processor.TestRubySassCssProcessor.executeMultipleTimesDoesntThrowOutOfMemoryException_output_1591225135,1591226509,1591225469,1040
isolation-runs-surefire-combined,JON_106-iso-more-runs_p1_r100_t518400_6M_3d_17h_58m_52s_wro4j.wro4j-185ab60=ro.isdc.wro.extensions.processor.TestRubySassCssProcessor.shouldBeThreadSafe_output_1591225135,1591226549,1591225469,1080
isolation-runs-surefire-combined,JON_106-iso-more-runs_p1_r100_t518400_6M_3d_17h_58m_52s_wro4j.wro4j-185ab60=ro.isdc.wro.extensions.processor.TestRubySassCssProcessor.shouldBeThreadSafeWhenInitializingProcessor_output_1591225135,1591226392,1591225427,965
isolation-runs-surefire-combined,JON_106-iso-more-runs_p1_r100_t518400_6M_3d_17h_58m_52s_wro4j.wro4j-185ab60=ro.isdc.wro.extensions.processor.TestRubySassCssProcessor.shouldSucceedAfterAFailure_output_1591225135,1591226429,1591225469,960
isolation-runs-surefire-combined,JON_106-iso-more-runs_p1_r100_t518400_6M_3d_17h_58m_52s_wro4j.wro4j-185ab60=ro.isdc.wro.extensions.processor.TestRubySassCssProcessor.shouldTestFromFolder_output_1591225135,1591226502,1591225432,1070
isolation-runs-surefire-combined,JON_106-iso-more-runs_p1_r100_t518400_6M_3d_17h_58m_52s_wso2.carbon-apimgt-a82213e=org.wso2.carbon.apimgt.throttling.siddhi.extension.ThrottleTimeBatchWindowTestCase.throttleTimeWindowBatchTest2_output_1591225135,1591227413,1591225469,1944
isolation-runs-surefire-combined,JON_106-iso-more-runs_p1_r100_t518400_6M_3d_17h_7m_52s_orbit.orbit-c4904af=cloud.orbit.actors.extensions.test.LengthFieldHandlerTest.randomMessages_output_1591222074,1591222767,1591222298,469
isolation-runs-surefire-combined,JON_106-iso-more-runs_p1_r100_t518400_6M_3d_17h_7m_52s_oryxproject.oryx-72ae4bb=com.cloudera.oryx.common.io.IOUtilsTest.testDistinctFreePorts_output_1591222074,1591222870,1591222307,563
isolation-runs-surefire-combined,JON_106-iso-more-runs_p1_r100_t518400_6M_3d_17h_7m_52s_spinn3r.noxy-d53a494=com.spinn3r.noxy.discovery.zookeeper.ZKTest.testBulkClusterJoining_output_1591222074,1591230956,1591222307,8649
isolation-runs-surefire-combined,JON_106-iso-more-runs_p1_r100_t518400_6M_3d_17h_7m_52s_spinn3r.noxy-d53a494=com.spinn3r.noxy.discovery.zookeeper.ZKTest.testDiscoveryListener_output_1591222074,1591222994,1591222320,674
isolation-runs-surefire-combined,JON_106-iso-more-runs_p1_r100_t518400_6M_3d_17h_7m_52s_spinn3r.noxy-d53a494=com.spinn3r.noxy.discovery.zookeeper.ZKTest.testMembershipJoinAndLeave_output_1591222074,1591222996,1591222312,684
isolation-runs-surefire-combined,JON_106-iso-more-runs_p1_r100_t518400_6M_3d_17h_7m_52s_square.retrofit-ae28c3d=retrofit2.adapter.rxjava.CompletableThrowingSafeSubscriberTest.throwingInOnCompleteDeliveredToPlugin_output_1591222074,1591222687,1591222323,364
isolation-runs-surefire-combined,JON_106-iso-more-runs_p1_r100_t518400_6M_3d_17h_7m_52s_square.retrofit-ae28c3d=retrofit2.adapter.rxjava.CompletableThrowingTest.throwingInOnCompleteDeliveredToPlugin_output_1591222074,1591222685,1591222340,345
isolation-runs-surefire-combined,JON_106-iso-more-runs_p1_r100_t518400_6M_3d_17h_7m_52s_square.retrofit-ae28c3d=retrofit2.adapter.rxjava.SingleThrowingTest.bodyThrowingInOnSuccessDeliveredToPlugin_output_1591222074,1591222675,1591222315,360
isolation-runs-surefire-combined,JON_106-iso-more-runs_p1_r100_t518400_6M_3d_17h_7m_52s_square.retrofit-ae28c3d=retrofit2.adapter.rxjava.SingleThrowingTest.responseThrowingInOnErrorDeliveredToPlugin_output_1591222074,1591222708,1591222346,362
isolation-runs-surefire-combined,JON_106-iso-more-runs_p1_r100_t518400_6M_3d_17h_7m_52s_square.retrofit-ae28c3d=retrofit2.adapter.rxjava.SingleThrowingTest.responseThrowingInOnSuccessDeliveredToPlugin_output_1591222074,1591222705,1591222339,366
isolation-runs-surefire-combined,JON_106-iso-more-runs_p1_r100_t518400_6M_3d_17h_7m_52s_tootallnate.java-websocket-fa3909c=org.java_websocket.issues.Issue256Test.runReconnectBlockingScenario0_output_1591222074,1591222821,1591222357,464
isolation-runs-surefire-combined,JON_106-iso-more-runs_p1_r100_t518400_6M_3d_17h_7m_52s_tootallnate.java-websocket-fa3909c=org.java_websocket.issues.Issue256Test.runReconnectBlockingScenario1_output_1591222074,1591222809,1591222373,436
isolation-runs-surefire-combined,JON_106-iso-more-runs_p1_r100_t518400_6M_3d_17h_7m_52s_tootallnate.java-websocket-fa3909c=org.java_websocket.issues.Issue256Test.runReconnectBlockingScenario2_output_1591222074,1591222882,1591222426,456
isolation-runs-surefire-combined,JON_106-iso-more-runs_p1_r100_t518400_6M_3d_17h_7m_52s_tootallnate.java-websocket-fa3909c=org.java_websocket.issues.Issue256Test.runReconnectBlockingScenario3_output_1591222074,1591222802,1591222367,435
isolation-runs-surefire-combined,JON_106-iso-more-runs_p1_r100_t518400_6M_3d_17h_7m_52s_tootallnate.java-websocket-fa3909c=org.java_websocket.issues.Issue256Test.runReconnectBlockingScenario4_output_1591222074,1591222869,1591222441,428
isolation-runs-surefire-combined,JON_106-iso-more-runs_p1_r100_t518400_6M_3d_17h_7m_52s_tootallnate.java-websocket-fa3909c=org.java_websocket.issues.Issue256Test.runReconnectBlockingScenario5_output_1591222074,1591222812,1591222437,375
isolation-runs-surefire-combined,JON_106-iso-more-runs_p1_r100_t518400_6M_3d_17h_7m_52s_tootallnate.java-websocket-fa3909c=org.java_websocket.issues.Issue256Test.runReconnectBlockingScenario6_output_1591222074,1591222767,1591222343,424
isolation-runs-surefire-combined,JON_106-iso-more-runs_p1_r100_t518400_6M_3d_17h_7m_52s_tootallnate.java-websocket-fa3909c=org.java_websocket.issues.Issue256Test.runReconnectBlockingScenario7_output_1591222074,1591222805,1591222354,451
isolation-runs-surefire-combined,JON_106-iso-more-runs_p1_r100_t518400_6M_3d_17h_7m_52s_tootallnate.java-websocket-fa3909c=org.java_websocket.issues.Issue256Test.runReconnectBlockingScenario8_output_1591222074,1591222788,1591222357,431
isolation-runs-surefire-combined,JON_106-iso-more-runs_p1_r100_t518400_6M_3d_17h_7m_52s_tootallnate.java-websocket-fa3909c=org.java_websocket.issues.Issue256Test.runReconnectBlockingScenario9_output_1591222074,1591222786,1591222323,463
isolation-runs-surefire-combined,JON_106-iso-more-runs_p1_r100_t518400_6M_3d_17h_7m_52s_tootallnate.java-websocket-fa3909c=org.java_websocket.issues.Issue256Test.runReconnectScenario0_output_1591222074,1591222970,1591222452,518
isolation-runs-surefire-combined,JON_106-iso-more-runs_p1_r100_t518400_6M_3d_17h_7m_52s_tootallnate.java-websocket-fa3909c=org.java_websocket.issues.Issue256Test.runReconnectScenario1_output_1591222074,1591222967,1591222455,512
isolation-runs-surefire-combined,JON_106-iso-more-runs_p1_r100_t518400_6M_3d_17h_7m_52s_tootallnate.java-websocket-fa3909c=org.java_websocket.issues.Issue256Test.runReconnectScenario2_output_1591222074,1591222952,1591222423,529
isolation-runs-surefire-combined,JON_106-iso-more-runs_p1_r100_t518400_6M_3d_17h_7m_52s_tootallnate.java-websocket-fa3909c=org.java_websocket.issues.Issue256Test.runReconnectScenario3_output_1591222074,1591222900,1591222423,477
isolation-runs-surefire-combined,JON_106-iso-more-runs_p1_r100_t518400_6M_3d_17h_7m_52s_tootallnate.java-websocket-fa3909c=org.java_websocket.issues.Issue256Test.runReconnectScenario4_output_1591222074,1591222797,1591222343,454
isolation-runs-surefire-combined,JON_106-iso-more-runs_p1_r100_t518400_6M_3d_17h_7m_52s_tootallnate.java-websocket-fa3909c=org.java_websocket.issues.Issue256Test.runReconnectScenario5_output_1591222074,1591222931,1591222412,519
isolation-runs-surefire-combined,JON_106-iso-more-runs_p1_r100_t518400_6M_3d_17h_7m_52s_tootallnate.java-websocket-fa3909c=org.java_websocket.issues.Issue256Test.runReconnectScenario6_output_1591222074,1591222834,1591222357,477
isolation-runs-surefire-combined,JON_106-iso-more-runs_p1_r100_t518400_6M_3d_17h_7m_52s_tootallnate.java-websocket-fa3909c=org.java_websocket.issues.Issue256Test.runReconnectScenario7_output_1591222074,1591222893,1591222441,452
isolation-runs-surefire-combined,JON_106-iso-more-runs_p1_r100_t518400_6M_3d_17h_7m_52s_tootallnate.java-websocket-fa3909c=org.java_websocket.issues.Issue256Test.runReconnectScenario8_output_1591222074,1591222973,1591222429,544
isolation-runs-surefire-combined,JON_106-iso-more-runs_p1_r100_t518400_6M_3d_17h_7m_52s_tootallnate.java-websocket-fa3909c=org.java_websocket.issues.Issue256Test.runReconnectScenario9_output_1591222074,1591222897,1591222423,474
isolation-runs-surefire-combined,JON_106-iso-more-runs_p1_r100_t518400_6M_3d_17h_7m_52s_tootallnate.java-websocket-fa3909c=org.java_websocket.issues.Issue580Test.runNoCloseBlockingTestScenario0_output_1591222074,1591222911,1591222418,493
isolation-runs-surefire-combined,JON_106-iso-more-runs_p1_r100_t518400_6M_3d_17h_7m_52s_tootallnate.java-websocket-fa3909c=org.java_websocket.issues.Issue580Test.runNoCloseBlockingTestScenario3_output_1591222074,1591222830,1591222367,463
isolation-runs-surefire-combined,JON_106-iso-more-runs_p1_r100_t518400_6M_3d_17h_7m_52s_tootallnate.java-websocket-fa3909c=org.java_websocket.issues.Issue580Test.runNoCloseBlockingTestScenario4_output_1591222074,1591222814,1591222348,466
isolation-runs-surefire-combined,JON_106-iso-more-runs_p1_r100_t518400_6M_3d_17h_7m_52s_tootallnate.java-websocket-fa3909c=org.java_websocket.issues.Issue580Test.runNoCloseBlockingTestScenario6_output_1591222074,1591222806,1591222359,447
isolation-runs-surefire-combined,JON_106-iso-more-runs_p1_r100_t518400_6M_3d_17h_7m_52s_tootallnate.java-websocket-fa3909c=org.java_websocket.issues.Issue580Test.runNoCloseBlockingTestScenario8_output_1591222074,1591222906,1591222435,471
isolation-runs-surefire-combined,JON_106-iso-more-runs_p1_r100_t518400_6M_3d_17h_7m_52s_tootallnate.java-websocket-fa3909c=org.java_websocket.issues.Issue621Test.testIssue_output_1591222074,1591222885,1591222449,436
isolation-runs-surefire-combined,JON_106-iso-more-runs_p1_r100_t518400_6M_3d_17h_7m_52s_tootallnate.java-websocket-fa3909c=org.java_websocket.issues.Issue677Test.testIssue_output_1591222074,1591222850,1591222426,424
isolation-runs-surefire-combined,JON_106-iso-more-runs_p1_r100_t518400_6M_3d_17h_7m_52s_tootallnate.java-websocket-fa3909c=org.java_websocket.issues.Issue713Test.testIssue_output_1591222074,1591222833,1591222368,465
isolation-runs-surefire-combined,JON_106-iso-more-runs_p1_r100_t518400_6M_3d_17h_7m_52s_tootallnate.java-websocket-fa3909c=org.java_websocket.misc.OpeningHandshakeRejectionTest.testHandshakeRejectionTestCase0_output_1591222074,1591222925,1591222460,465
isolation-runs-surefire-combined,JON_106-iso-more-runs_p1_r100_t518400_6M_3d_17h_7m_52s_tootallnate.java-websocket-fa3909c=org.java_websocket.misc.OpeningHandshakeRejectionTest.testHandshakeRejectionTestCase10_output_1591222074,1591222896,1591222421,475
isolation-runs-surefire-combined,JON_106-iso-more-runs_p1_r100_t518400_6M_3d_17h_7m_52s_tootallnate.java-websocket-fa3909c=org.java_websocket.misc.OpeningHandshakeRejectionTest.testHandshakeRejectionTestCase11_output_1591222074,1591222908,1591222452,456
isolation-runs-surefire-combined,JON_106-iso-more-runs_p1_r100_t518400_6M_3d_17h_7m_52s_tootallnate.java-websocket-fa3909c=org.java_websocket.protocols.ProtoclHandshakeRejectionTest.testHandshakeRejectionTestCase10_output_1591222074,1591222774,1591222320,454
isolation-runs-surefire-combined,JON_106-iso-more-runs_p1_r100_t518400_6M_3d_17h_7m_52s_wro4j.wro4j-185ab60=ro.isdc.wro.extensions.processor.support.sass.TestRubySassEngine.shouldProcessValidCss_output_1591222074,1591223557,1591222460,1097
isolation-runs-surefire-combined,JON_106-iso-more-runs_p1_r100_t518400_6M_3d_17h_7m_52s_wro4j.wro4j-185ab60=ro.isdc.wro.extensions.processor.support.sass.TestRubySassEngine.shouldProcessValidNonAsciiSass_output_1591222074,1591223645,1591222460,1185
isolation-runs-surefire-combined,JON_106-iso-more-runs_p1_r100_t518400_6M_3d_17h_7m_52s_wro4j.wro4j-185ab60=ro.isdc.wro.extensions.processor.support.sass.TestRubySassEngine.shouldProcessValidSass_output_1591222074,1591223631,1591222466,1165
isolation-runs-surefire-combined,JON_106-iso-more-runs_p1_r100_t518400_6M_3d_17h_7m_52s_wro4j.wro4j-185ab60=ro.isdc.wro.extensions.processor.TestBourbonCssProcessor.shouldBeThreadSafe_output_1591222074,1591223490,1591222460,1030
isolation-runs-surefire-combined,JON_106-iso-more-runs_p1_r100_t518400_6M_3d_17h_7m_52s_wro4j.wro4j-185ab60=ro.isdc.wro.extensions.processor.TestRubySassCssProcessor.executeMultipleTimesDoesntThrowOutOfMemoryException_output_1591222074,1591223653,1591222463,1190
isolation-runs-surefire-combined,JON_106-iso-more-runs_p1_r100_t518400_6M_3d_17h_7m_52s_wro4j.wro4j-185ab60=ro.isdc.wro.extensions.processor.TestRubySassCssProcessor.shouldBeThreadSafe_output_1591222074,1591223677,1591222468,1209
isolation-runs-surefire-combined,JON_106-iso-more-runs_p1_r100_t518400_6M_3d_17h_7m_52s_wro4j.wro4j-185ab60=ro.isdc.wro.extensions.processor.TestRubySassCssProcessor.shouldBeThreadSafeWhenInitializingProcessor_output_1591222074,1591223643,1591222466,1177
isolation-runs-surefire-combined,JON_106-iso-more-runs_p1_r100_t518400_6M_3d_17h_7m_52s_wro4j.wro4j-185ab60=ro.isdc.wro.extensions.processor.TestRubySassCssProcessor.shouldSucceedAfterAFailure_output_1591222074,1591223460,1591222463,997
isolation-runs-surefire-combined,JON_106-iso-more-runs_p1_r100_t518400_6M_3d_17h_7m_52s_wro4j.wro4j-185ab60=ro.isdc.wro.extensions.processor.TestRubySassCssProcessor.shouldTestFromFolder_output_1591222074,1591223652,1591222463,1189
isolation-runs-surefire-combined,JON_106-iso-more-runs_p2_r100_t518400_6M_3d_21h_34m_38s_alibaba.fastjson-e05e9c5=com.alibaba.json.bvt.issue_1200.Issue1298.test_for_issue_1_output_1591238080,1591238770,1591238341,429
isolation-runs-surefire-combined,JON_106-iso-more-runs_p1_r100_t518400_6M_3d_17h_7m_52s_wso2.carbon-apimgt-a82213e=org.wso2.carbon.apimgt.throttling.siddhi.extension.ThrottleTimeBatchWindowTestCase.throttleTimeWindowBatchTest2_output_1591222074,1591224515,1591222468,2047
isolation-runs-surefire-combined,JON_106-iso-more-runs_p2_r100_t518400_6M_3d_21h_34m_38s_alibaba.fastjson-e05e9c5=com.alibaba.json.bvt.issue_1200.Issue1298.test_for_issue_output_1591238080,1591238736,1591238355,381
isolation-runs-surefire-combined,JON_106-iso-more-runs_p2_r100_t518400_6M_3d_21h_34m_38s_alibaba.fastjson-e05e9c5=com.alibaba.json.bvt.parser.DefaultExtJSONParser_parseArray.test_7_output_1591238080,1591238770,1591238295,475
isolation-runs-surefire-combined,JON_106-iso-more-runs_p2_r100_t518400_6M_3d_21h_34m_38s_alibaba.fastjson-e05e9c5=com.alibaba.json.bvt.parser.DefaultExtJSONParser_parseArray.test_8_output_1591238080,1591238739,1591238352,387
isolation-runs-surefire-combined,JON_106-iso-more-runs_p2_r100_t518400_6M_3d_21h_34m_38s_alibaba.fastjson-e05e9c5=com.alibaba.json.bvt.serializer.ConcurrentHashMapTest5.test_concurrentHashmap_output_1591238080,1591238847,1591238350,497
isolation-runs-surefire-combined,JON_106-iso-more-runs_p2_r100_t518400_6M_3d_21h_34m_38s_alibaba.fastjson-e05e9c5=com.alibaba.json.bvt.serializer.ConcurrentHashMapTest6.test_concurrentHashmap_output_1591238080,1591238822,1591238302,520
isolation-runs-surefire-combined,JON_106-iso-more-runs_p2_r100_t518400_6M_3d_21h_34m_38s_apache.incubator-dubbo-737f7a7=org.apache.dubbo.remoting.exchange.support.header.HeartbeatHandlerTest.testHeartbeat_output_1591238080,1591240139,1591238366,1773
isolation-runs-surefire-combined,JON_106-iso-more-runs_p2_r100_t518400_6M_3d_21h_34m_38s_apache.incubator-dubbo-737f7a7=org.apache.dubbo.remoting.transport.netty.ClientReconnectTest.testReconnectWarnLog_output_1591238080,1591239287,1591238358,929
isolation-runs-surefire-combined,JON_106-iso-more-runs_p2_r100_t518400_6M_3d_21h_34m_38s_apache.incubator-dubbo-737f7a7=org.apache.dubbo.remoting.transport.netty.ThreadNameTest.testThreadName_output_1591238080,1591239576,1591238358,1218
isolation-runs-surefire-combined,JON_106-iso-more-runs_p2_r100_t518400_6M_3d_21h_34m_38s_apache.incubator-dubbo-737f7a7=org.apache.dubbo.rpc.protocol.dubbo.ExplicitCallbackTest.TestCallbackMultiInstans_output_1591238080,1591239321,1591238336,985
isolation-runs-surefire-combined,JON_106-iso-more-runs_p2_r100_t518400_6M_3d_21h_34m_38s_apache.incubator-dubbo-737f7a7=org.apache.dubbo.rpc.protocol.dubbo.telnet.ChangeTelnetHandlerTest.testChangePath_output_1591238080,1591239436,1591238372,1064
isolation-runs-surefire-combined,JON_106-iso-more-runs_p2_r100_t518400_6M_3d_21h_34m_38s_apache.incubator-dubbo-737f7a7=org.apache.dubbo.rpc.protocol.dubbo.telnet.InvokerTelnetHandlerTest.testInvokeAutoFindMethod_output_1591238080,1591239376,1591238374,1002
isolation-runs-surefire-combined,JON_106-iso-more-runs_p2_r100_t518400_6M_3d_21h_34m_38s_apache.incubator-dubbo-737f7a7=org.apache.dubbo.rpc.protocol.dubbo.telnet.InvokerTelnetHandlerTest.testInvokeByPassingNullValue_output_1591238080,1591239206,1591238366,840
isolation-runs-surefire-combined,JON_106-iso-more-runs_p2_r100_t518400_6M_3d_21h_34m_38s_apache.incubator-dubbo-737f7a7=org.apache.dubbo.rpc.protocol.dubbo.telnet.InvokerTelnetHandlerTest.testInvokeDefaultSService_output_1591238080,1591239208,1591238366,842
isolation-runs-surefire-combined,JON_106-iso-more-runs_p2_r100_t518400_6M_3d_21h_34m_38s_apache.incubator-dubbo-737f7a7=org.apache.dubbo.rpc.protocol.dubbo.telnet.ListTelnetHandlerTest.testList_output_1591238080,1591239220,1591238374,846
isolation-runs-surefire-combined,JON_106-iso-more-runs_p2_r100_t518400_6M_3d_21h_34m_38s_apache.incubator-dubbo-737f7a7=org.apache.dubbo.rpc.protocol.dubbo.telnet.ListTelnetHandlerTest.testListService_output_1591238080,1591239383,1591238361,1022
isolation-runs-surefire-combined,JON_106-iso-more-runs_p2_r100_t518400_6M_3d_21h_34m_38s_apache.incubator-dubbo-737f7a7=org.apache.dubbo.rpc.protocol.dubbo.telnet.PortTelnetHandlerTest.testListAllPort_output_1591238080,1591239253,1591238369,884
isolation-runs-surefire-combined,JON_106-iso-more-runs_p2_r100_t518400_6M_3d_21h_34m_38s_apache.incubator-dubbo-737f7a7=org.apache.dubbo.rpc.protocol.dubbo.telnet.PortTelnetHandlerTest.testListDetail_output_1591238080,1591239257,1591238369,888
isolation-runs-surefire-combined,JON_106-iso-more-runs_p2_r100_t518400_6M_3d_21h_34m_38s_c2mon.c2mon-d80687b=cern.c2mon.daq.filter.dynamic.DiffMovingAverageTest.testAverage_output_1591238080,1591238729,1591238336,393
isolation-runs-surefire-combined,JON_106-iso-more-runs_p2_r100_t518400_6M_3d_21h_34m_38s_c2mon.c2mon-d80687b=cern.c2mon.server.common.republisher.RepublisherImplTest.testMultipleExceptions_output_1591238080,1591238814,1591238377,437
isolation-runs-surefire-combined,JON_106-iso-more-runs_p2_r100_t518400_6M_3d_21h_34m_38s_codingchili.excelastic-6bb7884=com.codingchili.TestWriter.shouldWriteToElasticPort_output_1591238080,1591238893,1591238372,521
isolation-runs-surefire-combined,JON_106-iso-more-runs_p2_r100_t518400_6M_3d_21h_34m_38s_c2mon.c2mon-d80687b=cern.c2mon.server.common.republisher.RepublisherImplTest.testMultiplePublicationsWithExceptions_output_1591238080,1591238779,1591238366,413
isolation-runs-surefire-combined,JON_106-iso-more-runs_p2_r100_t518400_6M_3d_21h_34m_38s_davidmoten.rxjava2-extras-d0315b6=com.github.davidmoten.rx2.buffertofile.FlowableOnBackpressureBufferToFileTest.testCancelObservable_output_1591238080,1591238903,1591238377,526
isolation-runs-surefire-combined,JON_106-iso-more-runs_p2_r100_t518400_6M_3d_21h_34m_38s_davidmoten.rxjava2-extras-d0315b6=com.github.davidmoten.rx2.buffertofile.FlowableOnBackpressureBufferToFileTest.testCancel_output_1591238080,1591238942,1591238374,568
isolation-runs-surefire-combined,JON_106-iso-more-runs_p2_r100_t518400_6M_3d_21h_34m_38s_davidmoten.rxjava2-extras-d0315b6=com.github.davidmoten.rx2.internal.flowable.FlowableServerSocketTest.testLoad_output_1591238080,1591240031,1591238374,1657
isolation-runs-surefire-combined,JON_106-iso-more-runs_p2_r100_t518400_6M_3d_21h_34m_38s_elasticjob.elastic-job-lite-b022898=io.elasticjob.lite.internal.failover.FailoverServiceTest.assertGetLocalFailoverItemsIfShutdown_output_1591238080,1591238920,1591238379,541
isolation-runs-surefire-combined,JON_106-iso-more-runs_p2_r100_t518400_6M_3d_21h_34m_38s_espertechinc.esper-590fa9c=com.espertech.esper.example.rfidassetzone.TestLRMovingSimMain.testSim_output_1591238080,1591239476,1591238377,1099
isolation-runs-surefire-combined,JON_106-iso-more-runs_p2_r100_t518400_6M_3d_21h_34m_38s_feroult.yawp-b3bcf9c=io.yawp.testing.appengine.pipes.flow.FlowDropsTest.testFlowDropsToSameSink_output_1591238080,1591239109,1591238379,730
isolation-runs-surefire-combined,JON_106-iso-more-runs_p2_r100_t518400_6M_3d_21h_34m_38s_flaxsearch.luwak-c27ec08=uk.co.flax.luwak.matchers.TestParallelMatcher.testParallelSlowLog_output_1591238080,1591238747,1591238379,368
isolation-runs-surefire-combined,JON_106-iso-more-runs_p2_r100_t518400_6M_3d_21h_34m_38s_flaxsearch.luwak-c27ec08=uk.co.flax.luwak.matchers.TestPartitionMatcher.testParallelSlowLog_output_1591238080,1591238791,1591238379,412
isolation-runs-surefire-combined,JON_106-iso-more-runs_p2_r100_t518400_6M_3d_21h_34m_38s_fluent.fluent-logger-java-da14ec3=org.fluentd.logger.TestFluentLogger.testClose_output_1591238080,1591238648,1591238382,266
isolation-runs-surefire-combined,JON_106-iso-more-runs_p2_r100_t518400_6M_3d_21h_34m_38s_fluent.fluent-logger-java-da14ec3=org.fluentd.logger.TestFluentLogger.testFlushOnClose_output_1591238080,1591238761,1591238385,376
isolation-runs-surefire-combined,JON_106-iso-more-runs_p2_r100_t518400_6M_3d_21h_34m_38s_fluent.fluent-logger-java-da14ec3=org.fluentd.logger.TestFluentLogger.testInMultiThreading_output_1591238080,1591239147,1591238388,759
isolation-runs-surefire-combined,JON_106-iso-more-runs_p2_r100_t518400_6M_3d_21h_34m_38s_fluent.fluent-logger-java-da14ec3=org.fluentd.logger.TestFluentLogger.testNormal01_output_1591238080,1591238883,1591238379,504
isolation-runs-surefire-combined,JON_106-iso-more-runs_p2_r100_t518400_6M_3d_21h_34m_38s_fluent.fluent-logger-java-da14ec3=org.fluentd.logger.TestFluentLogger.testNormal02_output_1591238080,1591238960,1591238382,578
isolation-runs-surefire-combined,JON_106-iso-more-runs_p2_r100_t518400_6M_3d_21h_34m_38s_fluent.fluent-logger-java-da14ec3=org.fluentd.logger.TestFluentLogger.testReconnection_output_1591238080,1591239510,1591238382,1128
isolation-runs-surefire-combined,JON_106-iso-more-runs_p2_r100_t518400_6M_3d_21h_34m_38s_javadelight.delight-nashorn-sandbox-da35edc=delight.nashornsandbox.TestGetFunction.test_output_1591238080,1591238987,1591238391,596
isolation-runs-surefire-combined,JON_106-iso-more-runs_p2_r100_t518400_6M_3d_21h_34m_38s_javadelight.delight-nashorn-sandbox-da35edc=delight.nashornsandbox.TestIssue34.testIssue34_Scenario1_output_1591238080,1591238973,1591238385,588
isolation-runs-surefire-combined,JON_106-iso-more-runs_p2_r100_t518400_6M_3d_21h_34m_38s_javadelight.delight-nashorn-sandbox-da35edc=delight.nashornsandbox.TestMemoryLimit.test_no_abuse_output_1591238080,1591238866,1591238379,487
isolation-runs-surefire-combined,JON_106-iso-more-runs_p2_r100_t518400_6M_3d_21h_34m_38s_kagkarlsson.db-scheduler-4a8a28e=com.github.kagkarlsson.scheduler.compatibility.HsqlCompatibilityTest.test_compatibility_output_1591238080,1591239808,1591238393,1415
isolation-runs-surefire-combined,JON_106-iso-more-runs_p2_r100_t518400_6M_3d_21h_34m_38s_kagkarlsson.db-scheduler-4a8a28e=com.github.kagkarlsson.scheduler.compatibility.HsqlCompatibilityTest.test_jdbc_repository_compatibility_with_data_output_1591238080,1591238793,1591238387,406
isolation-runs-surefire-combined,JON_106-iso-more-runs_p2_r100_t518400_6M_3d_21h_34m_38s_kagkarlsson.db-scheduler-4a8a28e=com.github.kagkarlsson.scheduler.DeadExecutionsTest.scheduler_should_detect_dead_execution_that_never_updated_heartbeat_output_1591238080,1591238808,1591238394,414
isolation-runs-surefire-combined,JON_106-iso-more-runs_p2_r100_t518400_6M_3d_21h_34m_38s_kagkarlsson.db-scheduler-4a8a28e=com.github.kagkarlsson.scheduler.DeadExecutionsTest.scheduler_should_handle_dead_executions_output_1591238080,1591238799,1591238385,414
isolation-runs-surefire-combined,JON_106-iso-more-runs_p2_r100_t518400_6M_3d_21h_34m_38s_kagkarlsson.db-scheduler-4a8a28e=com.github.kagkarlsson.scheduler.SchedulerClientTest.client_should_be_able_to_fetch_executions_for_task_output_1591238080,1591238774,1591238387,387
isolation-runs-surefire-combined,JON_106-iso-more-runs_p2_r100_t518400_6M_3d_21h_34m_38s_kagkarlsson.db-scheduler-4a8a28e=com.github.kagkarlsson.scheduler.SchedulerClientTest.client_should_be_able_to_schedule_executions_output_1591238080,1591238799,1591238393,406
isolation-runs-surefire-combined,JON_106-iso-more-runs_p2_r100_t518400_6M_3d_21h_34m_38s_kagkarlsson.db-scheduler-4a8a28e=com.github.kagkarlsson.scheduler.SchedulerClientTest.should_be_able_to_schedule_other_executions_from_an_executionhandler_output_1591238080,1591238758,1591238385,373
isolation-runs-surefire-combined,JON_106-iso-more-runs_p2_r100_t518400_6M_3d_21h_34m_38s_kagkarlsson.db-scheduler-4a8a28e=com.github.kagkarlsson.scheduler.WaiterTest.should_wait_until_woken_output_1591238080,1591238752,1591238390,362
isolation-runs-surefire-combined,JON_106-iso-more-runs_p2_r100_t518400_6M_3d_21h_34m_38s_looly.hutool-91565d0=cn.hutool.cron.test.CronTest.matchAllTest_output_1591238080,1591238809,1591238390,419
isolation-runs-surefire-combined,JON_106-iso-more-runs_p2_r100_t518400_6M_3d_21h_34m_38s_nationalsecurityagency.timely-3a8cbd3=timely.store.iterators.TimeSeriesGroupingIteratorTest.testAdditionalTimeSeries_output_1591238080,1591239676,1591238390,1286
isolation-runs-surefire-combined,JON_106-iso-more-runs_p2_r100_t518400_6M_3d_21h_34m_38s_nationalsecurityagency.timely-3a8cbd3=timely.store.iterators.TimeSeriesGroupingIteratorTest.testManySparseTimeSeries_output_1591238080,1591239459,1591238390,1069
isolation-runs-surefire-combined,JON_106-iso-more-runs_p2_r100_t518400_6M_3d_21h_34m_38s_nationalsecurityagency.timely-3a8cbd3=timely.store.iterators.TimeSeriesGroupingIteratorTest.testMultipleTimeSeriesMovingAverage_output_1591238080,1591239658,1591238393,1265
isolation-runs-surefire-combined,JON_106-iso-more-runs_p2_r100_t518400_6M_3d_21h_34m_38s_nationalsecurityagency.timely-3a8cbd3=timely.store.iterators.TimeSeriesGroupingIteratorTest.testTimeSeriesDropOff_output_1591238080,1591239556,1591238390,1166
isolation-runs-surefire-combined,JON_106-iso-more-runs_p2_r100_t518400_6M_3d_21h_34m_38s_oracle.oci-java-sdk-2e9982f=com.oracle.bmc.objectstorage.transfer.ProgressTrackerTest.singleUploadProgressTrackerFactory_resetProgressTracker_output_1591238080,1591238973,1591238388,585
isolation-runs-surefire-combined,JON_106-iso-more-runs_p2_r100_t518400_6M_3d_21h_37m_38s_alibaba.fastjson-e05e9c5=com.alibaba.json.bvt.issue_1200.Issue1298.test_for_issue_1_output_1591238259,1591238877,1591238505,372
isolation-runs-surefire-combined,JON_106-iso-more-runs_p2_r100_t518400_6M_3d_21h_37m_38s_alibaba.fastjson-e05e9c5=com.alibaba.json.bvt.issue_1200.Issue1298.test_for_issue_output_1591238259,1591238884,1591238505,379
isolation-runs-surefire-combined,JON_106-iso-more-runs_p2_r100_t518400_6M_3d_21h_37m_38s_alibaba.fastjson-e05e9c5=com.alibaba.json.bvt.parser.DefaultExtJSONParser_parseArray.test_7_output_1591238259,1591238874,1591238491,383
isolation-runs-surefire-combined,JON_106-iso-more-runs_p2_r100_t518400_6M_3d_21h_37m_38s_alibaba.fastjson-e05e9c5=com.alibaba.json.bvt.parser.DefaultExtJSONParser_parseArray.test_8_output_1591238259,1591238933,1591238505,428
isolation-runs-surefire-combined,JON_106-iso-more-runs_p2_r100_t518400_6M_3d_21h_37m_38s_alibaba.fastjson-e05e9c5=com.alibaba.json.bvt.serializer.ConcurrentHashMapTest5.test_concurrentHashmap_output_1591238259,1591238889,1591238508,381
isolation-runs-surefire-combined,JON_106-iso-more-runs_p2_r100_t518400_6M_3d_21h_37m_38s_alibaba.fastjson-e05e9c5=com.alibaba.json.bvt.serializer.ConcurrentHashMapTest6.test_concurrentHashmap_output_1591238259,1591238925,1591238494,431
isolation-runs-surefire-combined,JON_106-iso-more-runs_p2_r100_t518400_6M_3d_21h_37m_38s_apache.incubator-dubbo-737f7a7=org.apache.dubbo.remoting.exchange.support.header.HeartbeatHandlerTest.testHeartbeat_output_1591238259,1591240333,1591238505,1828
isolation-runs-surefire-combined,JON_106-iso-more-runs_p2_r100_t518400_6M_3d_21h_37m_38s_apache.incubator-dubbo-737f7a7=org.apache.dubbo.remoting.transport.netty.ClientReconnectTest.testReconnectWarnLog_output_1591238259,1591239469,1591238508,961
isolation-runs-surefire-combined,JON_106-iso-more-runs_p2_r100_t518400_6M_3d_21h_37m_38s_apache.incubator-dubbo-737f7a7=org.apache.dubbo.remoting.transport.netty.ThreadNameTest.testThreadName_output_1591238259,1591239799,1591238508,1291
isolation-runs-surefire-combined,JON_106-iso-more-runs_p2_r100_t518400_6M_3d_21h_37m_38s_apache.incubator-dubbo-737f7a7=org.apache.dubbo.rpc.protocol.dubbo.ExplicitCallbackTest.TestCallbackMultiInstans_output_1591238259,1591239534,1591238551,983
isolation-runs-surefire-combined,JON_106-iso-more-runs_p2_r100_t518400_6M_3d_21h_37m_38s_apache.incubator-dubbo-737f7a7=org.apache.dubbo.rpc.protocol.dubbo.telnet.ChangeTelnetHandlerTest.testChangePath_output_1591238259,1591239433,1591238554,879
isolation-runs-surefire-combined,JON_106-iso-more-runs_p2_r100_t518400_6M_3d_21h_37m_38s_apache.incubator-dubbo-737f7a7=org.apache.dubbo.rpc.protocol.dubbo.telnet.InvokerTelnetHandlerTest.testInvokeAutoFindMethod_output_1591238259,1591239323,1591238548,775
isolation-runs-surefire-combined,JON_106-iso-more-runs_p2_r100_t518400_6M_3d_21h_37m_38s_apache.incubator-dubbo-737f7a7=org.apache.dubbo.rpc.protocol.dubbo.telnet.InvokerTelnetHandlerTest.testInvokeByPassingNullValue_output_1591238259,1591239415,1591238548,867
isolation-runs-surefire-combined,JON_106-iso-more-runs_p2_r100_t518400_6M_3d_21h_37m_38s_apache.incubator-dubbo-737f7a7=org.apache.dubbo.rpc.protocol.dubbo.telnet.InvokerTelnetHandlerTest.testInvokeDefaultSService_output_1591238259,1591239431,1591238513,918
isolation-runs-surefire-combined,JON_106-iso-more-runs_p2_r100_t518400_6M_3d_21h_37m_38s_apache.incubator-dubbo-737f7a7=org.apache.dubbo.rpc.protocol.dubbo.telnet.ListTelnetHandlerTest.testList_output_1591238259,1591239403,1591238551,852
isolation-runs-surefire-combined,JON_106-iso-more-runs_p2_r100_t518400_6M_3d_21h_37m_38s_apache.incubator-dubbo-737f7a7=org.apache.dubbo.rpc.protocol.dubbo.telnet.ListTelnetHandlerTest.testListService_output_1591238259,1591239405,1591238500,905
isolation-runs-surefire-combined,JON_106-iso-more-runs_p2_r100_t518400_6M_3d_21h_37m_38s_apache.incubator-dubbo-737f7a7=org.apache.dubbo.rpc.protocol.dubbo.telnet.PortTelnetHandlerTest.testListAllPort_output_1591238259,1591239425,1591238549,876
isolation-runs-surefire-combined,JON_106-iso-more-runs_p2_r100_t518400_6M_3d_21h_37m_38s_apache.incubator-dubbo-737f7a7=org.apache.dubbo.rpc.protocol.dubbo.telnet.PortTelnetHandlerTest.testListDetail_output_1591238259,1591239398,1591238516,882
isolation-runs-surefire-combined,JON_106-iso-more-runs_p2_r100_t518400_6M_3d_21h_37m_38s_c2mon.c2mon-d80687b=cern.c2mon.daq.filter.dynamic.DiffMovingAverageTest.testAverage_output_1591238259,1591238888,1591238551,337
isolation-runs-surefire-combined,JON_106-iso-more-runs_p2_r100_t518400_6M_3d_21h_37m_38s_c2mon.c2mon-d80687b=cern.c2mon.server.common.republisher.RepublisherImplTest.testMultipleExceptions_output_1591238259,1591238979,1591238551,428
isolation-runs-surefire-combined,JON_106-iso-more-runs_p2_r100_t518400_6M_3d_21h_37m_38s_c2mon.c2mon-d80687b=cern.c2mon.server.common.republisher.RepublisherImplTest.testMultiplePublicationsWithExceptions_output_1591238259,1591238999,1591238554,445
isolation-runs-surefire-combined,JON_106-iso-more-runs_p2_r100_t518400_6M_3d_21h_37m_38s_codingchili.excelastic-6bb7884=com.codingchili.TestWriter.shouldWriteToElasticPort_output_1591238259,1591239132,1591238563,569
isolation-runs-surefire-combined,JON_106-iso-more-runs_p2_r100_t518400_6M_3d_21h_37m_38s_davidmoten.rxjava2-extras-d0315b6=com.github.davidmoten.rx2.buffertofile.FlowableOnBackpressureBufferToFileTest.testCancelObservable_output_1591238259,1591239054,1591238557,497
isolation-runs-surefire-combined,JON_106-iso-more-runs_p2_r100_t518400_6M_3d_21h_37m_38s_davidmoten.rxjava2-extras-d0315b6=com.github.davidmoten.rx2.buffertofile.FlowableOnBackpressureBufferToFileTest.testCancel_output_1591238259,1591239016,1591238553,463
isolation-runs-surefire-combined,JON_106-iso-more-runs_p2_r100_t518400_6M_3d_21h_37m_38s_davidmoten.rxjava2-extras-d0315b6=com.github.davidmoten.rx2.internal.flowable.FlowableServerSocketTest.testLoad_output_1591238259,1591240169,1591238563,1606
isolation-runs-surefire-combined,JON_106-iso-more-runs_p2_r100_t518400_6M_3d_21h_37m_38s_elasticjob.elastic-job-lite-b022898=io.elasticjob.lite.internal.failover.FailoverServiceTest.assertGetLocalFailoverItemsIfShutdown_output_1591238259,1591239016,1591238554,462
isolation-runs-surefire-combined,JON_106-iso-more-runs_p2_r100_t518400_6M_3d_21h_37m_38s_espertechinc.esper-590fa9c=com.espertech.esper.example.rfidassetzone.TestLRMovingSimMain.testSim_output_1591238259,1591239589,1591238557,1032
isolation-runs-surefire-combined,JON_106-iso-more-runs_p2_r100_t518400_6M_3d_21h_37m_38s_feroult.yawp-b3bcf9c=io.yawp.testing.appengine.pipes.flow.FlowDropsTest.testFlowDropsToSameSink_output_1591238259,1591239286,1591238557,729
isolation-runs-surefire-combined,JON_106-iso-more-runs_p2_r100_t518400_6M_3d_21h_37m_38s_flaxsearch.luwak-c27ec08=uk.co.flax.luwak.matchers.TestParallelMatcher.testParallelSlowLog_output_1591238259,1591238935,1591238565,370
isolation-runs-surefire-combined,JON_106-iso-more-runs_p2_r100_t518400_6M_3d_21h_37m_38s_flaxsearch.luwak-c27ec08=uk.co.flax.luwak.matchers.TestPartitionMatcher.testParallelSlowLog_output_1591238259,1591238908,1591238557,351
isolation-runs-surefire-combined,JON_106-iso-more-runs_p2_r100_t518400_6M_3d_21h_37m_38s_fluent.fluent-logger-java-da14ec3=org.fluentd.logger.TestFluentLogger.testClose_output_1591238259,1591238844,1591238560,284
isolation-runs-surefire-combined,JON_106-iso-more-runs_p2_r100_t518400_6M_3d_21h_37m_38s_fluent.fluent-logger-java-da14ec3=org.fluentd.logger.TestFluentLogger.testFlushOnClose_output_1591238259,1591238914,1591238573,341
isolation-runs-surefire-combined,JON_106-iso-more-runs_p2_r100_t518400_6M_3d_21h_37m_38s_fluent.fluent-logger-java-da14ec3=org.fluentd.logger.TestFluentLogger.testInMultiThreading_output_1591238259,1591239306,1591238606,700
isolation-runs-surefire-combined,JON_106-iso-more-runs_p2_r100_t518400_6M_3d_21h_37m_38s_fluent.fluent-logger-java-da14ec3=org.fluentd.logger.TestFluentLogger.testNormal01_output_1591238259,1591239084,1591238565,519
isolation-runs-surefire-combined,JON_106-iso-more-runs_p2_r100_t518400_6M_3d_21h_37m_38s_fluent.fluent-logger-java-da14ec3=org.fluentd.logger.TestFluentLogger.testNormal02_output_1591238259,1591239128,1591238604,524
isolation-runs-surefire-combined,JON_106-iso-more-runs_p2_r100_t518400_6M_3d_21h_37m_38s_fluent.fluent-logger-java-da14ec3=org.fluentd.logger.TestFluentLogger.testReconnection_output_1591238259,1591239729,1591238622,1107
isolation-runs-surefire-combined,JON_106-iso-more-runs_p2_r100_t518400_6M_3d_21h_37m_38s_javadelight.delight-nashorn-sandbox-da35edc=delight.nashornsandbox.TestGetFunction.test_output_1591238259,1591239013,1591238604,409
isolation-runs-surefire-combined,JON_106-iso-more-runs_p2_r100_t518400_6M_3d_21h_37m_38s_javadelight.delight-nashorn-sandbox-da35edc=delight.nashornsandbox.TestIssue34.testIssue34_Scenario1_output_1591238259,1591238983,1591238560,423
isolation-runs-surefire-combined,JON_106-iso-more-runs_p2_r100_t518400_6M_3d_21h_37m_38s_javadelight.delight-nashorn-sandbox-da35edc=delight.nashornsandbox.TestMemoryLimit.test_no_abuse_output_1591238259,1591239051,1591238622,429
isolation-runs-surefire-combined,JON_106-iso-more-runs_p2_r100_t518400_6M_3d_21h_37m_38s_kagkarlsson.db-scheduler-4a8a28e=com.github.kagkarlsson.scheduler.compatibility.HsqlCompatibilityTest.test_compatibility_output_1591238259,1591239962,1591238581,1381
isolation-runs-surefire-combined,JON_106-iso-more-runs_p2_r100_t518400_6M_3d_21h_37m_38s_kagkarlsson.db-scheduler-4a8a28e=com.github.kagkarlsson.scheduler.compatibility.HsqlCompatibilityTest.test_jdbc_repository_compatibility_with_data_output_1591238259,1591238955,1591238612,343
isolation-runs-surefire-combined,JON_106-iso-more-runs_p2_r100_t518400_6M_3d_21h_37m_38s_kagkarlsson.db-scheduler-4a8a28e=com.github.kagkarlsson.scheduler.DeadExecutionsTest.scheduler_should_detect_dead_execution_that_never_updated_heartbeat_output_1591238259,1591238925,1591238581,344
isolation-runs-surefire-combined,JON_106-iso-more-runs_p2_r100_t518400_6M_3d_21h_37m_38s_kagkarlsson.db-scheduler-4a8a28e=com.github.kagkarlsson.scheduler.DeadExecutionsTest.scheduler_should_handle_dead_executions_output_1591238259,1591238983,1591238617,366
isolation-runs-surefire-combined,JON_106-iso-more-runs_p2_r100_t518400_6M_3d_21h_37m_38s_kagkarlsson.db-scheduler-4a8a28e=com.github.kagkarlsson.scheduler.SchedulerClientTest.client_should_be_able_to_fetch_executions_for_task_output_1591238259,1591238963,1591238625,338
isolation-runs-surefire-combined,JON_106-iso-more-runs_p2_r100_t518400_6M_3d_21h_37m_38s_kagkarlsson.db-scheduler-4a8a28e=com.github.kagkarlsson.scheduler.SchedulerClientTest.client_should_be_able_to_schedule_executions_output_1591238259,1591238935,1591238609,326
isolation-runs-surefire-combined,JON_106-iso-more-runs_p2_r100_t518400_6M_3d_21h_37m_38s_kagkarlsson.db-scheduler-4a8a28e=com.github.kagkarlsson.scheduler.SchedulerClientTest.should_be_able_to_schedule_other_executions_from_an_executionhandler_output_1591238259,1591238972,1591238586,386
isolation-runs-surefire-combined,JON_106-iso-more-runs_p2_r100_t518400_6M_3d_21h_37m_38s_kagkarlsson.db-scheduler-4a8a28e=com.github.kagkarlsson.scheduler.WaiterTest.should_wait_until_woken_output_1591238259,1591238907,1591238573,334
isolation-runs-surefire-combined,JON_106-iso-more-runs_p2_r100_t518400_6M_3d_21h_37m_38s_looly.hutool-91565d0=cn.hutool.cron.test.CronTest.matchAllTest_output_1591238259,1591238952,1591238625,327
isolation-runs-surefire-combined,JON_106-iso-more-runs_p2_r100_t518400_6M_3d_21h_37m_38s_nationalsecurityagency.timely-3a8cbd3=timely.store.iterators.TimeSeriesGroupingIteratorTest.testAdditionalTimeSeries_output_1591238259,1591239677,1591238625,1052
isolation-runs-surefire-combined,JON_106-iso-more-runs_p2_r100_t518400_6M_3d_21h_40m_38s_alibaba.fastjson-e05e9c5=com.alibaba.json.bvt.issue_1200.Issue1298.test_for_issue_1_output_1591238440,1591239081,1591238691,390
isolation-runs-surefire-combined,JON_106-iso-more-runs_p2_r100_t518400_6M_3d_21h_37m_38s_nationalsecurityagency.timely-3a8cbd3=timely.store.iterators.TimeSeriesGroupingIteratorTest.testManySparseTimeSeries_output_1591238259,1591239628,1591238636,992
isolation-runs-surefire-combined,JON_106-iso-more-runs_p2_r100_t518400_6M_3d_21h_37m_38s_nationalsecurityagency.timely-3a8cbd3=timely.store.iterators.TimeSeriesGroupingIteratorTest.testMultipleTimeSeriesMovingAverage_output_1591238259,1591239602,1591238630,972
isolation-runs-surefire-combined,JON_106-iso-more-runs_p2_r100_t518400_6M_3d_21h_37m_38s_nationalsecurityagency.timely-3a8cbd3=timely.store.iterators.TimeSeriesGroupingIteratorTest.testTimeSeriesDropOff_output_1591238259,1591239635,1591238625,1010
isolation-runs-surefire-combined,JON_106-iso-more-runs_p2_r100_t518400_6M_3d_21h_37m_38s_oracle.oci-java-sdk-2e9982f=com.oracle.bmc.objectstorage.transfer.ProgressTrackerTest.singleUploadProgressTrackerFactory_resetProgressTracker_output_1591238259,1591239177,1591238630,547
isolation-runs-surefire-combined,JON_106-iso-more-runs_p2_r100_t518400_6M_3d_21h_40m_38s_alibaba.fastjson-e05e9c5=com.alibaba.json.bvt.issue_1200.Issue1298.test_for_issue_output_1591238440,1591239211,1591238689,522
isolation-runs-surefire-combined,JON_106-iso-more-runs_p2_r100_t518400_6M_3d_21h_40m_38s_alibaba.fastjson-e05e9c5=com.alibaba.json.bvt.parser.DefaultExtJSONParser_parseArray.test_7_output_1591238440,1591239129,1591238705,424
isolation-runs-surefire-combined,JON_106-iso-more-runs_p2_r100_t518400_6M_3d_21h_40m_38s_alibaba.fastjson-e05e9c5=com.alibaba.json.bvt.parser.DefaultExtJSONParser_parseArray.test_8_output_1591238440,1591239130,1591238702,428
isolation-runs-surefire-combined,JON_106-iso-more-runs_p2_r100_t518400_6M_3d_21h_40m_38s_alibaba.fastjson-e05e9c5=com.alibaba.json.bvt.serializer.ConcurrentHashMapTest5.test_concurrentHashmap_output_1591238440,1591239199,1591238667,532
isolation-runs-surefire-combined,JON_106-iso-more-runs_p2_r100_t518400_6M_3d_21h_40m_38s_alibaba.fastjson-e05e9c5=com.alibaba.json.bvt.serializer.ConcurrentHashMapTest6.test_concurrentHashmap_output_1591238440,1591239045,1591238697,348
isolation-runs-surefire-combined,JON_106-iso-more-runs_p2_r100_t518400_6M_3d_21h_40m_38s_apache.incubator-dubbo-737f7a7=org.apache.dubbo.remoting.exchange.support.header.HeartbeatHandlerTest.testHeartbeat_output_1591238440,1591240429,1591238702,1727
isolation-runs-surefire-combined,JON_106-iso-more-runs_p2_r100_t518400_6M_3d_21h_40m_38s_apache.incubator-dubbo-737f7a7=org.apache.dubbo.remoting.transport.netty.ClientReconnectTest.testReconnectWarnLog_output_1591238440,1591239503,1591238694,809
isolation-runs-surefire-combined,JON_106-iso-more-runs_p2_r100_t518400_6M_3d_21h_40m_38s_apache.incubator-dubbo-737f7a7=org.apache.dubbo.remoting.transport.netty.ThreadNameTest.testThreadName_output_1591238440,1591240004,1591238702,1302
isolation-runs-surefire-combined,JON_106-iso-more-runs_p2_r100_t518400_6M_3d_21h_40m_38s_apache.incubator-dubbo-737f7a7=org.apache.dubbo.rpc.protocol.dubbo.ExplicitCallbackTest.TestCallbackMultiInstans_output_1591238440,1591239767,1591238707,1060
isolation-runs-surefire-combined,JON_106-iso-more-runs_p2_r100_t518400_6M_3d_21h_40m_38s_apache.incubator-dubbo-737f7a7=org.apache.dubbo.rpc.protocol.dubbo.telnet.ChangeTelnetHandlerTest.testChangePath_output_1591238440,1591239601,1591238707,894
isolation-runs-surefire-combined,JON_106-iso-more-runs_p2_r100_t518400_6M_3d_21h_40m_38s_apache.incubator-dubbo-737f7a7=org.apache.dubbo.rpc.protocol.dubbo.telnet.InvokerTelnetHandlerTest.testInvokeAutoFindMethod_output_1591238440,1591239632,1591238707,925
isolation-runs-surefire-combined,JON_106-iso-more-runs_p2_r100_t518400_6M_3d_21h_40m_38s_apache.incubator-dubbo-737f7a7=org.apache.dubbo.rpc.protocol.dubbo.telnet.InvokerTelnetHandlerTest.testInvokeByPassingNullValue_output_1591238440,1591239662,1591238705,957
isolation-runs-surefire-combined,JON_106-iso-more-runs_p2_r100_t518400_6M_3d_21h_40m_38s_apache.incubator-dubbo-737f7a7=org.apache.dubbo.rpc.protocol.dubbo.telnet.InvokerTelnetHandlerTest.testInvokeDefaultSService_output_1591238440,1591239785,1591238705,1080
isolation-runs-surefire-combined,JON_106-iso-more-runs_p2_r100_t518400_6M_3d_21h_40m_38s_apache.incubator-dubbo-737f7a7=org.apache.dubbo.rpc.protocol.dubbo.telnet.ListTelnetHandlerTest.testList_output_1591238440,1591239614,1591238707,907
isolation-runs-surefire-combined,JON_106-iso-more-runs_p2_r100_t518400_6M_3d_21h_40m_38s_apache.incubator-dubbo-737f7a7=org.apache.dubbo.rpc.protocol.dubbo.telnet.ListTelnetHandlerTest.testListService_output_1591238440,1591239494,1591238694,800
isolation-runs-surefire-combined,JON_106-iso-more-runs_p2_r100_t518400_6M_3d_21h_40m_38s_apache.incubator-dubbo-737f7a7=org.apache.dubbo.rpc.protocol.dubbo.telnet.PortTelnetHandlerTest.testListAllPort_output_1591238440,1591239597,1591238707,890
isolation-runs-surefire-combined,JON_106-iso-more-runs_p2_r100_t518400_6M_3d_21h_40m_38s_apache.incubator-dubbo-737f7a7=org.apache.dubbo.rpc.protocol.dubbo.telnet.PortTelnetHandlerTest.testListDetail_output_1591238440,1591239584,1591238707,877
isolation-runs-surefire-combined,JON_106-iso-more-runs_p2_r100_t518400_6M_3d_21h_40m_38s_c2mon.c2mon-d80687b=cern.c2mon.daq.filter.dynamic.DiffMovingAverageTest.testAverage_output_1591238440,1591239007,1591238707,300
isolation-runs-surefire-combined,JON_106-iso-more-runs_p2_r100_t518400_6M_3d_21h_40m_38s_c2mon.c2mon-d80687b=cern.c2mon.server.common.republisher.RepublisherImplTest.testMultipleExceptions_output_1591238440,1591239122,1591238707,415
isolation-runs-surefire-combined,JON_106-iso-more-runs_p2_r100_t518400_6M_3d_21h_40m_38s_c2mon.c2mon-d80687b=cern.c2mon.server.common.republisher.RepublisherImplTest.testMultiplePublicationsWithExceptions_output_1591238440,1591239154,1591238707,447
isolation-runs-surefire-combined,JON_106-iso-more-runs_p2_r100_t518400_6M_3d_21h_40m_38s_codingchili.excelastic-6bb7884=com.codingchili.TestWriter.shouldWriteToElasticPort_output_1591238440,1591239230,1591238707,523
isolation-runs-surefire-combined,JON_106-iso-more-runs_p2_r100_t518400_6M_3d_21h_40m_38s_davidmoten.rxjava2-extras-d0315b6=com.github.davidmoten.rx2.buffertofile.FlowableOnBackpressureBufferToFileTest.testCancelObservable_output_1591238440,1591239259,1591238711,548
isolation-runs-surefire-combined,JON_106-iso-more-runs_p2_r100_t518400_6M_3d_21h_40m_38s_davidmoten.rxjava2-extras-d0315b6=com.github.davidmoten.rx2.buffertofile.FlowableOnBackpressureBufferToFileTest.testCancel_output_1591238440,1591239257,1591238708,549
isolation-runs-surefire-combined,JON_106-iso-more-runs_p2_r100_t518400_6M_3d_21h_40m_38s_davidmoten.rxjava2-extras-d0315b6=com.github.davidmoten.rx2.internal.flowable.FlowableServerSocketTest.testLoad_output_1591238440,1591240294,1591238711,1583
isolation-runs-surefire-combined,JON_106-iso-more-runs_p2_r100_t518400_6M_3d_21h_40m_38s_elasticjob.elastic-job-lite-b022898=io.elasticjob.lite.internal.failover.FailoverServiceTest.assertGetLocalFailoverItemsIfShutdown_output_1591238440,1591239217,1591238711,506
isolation-runs-surefire-combined,JON_106-iso-more-runs_p2_r100_t518400_6M_3d_21h_40m_38s_espertechinc.esper-590fa9c=com.espertech.esper.example.rfidassetzone.TestLRMovingSimMain.testSim_output_1591238440,1591239779,1591238714,1065
isolation-runs-surefire-combined,JON_106-iso-more-runs_p2_r100_t518400_6M_3d_21h_40m_38s_feroult.yawp-b3bcf9c=io.yawp.testing.appengine.pipes.flow.FlowDropsTest.testFlowDropsToSameSink_output_1591238440,1591239310,1591238716,594
isolation-runs-surefire-combined,JON_106-iso-more-runs_p2_r100_t518400_6M_3d_21h_40m_38s_flaxsearch.luwak-c27ec08=uk.co.flax.luwak.matchers.TestParallelMatcher.testParallelSlowLog_output_1591238440,1591239072,1591238716,356
isolation-runs-surefire-combined,JON_106-iso-more-runs_p2_r100_t518400_6M_3d_21h_40m_38s_flaxsearch.luwak-c27ec08=uk.co.flax.luwak.matchers.TestPartitionMatcher.testParallelSlowLog_output_1591238440,1591239111,1591238714,397
isolation-runs-surefire-combined,JON_106-iso-more-runs_p2_r100_t518400_6M_3d_21h_40m_38s_fluent.fluent-logger-java-da14ec3=org.fluentd.logger.TestFluentLogger.testClose_output_1591238440,1591239017,1591238719,298
isolation-runs-surefire-combined,JON_106-iso-more-runs_p2_r100_t518400_6M_3d_21h_40m_38s_fluent.fluent-logger-java-da14ec3=org.fluentd.logger.TestFluentLogger.testFlushOnClose_output_1591238440,1591239056,1591238725,331
isolation-runs-surefire-combined,JON_106-iso-more-runs_p2_r100_t518400_6M_3d_21h_40m_38s_fluent.fluent-logger-java-da14ec3=org.fluentd.logger.TestFluentLogger.testInMultiThreading_output_1591238440,1591239372,1591238719,653
isolation-runs-surefire-combined,JON_106-iso-more-runs_p2_r100_t518400_6M_3d_21h_40m_38s_fluent.fluent-logger-java-da14ec3=org.fluentd.logger.TestFluentLogger.testNormal01_output_1591238440,1591239270,1591238721,549
isolation-runs-surefire-combined,JON_106-iso-more-runs_p2_r100_t518400_6M_3d_21h_40m_38s_fluent.fluent-logger-java-da14ec3=org.fluentd.logger.TestFluentLogger.testNormal02_output_1591238440,1591239262,1591238725,537
isolation-runs-surefire-combined,JON_106-iso-more-runs_p2_r100_t518400_6M_3d_21h_40m_38s_fluent.fluent-logger-java-da14ec3=org.fluentd.logger.TestFluentLogger.testReconnection_output_1591238440,1591239812,1591238719,1093
isolation-runs-surefire-combined,JON_106-iso-more-runs_p2_r100_t518400_6M_3d_21h_40m_38s_javadelight.delight-nashorn-sandbox-da35edc=delight.nashornsandbox.TestGetFunction.test_output_1591238440,1591239201,1591238725,476
isolation-runs-surefire-combined,JON_106-iso-more-runs_p2_r100_t518400_6M_3d_21h_40m_38s_javadelight.delight-nashorn-sandbox-da35edc=delight.nashornsandbox.TestIssue34.testIssue34_Scenario1_output_1591238440,1591239233,1591238725,508
isolation-runs-surefire-combined,JON_106-iso-more-runs_p2_r100_t518400_6M_3d_21h_40m_38s_javadelight.delight-nashorn-sandbox-da35edc=delight.nashornsandbox.TestMemoryLimit.test_no_abuse_output_1591238440,1591239249,1591238725,524
isolation-runs-surefire-combined,JON_106-iso-more-runs_p2_r100_t518400_6M_3d_21h_40m_38s_kagkarlsson.db-scheduler-4a8a28e=com.github.kagkarlsson.scheduler.compatibility.HsqlCompatibilityTest.test_compatibility_output_1591238440,1591240082,1591238738,1344
isolation-runs-surefire-combined,JON_106-iso-more-runs_p2_r100_t518400_6M_3d_21h_40m_38s_kagkarlsson.db-scheduler-4a8a28e=com.github.kagkarlsson.scheduler.compatibility.HsqlCompatibilityTest.test_jdbc_repository_compatibility_with_data_output_1591238440,1591239047,1591238749,298
isolation-runs-surefire-combined,JON_106-iso-more-runs_p2_r100_t518400_6M_3d_21h_40m_38s_kagkarlsson.db-scheduler-4a8a28e=com.github.kagkarlsson.scheduler.DeadExecutionsTest.scheduler_should_detect_dead_execution_that_never_updated_heartbeat_output_1591238440,1591239070,1591238725,345
isolation-runs-surefire-combined,JON_106-iso-more-runs_p2_r100_t518400_6M_3d_21h_40m_38s_kagkarlsson.db-scheduler-4a8a28e=com.github.kagkarlsson.scheduler.DeadExecutionsTest.scheduler_should_handle_dead_executions_output_1591238440,1591239126,1591238738,388
isolation-runs-surefire-combined,JON_106-iso-more-runs_p2_r100_t518400_6M_3d_21h_40m_38s_kagkarlsson.db-scheduler-4a8a28e=com.github.kagkarlsson.scheduler.SchedulerClientTest.client_should_be_able_to_fetch_executions_for_task_output_1591238440,1591239059,1591238727,332
isolation-runs-surefire-combined,JON_106-iso-more-runs_p2_r100_t518400_6M_3d_21h_40m_38s_kagkarlsson.db-scheduler-4a8a28e=com.github.kagkarlsson.scheduler.SchedulerClientTest.client_should_be_able_to_schedule_executions_output_1591238440,1591239062,1591238727,335
isolation-runs-surefire-combined,JON_106-iso-more-runs_p2_r100_t518400_6M_3d_21h_40m_38s_kagkarlsson.db-scheduler-4a8a28e=com.github.kagkarlsson.scheduler.SchedulerClientTest.should_be_able_to_schedule_other_executions_from_an_executionhandler_output_1591238440,1591239159,1591238727,432
isolation-runs-surefire-combined,JON_106-iso-more-runs_p2_r100_t518400_6M_3d_21h_40m_38s_kagkarlsson.db-scheduler-4a8a28e=com.github.kagkarlsson.scheduler.WaiterTest.should_wait_until_woken_output_1591238440,1591239026,1591238725,301
isolation-runs-surefire-combined,JON_106-iso-more-runs_p2_r100_t518400_6M_3d_21h_40m_38s_looly.hutool-91565d0=cn.hutool.cron.test.CronTest.matchAllTest_output_1591238440,1591239142,1591238766,376
isolation-runs-surefire-combined,JON_106-iso-more-runs_p2_r100_t518400_6M_3d_21h_40m_38s_nationalsecurityagency.timely-3a8cbd3=timely.store.iterators.TimeSeriesGroupingIteratorTest.testAdditionalTimeSeries_output_1591238440,1591239843,1591238761,1082
isolation-runs-surefire-combined,JON_106-iso-more-runs_p2_r100_t518400_6M_3d_21h_40m_38s_nationalsecurityagency.timely-3a8cbd3=timely.store.iterators.TimeSeriesGroupingIteratorTest.testManySparseTimeSeries_output_1591238440,1591239855,1591238754,1101
isolation-runs-surefire-combined,JON_106-iso-more-runs_p2_r100_t518400_6M_3d_21h_40m_38s_nationalsecurityagency.timely-3a8cbd3=timely.store.iterators.TimeSeriesGroupingIteratorTest.testMultipleTimeSeriesMovingAverage_output_1591238440,1591239917,1591238761,1156
isolation-runs-surefire-combined,JON_106-iso-more-runs_p2_r100_t518400_6M_3d_21h_40m_38s_nationalsecurityagency.timely-3a8cbd3=timely.store.iterators.TimeSeriesGroupingIteratorTest.testTimeSeriesDropOff_output_1591238440,1591239861,1591238766,1095
isolation-runs-surefire-combined,JON_106-iso-more-runs_p2_r100_t518400_6M_3d_21h_40m_38s_oracle.oci-java-sdk-2e9982f=com.oracle.bmc.objectstorage.transfer.ProgressTrackerTest.singleUploadProgressTrackerFactory_resetProgressTracker_output_1591238440,1591239304,1591238769,535
isolation-runs-surefire-combined,JON_106-iso-more-runs_p2_r100_t518400_6M_3d_21h_43m_38s_alibaba.fastjson-e05e9c5=com.alibaba.json.bvt.issue_1200.Issue1298.test_for_issue_1_output_1591238620,1591239296,1591238875,421
isolation-runs-surefire-combined,JON_106-iso-more-runs_p2_r100_t518400_6M_3d_21h_43m_38s_alibaba.fastjson-e05e9c5=com.alibaba.json.bvt.issue_1200.Issue1298.test_for_issue_output_1591238620,1591239359,1591238966,393
isolation-runs-surefire-combined,JON_106-iso-more-runs_p2_r100_t518400_6M_3d_21h_43m_38s_alibaba.fastjson-e05e9c5=com.alibaba.json.bvt.parser.DefaultExtJSONParser_parseArray.test_7_output_1591238620,1591239288,1591238875,413
isolation-runs-surefire-combined,JON_106-iso-more-runs_p2_r100_t518400_6M_3d_21h_43m_38s_alibaba.fastjson-e05e9c5=com.alibaba.json.bvt.parser.DefaultExtJSONParser_parseArray.test_8_output_1591238620,1591239391,1591238958,433
isolation-runs-surefire-combined,JON_106-iso-more-runs_p2_r100_t518400_6M_3d_21h_43m_38s_alibaba.fastjson-e05e9c5=com.alibaba.json.bvt.serializer.ConcurrentHashMapTest5.test_concurrentHashmap_output_1591238620,1591239391,1591238961,430
isolation-runs-surefire-combined,JON_106-iso-more-runs_p2_r100_t518400_6M_3d_21h_43m_38s_alibaba.fastjson-e05e9c5=com.alibaba.json.bvt.serializer.ConcurrentHashMapTest6.test_concurrentHashmap_output_1591238620,1591239301,1591238912,389
isolation-runs-surefire-combined,JON_106-iso-more-runs_p2_r100_t518400_6M_3d_21h_43m_38s_apache.incubator-dubbo-737f7a7=org.apache.dubbo.remoting.exchange.support.header.HeartbeatHandlerTest.testHeartbeat_output_1591238620,1591240684,1591238881,1803
isolation-runs-surefire-combined,JON_106-iso-more-runs_p2_r100_t518400_6M_3d_21h_43m_38s_apache.incubator-dubbo-737f7a7=org.apache.dubbo.remoting.transport.netty.ClientReconnectTest.testReconnectWarnLog_output_1591238620,1591239753,1591238969,784
isolation-runs-surefire-combined,JON_106-iso-more-runs_p2_r100_t518400_6M_3d_21h_43m_38s_apache.incubator-dubbo-737f7a7=org.apache.dubbo.remoting.transport.netty.ThreadNameTest.testThreadName_output_1591238620,1591240274,1591238976,1298
isolation-runs-surefire-combined,JON_106-iso-more-runs_p2_r100_t518400_6M_3d_21h_43m_38s_apache.incubator-dubbo-737f7a7=org.apache.dubbo.rpc.protocol.dubbo.ExplicitCallbackTest.TestCallbackMultiInstans_output_1591238620,1591240011,1591238984,1027
isolation-runs-surefire-combined,JON_106-iso-more-runs_p2_r100_t518400_6M_3d_21h_43m_38s_apache.incubator-dubbo-737f7a7=org.apache.dubbo.rpc.protocol.dubbo.telnet.ChangeTelnetHandlerTest.testChangePath_output_1591238620,1591239839,1591238981,858
isolation-runs-surefire-combined,JON_106-iso-more-runs_p2_r100_t518400_6M_3d_21h_43m_38s_apache.incubator-dubbo-737f7a7=org.apache.dubbo.rpc.protocol.dubbo.telnet.InvokerTelnetHandlerTest.testInvokeAutoFindMethod_output_1591238620,1591239853,1591238981,872
isolation-runs-surefire-combined,JON_106-iso-more-runs_p2_r100_t518400_6M_3d_21h_43m_38s_apache.incubator-dubbo-737f7a7=org.apache.dubbo.rpc.protocol.dubbo.telnet.InvokerTelnetHandlerTest.testInvokeByPassingNullValue_output_1591238620,1591239863,1591238978,885
isolation-runs-surefire-combined,JON_106-iso-more-runs_p2_r100_t518400_6M_3d_21h_43m_38s_apache.incubator-dubbo-737f7a7=org.apache.dubbo.rpc.protocol.dubbo.telnet.InvokerTelnetHandlerTest.testInvokeDefaultSService_output_1591238620,1591239932,1591238978,954
isolation-runs-surefire-combined,JON_106-iso-more-runs_p2_r100_t518400_6M_3d_21h_43m_38s_apache.incubator-dubbo-737f7a7=org.apache.dubbo.rpc.protocol.dubbo.telnet.ListTelnetHandlerTest.testList_output_1591238620,1591239791,1591238984,807
isolation-runs-surefire-combined,JON_106-iso-more-runs_p2_r100_t518400_6M_3d_21h_43m_38s_apache.incubator-dubbo-737f7a7=org.apache.dubbo.rpc.protocol.dubbo.telnet.ListTelnetHandlerTest.testListService_output_1591238620,1591239766,1591238976,790
isolation-runs-surefire-combined,JON_106-iso-more-runs_p2_r100_t518400_6M_3d_21h_43m_38s_apache.incubator-dubbo-737f7a7=org.apache.dubbo.rpc.protocol.dubbo.telnet.PortTelnetHandlerTest.testListAllPort_output_1591238620,1591239755,1591238981,774
isolation-runs-surefire-combined,JON_106-iso-more-runs_p2_r100_t518400_6M_3d_21h_43m_38s_apache.incubator-dubbo-737f7a7=org.apache.dubbo.rpc.protocol.dubbo.telnet.PortTelnetHandlerTest.testListDetail_output_1591238620,1591239799,1591238976,823
isolation-runs-surefire-combined,JON_106-iso-more-runs_p2_r100_t518400_6M_3d_21h_43m_38s_c2mon.c2mon-d80687b=cern.c2mon.daq.filter.dynamic.DiffMovingAverageTest.testAverage_output_1591238620,1591239355,1591238984,371
isolation-runs-surefire-combined,JON_106-iso-more-runs_p2_r100_t518400_6M_3d_21h_43m_38s_c2mon.c2mon-d80687b=cern.c2mon.server.common.republisher.RepublisherImplTest.testMultipleExceptions_output_1591238620,1591239442,1591238984,458
isolation-runs-surefire-combined,JON_106-iso-more-runs_p2_r100_t518400_6M_3d_21h_43m_38s_c2mon.c2mon-d80687b=cern.c2mon.server.common.republisher.RepublisherImplTest.testMultiplePublicationsWithExceptions_output_1591238620,1591239348,1591238906,442
isolation-runs-surefire-combined,JON_106-iso-more-runs_p2_r100_t518400_6M_3d_21h_43m_38s_codingchili.excelastic-6bb7884=com.codingchili.TestWriter.shouldWriteToElasticPort_output_1591238620,1591239539,1591238987,552
isolation-runs-surefire-combined,JON_106-iso-more-runs_p2_r100_t518400_6M_3d_21h_43m_38s_davidmoten.rxjava2-extras-d0315b6=com.github.davidmoten.rx2.buffertofile.FlowableOnBackpressureBufferToFileTest.testCancelObservable_output_1591238620,1591239459,1591238987,472
isolation-runs-surefire-combined,JON_106-iso-more-runs_p2_r100_t518400_6M_3d_21h_43m_38s_davidmoten.rxjava2-extras-d0315b6=com.github.davidmoten.rx2.buffertofile.FlowableOnBackpressureBufferToFileTest.testCancel_output_1591238620,1591239534,1591238987,547
isolation-runs-surefire-combined,JON_106-iso-more-runs_p2_r100_t518400_6M_3d_21h_43m_38s_davidmoten.rxjava2-extras-d0315b6=com.github.davidmoten.rx2.internal.flowable.FlowableServerSocketTest.testLoad_output_1591238620,1591240593,1591238987,1606
isolation-runs-surefire-combined,JON_106-iso-more-runs_p2_r100_t518400_6M_3d_21h_43m_38s_elasticjob.elastic-job-lite-b022898=io.elasticjob.lite.internal.failover.FailoverServiceTest.assertGetLocalFailoverItemsIfShutdown_output_1591238620,1591239506,1591238987,519
isolation-runs-surefire-combined,JON_106-iso-more-runs_p2_r100_t518400_6M_3d_21h_43m_38s_espertechinc.esper-590fa9c=com.espertech.esper.example.rfidassetzone.TestLRMovingSimMain.testSim_output_1591238620,1591240076,1591238987,1089
isolation-runs-surefire-combined,JON_106-iso-more-runs_p2_r100_t518400_6M_3d_21h_43m_38s_feroult.yawp-b3bcf9c=io.yawp.testing.appengine.pipes.flow.FlowDropsTest.testFlowDropsToSameSink_output_1591238620,1591239637,1591238990,647
isolation-runs-surefire-combined,JON_106-iso-more-runs_p2_r100_t518400_6M_3d_21h_43m_38s_flaxsearch.luwak-c27ec08=uk.co.flax.luwak.matchers.TestParallelMatcher.testParallelSlowLog_output_1591238620,1591239397,1591238987,410
isolation-runs-surefire-combined,JON_106-iso-more-runs_p2_r100_t518400_6M_3d_21h_43m_38s_flaxsearch.luwak-c27ec08=uk.co.flax.luwak.matchers.TestPartitionMatcher.testParallelSlowLog_output_1591238620,1591239397,1591238990,407
isolation-runs-surefire-combined,JON_106-iso-more-runs_p2_r100_t518400_6M_3d_21h_43m_38s_fluent.fluent-logger-java-da14ec3=org.fluentd.logger.TestFluentLogger.testClose_output_1591238620,1591239292,1591238990,302
isolation-runs-surefire-combined,JON_106-iso-more-runs_p2_r100_t518400_6M_3d_21h_43m_38s_fluent.fluent-logger-java-da14ec3=org.fluentd.logger.TestFluentLogger.testFlushOnClose_output_1591238620,1591239327,1591238990,337
isolation-runs-surefire-combined,JON_106-iso-more-runs_p2_r100_t518400_6M_3d_21h_43m_38s_fluent.fluent-logger-java-da14ec3=org.fluentd.logger.TestFluentLogger.testInMultiThreading_output_1591238620,1591239691,1591238987,704
isolation-runs-surefire-combined,JON_106-iso-more-runs_p2_r100_t518400_6M_3d_21h_43m_38s_fluent.fluent-logger-java-da14ec3=org.fluentd.logger.TestFluentLogger.testNormal01_output_1591238620,1591239492,1591238990,502
isolation-runs-surefire-combined,JON_106-iso-more-runs_p2_r100_t518400_6M_3d_21h_43m_38s_fluent.fluent-logger-java-da14ec3=org.fluentd.logger.TestFluentLogger.testNormal02_output_1591238620,1591239539,1591238990,549
isolation-runs-surefire-combined,JON_106-iso-more-runs_p2_r100_t518400_6M_3d_21h_43m_38s_fluent.fluent-logger-java-da14ec3=org.fluentd.logger.TestFluentLogger.testReconnection_output_1591238620,1591240120,1591238990,1130
isolation-runs-surefire-combined,JON_106-iso-more-runs_p2_r100_t518400_6M_3d_21h_43m_38s_javadelight.delight-nashorn-sandbox-da35edc=delight.nashornsandbox.TestGetFunction.test_output_1591238620,1591239528,1591238993,535
isolation-runs-surefire-combined,JON_106-iso-more-runs_p2_r100_t518400_6M_3d_21h_43m_38s_javadelight.delight-nashorn-sandbox-da35edc=delight.nashornsandbox.TestIssue34.testIssue34_Scenario1_output_1591238620,1591239556,1591238993,563
isolation-runs-surefire-combined,JON_106-iso-more-runs_p2_r100_t518400_6M_3d_21h_43m_38s_javadelight.delight-nashorn-sandbox-da35edc=delight.nashornsandbox.TestMemoryLimit.test_no_abuse_output_1591238620,1591239522,1591238990,532
isolation-runs-surefire-combined,JON_106-iso-more-runs_p2_r100_t518400_6M_3d_21h_43m_38s_kagkarlsson.db-scheduler-4a8a28e=com.github.kagkarlsson.scheduler.compatibility.HsqlCompatibilityTest.test_compatibility_output_1591238620,1591240378,1591238993,1385
isolation-runs-surefire-combined,JON_106-iso-more-runs_p2_r100_t518400_6M_3d_21h_43m_38s_kagkarlsson.db-scheduler-4a8a28e=com.github.kagkarlsson.scheduler.compatibility.HsqlCompatibilityTest.test_jdbc_repository_compatibility_with_data_output_1591238620,1591239374,1591238998,376
isolation-runs-surefire-combined,JON_106-iso-more-runs_p2_r100_t518400_6M_3d_21h_43m_38s_kagkarlsson.db-scheduler-4a8a28e=com.github.kagkarlsson.scheduler.DeadExecutionsTest.scheduler_should_detect_dead_execution_that_never_updated_heartbeat_output_1591238620,1591239358,1591238993,365
isolation-runs-surefire-combined,JON_106-iso-more-runs_p2_r100_t518400_6M_3d_21h_43m_38s_kagkarlsson.db-scheduler-4a8a28e=com.github.kagkarlsson.scheduler.DeadExecutionsTest.scheduler_should_handle_dead_executions_output_1591238620,1591239371,1591238995,376
isolation-runs-surefire-combined,JON_106-iso-more-runs_p2_r100_t518400_6M_3d_21h_43m_38s_kagkarlsson.db-scheduler-4a8a28e=com.github.kagkarlsson.scheduler.SchedulerClientTest.client_should_be_able_to_fetch_executions_for_task_output_1591238620,1591239387,1591238998,389
isolation-runs-surefire-combined,JON_106-iso-more-runs_p2_r100_t518400_6M_3d_21h_43m_38s_kagkarlsson.db-scheduler-4a8a28e=com.github.kagkarlsson.scheduler.SchedulerClientTest.client_should_be_able_to_schedule_executions_output_1591238620,1591239377,1591238998,379
isolation-runs-surefire-combined,JON_106-iso-more-runs_p2_r100_t518400_6M_3d_21h_43m_38s_kagkarlsson.db-scheduler-4a8a28e=com.github.kagkarlsson.scheduler.SchedulerClientTest.should_be_able_to_schedule_other_executions_from_an_executionhandler_output_1591238620,1591239358,1591238990,368
isolation-runs-surefire-combined,JON_106-iso-more-runs_p2_r100_t518400_6M_3d_21h_43m_38s_kagkarlsson.db-scheduler-4a8a28e=com.github.kagkarlsson.scheduler.WaiterTest.should_wait_until_woken_output_1591238620,1591239309,1591238995,314
isolation-runs-surefire-combined,JON_106-iso-more-runs_p2_r100_t518400_6M_3d_21h_43m_38s_looly.hutool-91565d0=cn.hutool.cron.test.CronTest.matchAllTest_output_1591238620,1591239379,1591238998,381
isolation-runs-surefire-combined,JON_106-iso-more-runs_p2_r100_t518400_6M_3d_21h_43m_38s_nationalsecurityagency.timely-3a8cbd3=timely.store.iterators.TimeSeriesGroupingIteratorTest.testAdditionalTimeSeries_output_1591238620,1591240060,1591239001,1059
isolation-runs-surefire-combined,JON_106-iso-more-runs_p2_r100_t518400_6M_3d_21h_43m_38s_nationalsecurityagency.timely-3a8cbd3=timely.store.iterators.TimeSeriesGroupingIteratorTest.testManySparseTimeSeries_output_1591238620,1591240099,1591238998,1101
isolation-runs-surefire-combined,JON_106-iso-more-runs_p2_r100_t518400_6M_3d_21h_43m_38s_nationalsecurityagency.timely-3a8cbd3=timely.store.iterators.TimeSeriesGroupingIteratorTest.testMultipleTimeSeriesMovingAverage_output_1591238620,1591239993,1591238973,1020
isolation-runs-surefire-combined,JON_106-iso-more-runs_p2_r100_t518400_6M_3d_21h_43m_38s_nationalsecurityagency.timely-3a8cbd3=timely.store.iterators.TimeSeriesGroupingIteratorTest.testTimeSeriesDropOff_output_1591238620,1591240050,1591238998,1052
isolation-runs-surefire-combined,JON_106-iso-more-runs_p2_r100_t518400_6M_3d_21h_43m_38s_oracle.oci-java-sdk-2e9982f=com.oracle.bmc.objectstorage.transfer.ProgressTrackerTest.singleUploadProgressTrackerFactory_resetProgressTracker_output_1591238620,1591239577,1591239001,576
isolation-runs-surefire-combined,JON_106-iso-more-runs_p2_r100_t518400_6M_3d_21h_46m_38s_alibaba.fastjson-e05e9c5=com.alibaba.json.bvt.issue_1200.Issue1298.test_for_issue_1_output_1591238800,1591239541,1591239055,486
isolation-runs-surefire-combined,JON_106-iso-more-runs_p2_r100_t518400_6M_3d_21h_46m_38s_alibaba.fastjson-e05e9c5=com.alibaba.json.bvt.issue_1200.Issue1298.test_for_issue_output_1591238800,1591239522,1591239061,461
isolation-runs-surefire-combined,JON_106-iso-more-runs_p2_r100_t518400_6M_3d_21h_46m_38s_alibaba.fastjson-e05e9c5=com.alibaba.json.bvt.parser.DefaultExtJSONParser_parseArray.test_7_output_1591238800,1591239514,1591239012,502
isolation-runs-surefire-combined,JON_106-iso-more-runs_p2_r100_t518400_6M_3d_21h_46m_38s_alibaba.fastjson-e05e9c5=com.alibaba.json.bvt.parser.DefaultExtJSONParser_parseArray.test_8_output_1591238800,1591239510,1591239050,460
isolation-runs-surefire-combined,JON_106-iso-more-runs_p2_r100_t518400_6M_3d_21h_46m_38s_alibaba.fastjson-e05e9c5=com.alibaba.json.bvt.serializer.ConcurrentHashMapTest5.test_concurrentHashmap_output_1591238800,1591239486,1591239058,428
isolation-runs-surefire-combined,JON_106-iso-more-runs_p2_r100_t518400_6M_3d_21h_46m_38s_alibaba.fastjson-e05e9c5=com.alibaba.json.bvt.serializer.ConcurrentHashMapTest6.test_concurrentHashmap_output_1591238800,1591239535,1591239033,502
isolation-runs-surefire-combined,JON_106-iso-more-runs_p2_r100_t518400_6M_3d_21h_46m_38s_apache.incubator-dubbo-737f7a7=org.apache.dubbo.remoting.exchange.support.header.HeartbeatHandlerTest.testHeartbeat_output_1591238800,1591240875,1591239061,1814
isolation-runs-surefire-combined,JON_106-iso-more-runs_p2_r100_t518400_6M_3d_21h_46m_38s_apache.incubator-dubbo-737f7a7=org.apache.dubbo.remoting.transport.netty.ClientReconnectTest.testReconnectWarnLog_output_1591238800,1591239983,1591239062,921
isolation-runs-surefire-combined,JON_106-iso-more-runs_p2_r100_t518400_6M_3d_21h_46m_38s_apache.incubator-dubbo-737f7a7=org.apache.dubbo.remoting.transport.netty.ThreadNameTest.testThreadName_output_1591238800,1591240409,1591239061,1348
isolation-runs-surefire-combined,JON_106-iso-more-runs_p2_r100_t518400_6M_3d_21h_46m_38s_apache.incubator-dubbo-737f7a7=org.apache.dubbo.rpc.protocol.dubbo.ExplicitCallbackTest.TestCallbackMultiInstans_output_1591238800,1591240081,1591239070,1011
isolation-runs-surefire-combined,JON_106-iso-more-runs_p2_r100_t518400_6M_3d_21h_46m_38s_apache.incubator-dubbo-737f7a7=org.apache.dubbo.rpc.protocol.dubbo.telnet.ChangeTelnetHandlerTest.testChangePath_output_1591238800,1591240114,1591239065,1049
isolation-runs-surefire-combined,JON_106-iso-more-runs_p2_r100_t518400_6M_3d_21h_46m_38s_apache.incubator-dubbo-737f7a7=org.apache.dubbo.rpc.protocol.dubbo.telnet.InvokerTelnetHandlerTest.testInvokeAutoFindMethod_output_1591238800,1591240038,1591239070,968
isolation-runs-surefire-combined,JON_106-iso-more-runs_p2_r100_t518400_6M_3d_21h_46m_38s_apache.incubator-dubbo-737f7a7=org.apache.dubbo.rpc.protocol.dubbo.telnet.InvokerTelnetHandlerTest.testInvokeByPassingNullValue_output_1591238800,1591239986,1591239065,921
isolation-runs-surefire-combined,JON_106-iso-more-runs_p2_r100_t518400_6M_3d_21h_46m_38s_apache.incubator-dubbo-737f7a7=org.apache.dubbo.rpc.protocol.dubbo.telnet.InvokerTelnetHandlerTest.testInvokeDefaultSService_output_1591238800,1591240058,1591239068,990
isolation-runs-surefire-combined,JON_106-iso-more-runs_p2_r100_t518400_6M_3d_21h_46m_38s_looly.hutool-91565d0=cn.hutool.cron.test.CronTest.matchAllTest_output_1591238800,1591239562,1591239126,436
isolation-runs-surefire-combined,JON_106-iso-more-runs_p2_r100_t518400_6M_3d_21h_46m_38s_apache.incubator-dubbo-737f7a7=org.apache.dubbo.rpc.protocol.dubbo.telnet.ListTelnetHandlerTest.testList_output_1591238800,1591239953,1591239068,885
isolation-runs-surefire-combined,JON_106-iso-more-runs_p2_r100_t518400_6M_3d_21h_46m_38s_apache.incubator-dubbo-737f7a7=org.apache.dubbo.rpc.protocol.dubbo.telnet.ListTelnetHandlerTest.testListService_output_1591238800,1591240009,1591239061,948
isolation-runs-surefire-combined,JON_106-iso-more-runs_p2_r100_t518400_6M_3d_21h_46m_38s_apache.incubator-dubbo-737f7a7=org.apache.dubbo.rpc.protocol.dubbo.telnet.PortTelnetHandlerTest.testListAllPort_output_1591238800,1591240075,1591239070,1005
isolation-runs-surefire-combined,JON_106-iso-more-runs_p2_r100_t518400_6M_3d_21h_46m_38s_apache.incubator-dubbo-737f7a7=org.apache.dubbo.rpc.protocol.dubbo.telnet.PortTelnetHandlerTest.testListDetail_output_1591238800,1591239868,1591239064,804
isolation-runs-surefire-combined,JON_106-iso-more-runs_p2_r100_t518400_6M_3d_21h_46m_38s_c2mon.c2mon-d80687b=cern.c2mon.daq.filter.dynamic.DiffMovingAverageTest.testAverage_output_1591238800,1591239422,1591239067,355
isolation-runs-surefire-combined,JON_106-iso-more-runs_p2_r100_t518400_6M_3d_21h_46m_38s_c2mon.c2mon-d80687b=cern.c2mon.server.common.republisher.RepublisherImplTest.testMultipleExceptions_output_1591238800,1591239535,1591239073,462
isolation-runs-surefire-combined,JON_106-iso-more-runs_p2_r100_t518400_6M_3d_21h_46m_38s_c2mon.c2mon-d80687b=cern.c2mon.server.common.republisher.RepublisherImplTest.testMultiplePublicationsWithExceptions_output_1591238800,1591239542,1591239070,472
isolation-runs-surefire-combined,JON_106-iso-more-runs_p2_r100_t518400_6M_3d_21h_46m_38s_codingchili.excelastic-6bb7884=com.codingchili.TestWriter.shouldWriteToElasticPort_output_1591238800,1591239656,1591239070,586
isolation-runs-surefire-combined,JON_106-iso-more-runs_p2_r100_t518400_6M_3d_21h_46m_38s_davidmoten.rxjava2-extras-d0315b6=com.github.davidmoten.rx2.buffertofile.FlowableOnBackpressureBufferToFileTest.testCancelObservable_output_1591238800,1591239602,1591239073,529
isolation-runs-surefire-combined,JON_106-iso-more-runs_p2_r100_t518400_6M_3d_21h_46m_38s_davidmoten.rxjava2-extras-d0315b6=com.github.davidmoten.rx2.buffertofile.FlowableOnBackpressureBufferToFileTest.testCancel_output_1591238800,1591239599,1591239073,526
isolation-runs-surefire-combined,JON_106-iso-more-runs_p2_r100_t518400_6M_3d_21h_46m_38s_davidmoten.rxjava2-extras-d0315b6=com.github.davidmoten.rx2.internal.flowable.FlowableServerSocketTest.testLoad_output_1591238800,1591240757,1591239073,1684
isolation-runs-surefire-combined,JON_106-iso-more-runs_p2_r100_t518400_6M_3d_21h_46m_38s_elasticjob.elastic-job-lite-b022898=io.elasticjob.lite.internal.failover.FailoverServiceTest.assertGetLocalFailoverItemsIfShutdown_output_1591238800,1591239618,1591239073,545
isolation-runs-surefire-combined,JON_106-iso-more-runs_p2_r100_t518400_6M_3d_21h_46m_38s_espertechinc.esper-590fa9c=com.espertech.esper.example.rfidassetzone.TestLRMovingSimMain.testSim_output_1591238800,1591240169,1591239073,1096
isolation-runs-surefire-combined,JON_106-iso-more-runs_p2_r100_t518400_6M_3d_21h_46m_38s_feroult.yawp-b3bcf9c=io.yawp.testing.appengine.pipes.flow.FlowDropsTest.testFlowDropsToSameSink_output_1591238800,1591239824,1591239073,751
isolation-runs-surefire-combined,JON_106-iso-more-runs_p2_r100_t518400_6M_3d_21h_46m_38s_flaxsearch.luwak-c27ec08=uk.co.flax.luwak.matchers.TestParallelMatcher.testParallelSlowLog_output_1591238800,1591239498,1591239076,422
isolation-runs-surefire-combined,JON_106-iso-more-runs_p2_r100_t518400_6M_3d_21h_46m_38s_flaxsearch.luwak-c27ec08=uk.co.flax.luwak.matchers.TestPartitionMatcher.testParallelSlowLog_output_1591238800,1591239503,1591239076,427
isolation-runs-surefire-combined,JON_106-iso-more-runs_p2_r100_t518400_6M_3d_21h_46m_38s_fluent.fluent-logger-java-da14ec3=org.fluentd.logger.TestFluentLogger.testClose_output_1591238800,1591239406,1591239076,330
isolation-runs-surefire-combined,JON_106-iso-more-runs_p2_r100_t518400_6M_3d_21h_46m_38s_fluent.fluent-logger-java-da14ec3=org.fluentd.logger.TestFluentLogger.testFlushOnClose_output_1591238800,1591239443,1591239108,335
isolation-runs-surefire-combined,JON_106-iso-more-runs_p2_r100_t518400_6M_3d_21h_46m_38s_fluent.fluent-logger-java-da14ec3=org.fluentd.logger.TestFluentLogger.testInMultiThreading_output_1591238800,1591239882,1591239079,803
isolation-runs-surefire-combined,JON_106-iso-more-runs_p2_r100_t518400_6M_3d_21h_46m_38s_fluent.fluent-logger-java-da14ec3=org.fluentd.logger.TestFluentLogger.testNormal01_output_1591238800,1591239716,1591239099,617
isolation-runs-surefire-combined,JON_106-iso-more-runs_p2_r100_t518400_6M_3d_21h_46m_38s_fluent.fluent-logger-java-da14ec3=org.fluentd.logger.TestFluentLogger.testNormal02_output_1591238800,1591239605,1591239102,503
isolation-runs-surefire-combined,JON_106-iso-more-runs_p2_r100_t518400_6M_3d_21h_46m_38s_fluent.fluent-logger-java-da14ec3=org.fluentd.logger.TestFluentLogger.testReconnection_output_1591238800,1591240246,1591239079,1167
isolation-runs-surefire-combined,JON_106-iso-more-runs_p2_r100_t518400_6M_3d_21h_46m_38s_javadelight.delight-nashorn-sandbox-da35edc=delight.nashornsandbox.TestGetFunction.test_output_1591238800,1591239600,1591239108,492
isolation-runs-surefire-combined,JON_106-iso-more-runs_p2_r100_t518400_6M_3d_21h_46m_38s_javadelight.delight-nashorn-sandbox-da35edc=delight.nashornsandbox.TestIssue34.testIssue34_Scenario1_output_1591238800,1591239685,1591239105,580
isolation-runs-surefire-combined,JON_106-iso-more-runs_p2_r100_t518400_6M_3d_21h_46m_38s_javadelight.delight-nashorn-sandbox-da35edc=delight.nashornsandbox.TestMemoryLimit.test_no_abuse_output_1591238800,1591239573,1591239105,468
isolation-runs-surefire-combined,JON_106-iso-more-runs_p2_r100_t518400_6M_3d_21h_46m_38s_kagkarlsson.db-scheduler-4a8a28e=com.github.kagkarlsson.scheduler.compatibility.HsqlCompatibilityTest.test_compatibility_output_1591238800,1591240538,1591239119,1419
isolation-runs-surefire-combined,JON_106-iso-more-runs_p2_r100_t518400_6M_3d_21h_46m_38s_kagkarlsson.db-scheduler-4a8a28e=com.github.kagkarlsson.scheduler.compatibility.HsqlCompatibilityTest.test_jdbc_repository_compatibility_with_data_output_1591238800,1591239548,1591239123,425
isolation-runs-surefire-combined,JON_106-iso-more-runs_p2_r100_t518400_6M_3d_21h_46m_38s_kagkarlsson.db-scheduler-4a8a28e=com.github.kagkarlsson.scheduler.DeadExecutionsTest.scheduler_should_detect_dead_execution_that_never_updated_heartbeat_output_1591238800,1591239542,1591239117,425
isolation-runs-surefire-combined,JON_106-iso-more-runs_p2_r100_t518400_6M_3d_21h_46m_38s_kagkarlsson.db-scheduler-4a8a28e=com.github.kagkarlsson.scheduler.DeadExecutionsTest.scheduler_should_handle_dead_executions_output_1591238800,1591239533,1591239119,414
isolation-runs-surefire-combined,JON_106-iso-more-runs_p2_r100_t518400_6M_3d_21h_46m_38s_kagkarlsson.db-scheduler-4a8a28e=com.github.kagkarlsson.scheduler.SchedulerClientTest.client_should_be_able_to_fetch_executions_for_task_output_1591238800,1591239530,1591239116,414
isolation-runs-surefire-combined,JON_106-iso-more-runs_p2_r100_t518400_6M_3d_21h_46m_38s_kagkarlsson.db-scheduler-4a8a28e=com.github.kagkarlsson.scheduler.SchedulerClientTest.client_should_be_able_to_schedule_executions_output_1591238800,1591239447,1591239122,325
isolation-runs-surefire-combined,JON_106-iso-more-runs_p2_r100_t518400_6M_3d_21h_46m_38s_kagkarlsson.db-scheduler-4a8a28e=com.github.kagkarlsson.scheduler.SchedulerClientTest.should_be_able_to_schedule_other_executions_from_an_executionhandler_output_1591238800,1591239544,1591239113,431
isolation-runs-surefire-combined,JON_106-iso-more-runs_p2_r100_t518400_6M_3d_21h_46m_38s_kagkarlsson.db-scheduler-4a8a28e=com.github.kagkarlsson.scheduler.WaiterTest.should_wait_until_woken_output_1591238800,1591239483,1591239126,357
isolation-runs-surefire-combined,JON_106-iso-more-runs_p2_r100_t518400_6M_3d_21h_46m_38s_nationalsecurityagency.timely-3a8cbd3=timely.store.iterators.TimeSeriesGroupingIteratorTest.testAdditionalTimeSeries_output_1591238800,1591240257,1591239128,1129
isolation-runs-surefire-combined,JON_106-iso-more-runs_p2_r100_t518400_6M_3d_21h_46m_38s_nationalsecurityagency.timely-3a8cbd3=timely.store.iterators.TimeSeriesGroupingIteratorTest.testManySparseTimeSeries_output_1591238800,1591240323,1591239123,1200
isolation-runs-surefire-combined,JON_106-iso-more-runs_p2_r100_t518400_6M_3d_21h_46m_38s_nationalsecurityagency.timely-3a8cbd3=timely.store.iterators.TimeSeriesGroupingIteratorTest.testMultipleTimeSeriesMovingAverage_output_1591238800,1591240304,1591239126,1178
isolation-runs-surefire-combined,JON_106-iso-more-runs_p2_r100_t518400_6M_3d_21h_46m_38s_nationalsecurityagency.timely-3a8cbd3=timely.store.iterators.TimeSeriesGroupingIteratorTest.testTimeSeriesDropOff_output_1591238800,1591240090,1591239122,968
isolation-runs-surefire-combined,JON_106-iso-more-runs_p2_r100_t518400_6M_3d_21h_46m_38s_oracle.oci-java-sdk-2e9982f=com.oracle.bmc.objectstorage.transfer.ProgressTrackerTest.singleUploadProgressTrackerFactory_resetProgressTracker_output_1591238800,1591239700,1591239128,572
isolation-runs-surefire-combined,JON_106-iso-more-runs_p2_r100_t518400_6M_3d_21h_49m_38s_alibaba.fastjson-e05e9c5=com.alibaba.json.bvt.issue_1200.Issue1298.test_for_issue_1_output_1591238979,1591239590,1591239220,370
isolation-runs-surefire-combined,JON_106-iso-more-runs_p2_r100_t518400_6M_3d_21h_49m_38s_alibaba.fastjson-e05e9c5=com.alibaba.json.bvt.issue_1200.Issue1298.test_for_issue_output_1591238979,1591239617,1591239224,393
isolation-runs-surefire-combined,JON_106-iso-more-runs_p2_r100_t518400_6M_3d_21h_49m_38s_alibaba.fastjson-e05e9c5=com.alibaba.json.bvt.parser.DefaultExtJSONParser_parseArray.test_7_output_1591238979,1591239584,1591239214,370
isolation-runs-surefire-combined,JON_106-iso-more-runs_p2_r100_t518400_6M_3d_21h_49m_38s_alibaba.fastjson-e05e9c5=com.alibaba.json.bvt.parser.DefaultExtJSONParser_parseArray.test_8_output_1591238979,1591239647,1591239224,423
isolation-runs-surefire-combined,JON_106-iso-more-runs_p2_r100_t518400_6M_3d_21h_49m_38s_alibaba.fastjson-e05e9c5=com.alibaba.json.bvt.serializer.ConcurrentHashMapTest5.test_concurrentHashmap_output_1591238979,1591239595,1591239224,371
isolation-runs-surefire-combined,JON_106-iso-more-runs_p2_r100_t518400_6M_3d_21h_49m_38s_alibaba.fastjson-e05e9c5=com.alibaba.json.bvt.serializer.ConcurrentHashMapTest6.test_concurrentHashmap_output_1591238979,1591239623,1591239218,405
isolation-runs-surefire-combined,JON_106-iso-more-runs_p2_r100_t518400_6M_3d_21h_49m_38s_apache.incubator-dubbo-737f7a7=org.apache.dubbo.remoting.exchange.support.header.HeartbeatHandlerTest.testHeartbeat_output_1591238979,1591241026,1591239229,1797
isolation-runs-surefire-combined,JON_106-iso-more-runs_p2_r100_t518400_6M_3d_21h_49m_38s_apache.incubator-dubbo-737f7a7=org.apache.dubbo.remoting.transport.netty.ClientReconnectTest.testReconnectWarnLog_output_1591238979,1591240091,1591239224,867
isolation-runs-surefire-combined,JON_106-iso-more-runs_p2_r100_t518400_6M_3d_21h_49m_38s_apache.incubator-dubbo-737f7a7=org.apache.dubbo.remoting.transport.netty.ThreadNameTest.testThreadName_output_1591238979,1591240518,1591239227,1291
isolation-runs-surefire-combined,JON_106-iso-more-runs_p2_r100_t518400_6M_3d_21h_49m_38s_apache.incubator-dubbo-737f7a7=org.apache.dubbo.rpc.protocol.dubbo.ExplicitCallbackTest.TestCallbackMultiInstans_output_1591238979,1591240286,1591239235,1051
isolation-runs-surefire-combined,JON_106-iso-more-runs_p2_r100_t518400_6M_3d_21h_49m_38s_apache.incubator-dubbo-737f7a7=org.apache.dubbo.rpc.protocol.dubbo.telnet.ChangeTelnetHandlerTest.testChangePath_output_1591238979,1591240150,1591239235,915
isolation-runs-surefire-combined,JON_106-iso-more-runs_p2_r100_t518400_6M_3d_21h_49m_38s_apache.incubator-dubbo-737f7a7=org.apache.dubbo.rpc.protocol.dubbo.telnet.InvokerTelnetHandlerTest.testInvokeAutoFindMethod_output_1591238979,1591240100,1591239229,871
isolation-runs-surefire-combined,JON_106-iso-more-runs_p2_r100_t518400_6M_3d_21h_49m_38s_apache.incubator-dubbo-737f7a7=org.apache.dubbo.rpc.protocol.dubbo.telnet.InvokerTelnetHandlerTest.testInvokeByPassingNullValue_output_1591238979,1591240175,1591239227,948
isolation-runs-surefire-combined,JON_106-iso-more-runs_p2_r100_t518400_6M_3d_21h_49m_38s_apache.incubator-dubbo-737f7a7=org.apache.dubbo.rpc.protocol.dubbo.telnet.InvokerTelnetHandlerTest.testInvokeDefaultSService_output_1591238979,1591240162,1591239235,927
isolation-runs-surefire-combined,JON_106-iso-more-runs_p2_r100_t518400_6M_3d_21h_49m_38s_apache.incubator-dubbo-737f7a7=org.apache.dubbo.rpc.protocol.dubbo.telnet.ListTelnetHandlerTest.testList_output_1591238979,1591240111,1591239232,879
isolation-runs-surefire-combined,JON_106-iso-more-runs_p2_r100_t518400_6M_3d_21h_49m_38s_apache.incubator-dubbo-737f7a7=org.apache.dubbo.rpc.protocol.dubbo.telnet.ListTelnetHandlerTest.testListService_output_1591238979,1591240132,1591239227,905
isolation-runs-surefire-combined,JON_106-iso-more-runs_p2_r100_t518400_6M_3d_21h_49m_38s_apache.incubator-dubbo-737f7a7=org.apache.dubbo.rpc.protocol.dubbo.telnet.PortTelnetHandlerTest.testListAllPort_output_1591238979,1591240110,1591239235,875
isolation-runs-surefire-combined,JON_106-iso-more-runs_p2_r100_t518400_6M_3d_21h_49m_38s_apache.incubator-dubbo-737f7a7=org.apache.dubbo.rpc.protocol.dubbo.telnet.PortTelnetHandlerTest.testListDetail_output_1591238979,1591240019,1591239229,790
isolation-runs-surefire-combined,JON_106-iso-more-runs_p2_r100_t518400_6M_3d_21h_49m_38s_c2mon.c2mon-d80687b=cern.c2mon.daq.filter.dynamic.DiffMovingAverageTest.testAverage_output_1591238979,1591239593,1591239238,355
isolation-runs-surefire-combined,JON_106-iso-more-runs_p2_r100_t518400_6M_3d_21h_49m_38s_c2mon.c2mon-d80687b=cern.c2mon.server.common.republisher.RepublisherImplTest.testMultipleExceptions_output_1591238979,1591239701,1591239238,463
isolation-runs-surefire-combined,JON_106-iso-more-runs_p2_r100_t518400_6M_3d_21h_49m_38s_c2mon.c2mon-d80687b=cern.c2mon.server.common.republisher.RepublisherImplTest.testMultiplePublicationsWithExceptions_output_1591238979,1591239687,1591239235,452
isolation-runs-surefire-combined,JON_106-iso-more-runs_p2_r100_t518400_6M_3d_21h_49m_38s_codingchili.excelastic-6bb7884=com.codingchili.TestWriter.shouldWriteToElasticPort_output_1591238979,1591239816,1591239232,584
isolation-runs-surefire-combined,JON_106-iso-more-runs_p2_r100_t518400_6M_3d_21h_49m_38s_davidmoten.rxjava2-extras-d0315b6=com.github.davidmoten.rx2.buffertofile.FlowableOnBackpressureBufferToFileTest.testCancelObservable_output_1591238979,1591239791,1591239246,545
isolation-runs-surefire-combined,JON_106-iso-more-runs_p2_r100_t518400_6M_3d_21h_49m_38s_looly.hutool-91565d0=cn.hutool.cron.test.CronTest.matchAllTest_output_1591238979,1591239666,1591239300,366
isolation-runs-surefire-combined,JON_106-iso-more-runs_p2_r100_t518400_6M_3d_21h_49m_38s_davidmoten.rxjava2-extras-d0315b6=com.github.davidmoten.rx2.buffertofile.FlowableOnBackpressureBufferToFileTest.testCancel_output_1591238979,1591239770,1591239232,538
isolation-runs-surefire-combined,JON_106-iso-more-runs_p2_r100_t518400_6M_3d_21h_49m_38s_davidmoten.rxjava2-extras-d0315b6=com.github.davidmoten.rx2.internal.flowable.FlowableServerSocketTest.testLoad_output_1591238979,1591240865,1591239238,1627
isolation-runs-surefire-combined,JON_106-iso-more-runs_p2_r100_t518400_6M_3d_21h_49m_38s_elasticjob.elastic-job-lite-b022898=io.elasticjob.lite.internal.failover.FailoverServiceTest.assertGetLocalFailoverItemsIfShutdown_output_1591238979,1591239716,1591239238,478
isolation-runs-surefire-combined,JON_106-iso-more-runs_p2_r100_t518400_6M_3d_21h_49m_38s_espertechinc.esper-590fa9c=com.espertech.esper.example.rfidassetzone.TestLRMovingSimMain.testSim_output_1591238979,1591240318,1591239241,1077
isolation-runs-surefire-combined,JON_106-iso-more-runs_p2_r100_t518400_6M_3d_21h_49m_38s_feroult.yawp-b3bcf9c=io.yawp.testing.appengine.pipes.flow.FlowDropsTest.testFlowDropsToSameSink_output_1591238979,1591239925,1591239235,690
isolation-runs-surefire-combined,JON_106-iso-more-runs_p2_r100_t518400_6M_3d_21h_49m_38s_flaxsearch.luwak-c27ec08=uk.co.flax.luwak.matchers.TestParallelMatcher.testParallelSlowLog_output_1591238979,1591239647,1591239241,406
isolation-runs-surefire-combined,JON_106-iso-more-runs_p2_r100_t518400_6M_3d_21h_49m_38s_flaxsearch.luwak-c27ec08=uk.co.flax.luwak.matchers.TestPartitionMatcher.testParallelSlowLog_output_1591238979,1591239636,1591239241,395
isolation-runs-surefire-combined,JON_106-iso-more-runs_p2_r100_t518400_6M_3d_21h_49m_38s_fluent.fluent-logger-java-da14ec3=org.fluentd.logger.TestFluentLogger.testClose_output_1591238979,1591239543,1591239241,302
isolation-runs-surefire-combined,JON_106-iso-more-runs_p2_r100_t518400_6M_3d_21h_49m_38s_fluent.fluent-logger-java-da14ec3=org.fluentd.logger.TestFluentLogger.testFlushOnClose_output_1591238979,1591239575,1591239241,334
isolation-runs-surefire-combined,JON_106-iso-more-runs_p2_r100_t518400_6M_3d_21h_49m_38s_fluent.fluent-logger-java-da14ec3=org.fluentd.logger.TestFluentLogger.testInMultiThreading_output_1591238979,1591239950,1591239241,709
isolation-runs-surefire-combined,JON_106-iso-more-runs_p2_r100_t518400_6M_3d_21h_49m_38s_fluent.fluent-logger-java-da14ec3=org.fluentd.logger.TestFluentLogger.testNormal01_output_1591238979,1591239767,1591239286,481
isolation-runs-surefire-combined,JON_106-iso-more-runs_p2_r100_t518400_6M_3d_21h_49m_38s_fluent.fluent-logger-java-da14ec3=org.fluentd.logger.TestFluentLogger.testNormal02_output_1591238979,1591239803,1591239241,562
isolation-runs-surefire-combined,JON_106-iso-more-runs_p2_r100_t518400_6M_3d_21h_49m_38s_fluent.fluent-logger-java-da14ec3=org.fluentd.logger.TestFluentLogger.testReconnection_output_1591238979,1591240362,1591239243,1119
isolation-runs-surefire-combined,JON_106-iso-more-runs_p2_r100_t518400_6M_3d_21h_49m_38s_javadelight.delight-nashorn-sandbox-da35edc=delight.nashornsandbox.TestGetFunction.test_output_1591238979,1591239810,1591239292,518
isolation-runs-surefire-combined,JON_106-iso-more-runs_p2_r100_t518400_6M_3d_21h_49m_38s_javadelight.delight-nashorn-sandbox-da35edc=delight.nashornsandbox.TestIssue34.testIssue34_Scenario1_output_1591238979,1591239755,1591239292,463
isolation-runs-surefire-combined,JON_106-iso-more-runs_p2_r100_t518400_6M_3d_21h_49m_38s_javadelight.delight-nashorn-sandbox-da35edc=delight.nashornsandbox.TestMemoryLimit.test_no_abuse_output_1591238979,1591239822,1591239286,536
isolation-runs-surefire-combined,JON_106-iso-more-runs_p2_r100_t518400_6M_3d_21h_49m_38s_kagkarlsson.db-scheduler-4a8a28e=com.github.kagkarlsson.scheduler.compatibility.HsqlCompatibilityTest.test_compatibility_output_1591238979,1591240658,1591239292,1366
isolation-runs-surefire-combined,JON_106-iso-more-runs_p2_r100_t518400_6M_3d_21h_49m_38s_kagkarlsson.db-scheduler-4a8a28e=com.github.kagkarlsson.scheduler.compatibility.HsqlCompatibilityTest.test_jdbc_repository_compatibility_with_data_output_1591238979,1591239665,1591239300,365
isolation-runs-surefire-combined,JON_106-iso-more-runs_p2_r100_t518400_6M_3d_21h_49m_38s_kagkarlsson.db-scheduler-4a8a28e=com.github.kagkarlsson.scheduler.DeadExecutionsTest.scheduler_should_detect_dead_execution_that_never_updated_heartbeat_output_1591238979,1591239665,1591239289,376
isolation-runs-surefire-combined,JON_106-iso-more-runs_p2_r100_t518400_6M_3d_21h_49m_38s_kagkarlsson.db-scheduler-4a8a28e=com.github.kagkarlsson.scheduler.DeadExecutionsTest.scheduler_should_handle_dead_executions_output_1591238979,1591239653,1591239300,353
isolation-runs-surefire-combined,JON_106-iso-more-runs_p2_r100_t518400_6M_3d_21h_49m_38s_kagkarlsson.db-scheduler-4a8a28e=com.github.kagkarlsson.scheduler.SchedulerClientTest.client_should_be_able_to_fetch_executions_for_task_output_1591238979,1591239598,1591239295,303
isolation-runs-surefire-combined,JON_106-iso-more-runs_p2_r100_t518400_6M_3d_21h_49m_38s_kagkarlsson.db-scheduler-4a8a28e=com.github.kagkarlsson.scheduler.SchedulerClientTest.client_should_be_able_to_schedule_executions_output_1591238979,1591239629,1591239300,329
isolation-runs-surefire-combined,JON_106-iso-more-runs_p2_r100_t518400_6M_3d_21h_49m_38s_kagkarlsson.db-scheduler-4a8a28e=com.github.kagkarlsson.scheduler.SchedulerClientTest.should_be_able_to_schedule_other_executions_from_an_executionhandler_output_1591238979,1591239617,1591239295,322
isolation-runs-surefire-combined,JON_106-iso-more-runs_p2_r100_t518400_6M_3d_21h_49m_38s_kagkarlsson.db-scheduler-4a8a28e=com.github.kagkarlsson.scheduler.WaiterTest.should_wait_until_woken_output_1591238979,1591239636,1591239306,330
isolation-runs-surefire-combined,JON_106-iso-more-runs_p2_r100_t518400_6M_3d_21h_49m_38s_nationalsecurityagency.timely-3a8cbd3=timely.store.iterators.TimeSeriesGroupingIteratorTest.testAdditionalTimeSeries_output_1591238979,1591240445,1591239324,1121
isolation-runs-surefire-combined,JON_106-iso-more-runs_p2_r100_t518400_6M_3d_21h_49m_38s_nationalsecurityagency.timely-3a8cbd3=timely.store.iterators.TimeSeriesGroupingIteratorTest.testManySparseTimeSeries_output_1591238979,1591240456,1591239310,1146
isolation-runs-surefire-combined,JON_106-iso-more-runs_p2_r100_t518400_6M_3d_21h_49m_38s_nationalsecurityagency.timely-3a8cbd3=timely.store.iterators.TimeSeriesGroupingIteratorTest.testMultipleTimeSeriesMovingAverage_output_1591238979,1591240407,1591239306,1101
isolation-runs-surefire-combined,JON_106-iso-more-runs_p2_r100_t518400_6M_3d_21h_49m_38s_nationalsecurityagency.timely-3a8cbd3=timely.store.iterators.TimeSeriesGroupingIteratorTest.testTimeSeriesDropOff_output_1591238979,1591240262,1591239303,959
isolation-runs-surefire-combined,JON_106-iso-more-runs_p2_r100_t518400_6M_3d_21h_49m_38s_oracle.oci-java-sdk-2e9982f=com.oracle.bmc.objectstorage.transfer.ProgressTrackerTest.singleUploadProgressTrackerFactory_resetProgressTracker_output_1591238979,1591239869,1591239306,563
isolation-runs-surefire-combined,JON_106-iso-more-runs_p2_r100_t518400_6M_3d_21h_52m_38s_alibaba.fastjson-e05e9c5=com.alibaba.json.bvt.issue_1200.Issue1298.test_for_issue_1_output_1591239160,1591239908,1591239487,421
isolation-runs-surefire-combined,JON_106-iso-more-runs_p2_r100_t518400_6M_3d_21h_52m_38s_alibaba.fastjson-e05e9c5=com.alibaba.json.bvt.issue_1200.Issue1298.test_for_issue_output_1591239160,1591239832,1591239496,336
isolation-runs-surefire-combined,JON_106-iso-more-runs_p2_r100_t518400_6M_3d_21h_52m_38s_alibaba.fastjson-e05e9c5=com.alibaba.json.bvt.parser.DefaultExtJSONParser_parseArray.test_7_output_1591239160,1591239856,1591239463,393
isolation-runs-surefire-combined,JON_106-iso-more-runs_p2_r100_t518400_6M_3d_21h_52m_38s_alibaba.fastjson-e05e9c5=com.alibaba.json.bvt.parser.DefaultExtJSONParser_parseArray.test_8_output_1591239160,1591239828,1591239487,341
isolation-runs-surefire-combined,JON_106-iso-more-runs_p2_r100_t518400_6M_3d_21h_52m_38s_alibaba.fastjson-e05e9c5=com.alibaba.json.bvt.serializer.ConcurrentHashMapTest5.test_concurrentHashmap_output_1591239160,1591239896,1591239496,400
isolation-runs-surefire-combined,JON_106-iso-more-runs_p2_r100_t518400_6M_3d_21h_52m_38s_alibaba.fastjson-e05e9c5=com.alibaba.json.bvt.serializer.ConcurrentHashMapTest6.test_concurrentHashmap_output_1591239160,1591239844,1591239483,361
isolation-runs-surefire-combined,JON_106-iso-more-runs_p2_r100_t518400_6M_3d_21h_52m_38s_apache.incubator-dubbo-737f7a7=org.apache.dubbo.remoting.exchange.support.header.HeartbeatHandlerTest.testHeartbeat_output_1591239160,1591241275,1591239499,1776
isolation-runs-surefire-combined,JON_106-iso-more-runs_p2_r100_t518400_6M_3d_21h_52m_38s_apache.incubator-dubbo-737f7a7=org.apache.dubbo.remoting.transport.netty.ClientReconnectTest.testReconnectWarnLog_output_1591239160,1591240455,1591239496,959
isolation-runs-surefire-combined,JON_106-iso-more-runs_p2_r100_t518400_6M_3d_21h_52m_38s_apache.incubator-dubbo-737f7a7=org.apache.dubbo.remoting.transport.netty.ThreadNameTest.testThreadName_output_1591239160,1591240766,1591239499,1267
isolation-runs-surefire-combined,JON_106-iso-more-runs_p2_r100_t518400_6M_3d_21h_52m_38s_apache.incubator-dubbo-737f7a7=org.apache.dubbo.rpc.protocol.dubbo.ExplicitCallbackTest.TestCallbackMultiInstans_output_1591239160,1591240492,1591239507,985
isolation-runs-surefire-combined,JON_106-iso-more-runs_p2_r100_t518400_6M_3d_21h_52m_38s_apache.incubator-dubbo-737f7a7=org.apache.dubbo.rpc.protocol.dubbo.telnet.ChangeTelnetHandlerTest.testChangePath_output_1591239160,1591240433,1591239507,926
isolation-runs-surefire-combined,JON_106-iso-more-runs_p2_r100_t518400_6M_3d_21h_52m_38s_apache.incubator-dubbo-737f7a7=org.apache.dubbo.rpc.protocol.dubbo.telnet.InvokerTelnetHandlerTest.testInvokeAutoFindMethod_output_1591239160,1591240421,1591239507,914
isolation-runs-surefire-combined,JON_106-iso-more-runs_p2_r100_t518400_6M_3d_21h_52m_38s_apache.incubator-dubbo-737f7a7=org.apache.dubbo.rpc.protocol.dubbo.telnet.InvokerTelnetHandlerTest.testInvokeByPassingNullValue_output_1591239160,1591240395,1591239502,893
isolation-runs-surefire-combined,JON_106-iso-more-runs_p2_r100_t518400_6M_3d_21h_52m_38s_apache.incubator-dubbo-737f7a7=org.apache.dubbo.rpc.protocol.dubbo.telnet.InvokerTelnetHandlerTest.testInvokeDefaultSService_output_1591239160,1591240413,1591239502,911
isolation-runs-surefire-combined,JON_106-iso-more-runs_p2_r100_t518400_6M_3d_21h_52m_38s_apache.incubator-dubbo-737f7a7=org.apache.dubbo.rpc.protocol.dubbo.telnet.ListTelnetHandlerTest.testList_output_1591239160,1591240438,1591239502,936
isolation-runs-surefire-combined,JON_106-iso-more-runs_p2_r100_t518400_6M_3d_21h_52m_38s_apache.incubator-dubbo-737f7a7=org.apache.dubbo.rpc.protocol.dubbo.telnet.ListTelnetHandlerTest.testListService_output_1591239160,1591240410,1591239502,908
isolation-runs-surefire-combined,JON_106-iso-more-runs_p2_r100_t518400_6M_3d_21h_52m_38s_apache.incubator-dubbo-737f7a7=org.apache.dubbo.rpc.protocol.dubbo.telnet.PortTelnetHandlerTest.testListAllPort_output_1591239160,1591240367,1591239499,868
isolation-runs-surefire-combined,JON_106-iso-more-runs_p2_r100_t518400_6M_3d_21h_52m_38s_apache.incubator-dubbo-737f7a7=org.apache.dubbo.rpc.protocol.dubbo.telnet.PortTelnetHandlerTest.testListDetail_output_1591239160,1591240394,1591239502,892
isolation-runs-surefire-combined,JON_106-iso-more-runs_p2_r100_t518400_6M_3d_21h_52m_38s_c2mon.c2mon-d80687b=cern.c2mon.daq.filter.dynamic.DiffMovingAverageTest.testAverage_output_1591239160,1591239878,1591239513,365
isolation-runs-surefire-combined,JON_106-iso-more-runs_p2_r100_t518400_6M_3d_21h_52m_38s_c2mon.c2mon-d80687b=cern.c2mon.server.common.republisher.RepublisherImplTest.testMultipleExceptions_output_1591239160,1591239963,1591239516,447
isolation-runs-surefire-combined,JON_106-iso-more-runs_p2_r100_t518400_6M_3d_21h_52m_38s_c2mon.c2mon-d80687b=cern.c2mon.server.common.republisher.RepublisherImplTest.testMultiplePublicationsWithExceptions_output_1591239160,1591239958,1591239510,448
isolation-runs-surefire-combined,JON_106-iso-more-runs_p2_r100_t518400_6M_3d_21h_52m_38s_codingchili.excelastic-6bb7884=com.codingchili.TestWriter.shouldWriteToElasticPort_output_1591239160,1591240042,1591239510,532
isolation-runs-surefire-combined,JON_106-iso-more-runs_p2_r100_t518400_6M_3d_21h_52m_38s_davidmoten.rxjava2-extras-d0315b6=com.github.davidmoten.rx2.buffertofile.FlowableOnBackpressureBufferToFileTest.testCancelObservable_output_1591239160,1591240083,1591239520,563
isolation-runs-surefire-combined,JON_106-iso-more-runs_p2_r100_t518400_6M_3d_21h_52m_38s_davidmoten.rxjava2-extras-d0315b6=com.github.davidmoten.rx2.buffertofile.FlowableOnBackpressureBufferToFileTest.testCancel_output_1591239160,1591240065,1591239516,549
isolation-runs-surefire-combined,JON_106-iso-more-runs_p2_r100_t518400_6M_3d_21h_52m_38s_davidmoten.rxjava2-extras-d0315b6=com.github.davidmoten.rx2.internal.flowable.FlowableServerSocketTest.testLoad_output_1591239160,1591241211,1591239595,1616
isolation-runs-surefire-combined,JON_106-iso-more-runs_p2_r100_t518400_6M_3d_21h_52m_38s_elasticjob.elastic-job-lite-b022898=io.elasticjob.lite.internal.failover.FailoverServiceTest.assertGetLocalFailoverItemsIfShutdown_output_1591239160,1591240053,1591239595,458
isolation-runs-surefire-combined,JON_106-iso-more-runs_p2_r100_t518400_6M_3d_21h_52m_38s_espertechinc.esper-590fa9c=com.espertech.esper.example.rfidassetzone.TestLRMovingSimMain.testSim_output_1591239160,1591240645,1591239592,1053
isolation-runs-surefire-combined,JON_106-iso-more-runs_p2_r100_t518400_6M_3d_21h_52m_38s_feroult.yawp-b3bcf9c=io.yawp.testing.appengine.pipes.flow.FlowDropsTest.testFlowDropsToSameSink_output_1591239160,1591240370,1591239642,728
isolation-runs-surefire-combined,JON_106-iso-more-runs_p2_r100_t518400_6M_3d_21h_52m_38s_flaxsearch.luwak-c27ec08=uk.co.flax.luwak.matchers.TestParallelMatcher.testParallelSlowLog_output_1591239160,1591239982,1591239589,393
isolation-runs-surefire-combined,JON_106-iso-more-runs_p2_r100_t518400_6M_3d_21h_52m_38s_flaxsearch.luwak-c27ec08=uk.co.flax.luwak.matchers.TestPartitionMatcher.testParallelSlowLog_output_1591239160,1591239997,1591239595,402
isolation-runs-surefire-combined,JON_106-iso-more-runs_p2_r100_t518400_6M_3d_21h_52m_38s_fluent.fluent-logger-java-da14ec3=org.fluentd.logger.TestFluentLogger.testClose_output_1591239160,1591239894,1591239595,299
isolation-runs-surefire-combined,JON_106-iso-more-runs_p2_r100_t518400_6M_3d_21h_52m_38s_fluent.fluent-logger-java-da14ec3=org.fluentd.logger.TestFluentLogger.testFlushOnClose_output_1591239160,1591239933,1591239595,338
isolation-runs-surefire-combined,JON_106-iso-more-runs_p2_r100_t518400_6M_3d_21h_52m_38s_fluent.fluent-logger-java-da14ec3=org.fluentd.logger.TestFluentLogger.testInMultiThreading_output_1591239160,1591240302,1591239592,710
isolation-runs-surefire-combined,JON_106-iso-more-runs_p2_r100_t518400_6M_3d_21h_52m_38s_fluent.fluent-logger-java-da14ec3=org.fluentd.logger.TestFluentLogger.testNormal01_output_1591239160,1591240146,1591239595,551
isolation-runs-surefire-combined,JON_106-iso-more-runs_p2_r100_t518400_6M_3d_21h_52m_38s_fluent.fluent-logger-java-da14ec3=org.fluentd.logger.TestFluentLogger.testNormal02_output_1591239160,1591240125,1591239595,530
isolation-runs-surefire-combined,JON_106-iso-more-runs_p2_r100_t518400_6M_3d_21h_52m_38s_fluent.fluent-logger-java-da14ec3=org.fluentd.logger.TestFluentLogger.testReconnection_output_1591239160,1591240721,1591239636,1085
isolation-runs-surefire-combined,JON_106-iso-more-runs_p2_r100_t518400_6M_3d_21h_52m_38s_javadelight.delight-nashorn-sandbox-da35edc=delight.nashornsandbox.TestGetFunction.test_output_1591239160,1591240096,1591239644,452
isolation-runs-surefire-combined,JON_106-iso-more-runs_p2_r100_t518400_6M_3d_21h_52m_38s_javadelight.delight-nashorn-sandbox-da35edc=delight.nashornsandbox.TestIssue34.testIssue34_Scenario1_output_1591239160,1591240189,1591239636,553
isolation-runs-surefire-combined,JON_106-iso-more-runs_p2_r100_t518400_6M_3d_21h_52m_38s_javadelight.delight-nashorn-sandbox-da35edc=delight.nashornsandbox.TestMemoryLimit.test_no_abuse_output_1591239160,1591240151,1591239633,518
isolation-runs-surefire-combined,JON_106-iso-more-runs_p2_r100_t518400_6M_3d_21h_52m_38s_kagkarlsson.db-scheduler-4a8a28e=com.github.kagkarlsson.scheduler.compatibility.HsqlCompatibilityTest.test_compatibility_output_1591239160,1591241037,1591239642,1395
isolation-runs-surefire-combined,JON_106-iso-more-runs_p2_r100_t518400_6M_3d_21h_52m_38s_kagkarlsson.db-scheduler-4a8a28e=com.github.kagkarlsson.scheduler.compatibility.HsqlCompatibilityTest.test_jdbc_repository_compatibility_with_data_output_1591239160,1591240034,1591239656,378
isolation-runs-surefire-combined,JON_106-iso-more-runs_p2_r100_t518400_6M_3d_21h_52m_38s_kagkarlsson.db-scheduler-4a8a28e=com.github.kagkarlsson.scheduler.DeadExecutionsTest.scheduler_should_detect_dead_execution_that_never_updated_heartbeat_output_1591239160,1591239980,1591239650,330
isolation-runs-surefire-combined,JON_106-iso-more-runs_p2_r100_t518400_6M_3d_21h_52m_38s_kagkarlsson.db-scheduler-4a8a28e=com.github.kagkarlsson.scheduler.DeadExecutionsTest.scheduler_should_handle_dead_executions_output_1591239160,1591239993,1591239650,343
isolation-runs-surefire-combined,JON_106-iso-more-runs_p2_r100_t518400_6M_3d_21h_52m_38s_kagkarlsson.db-scheduler-4a8a28e=com.github.kagkarlsson.scheduler.SchedulerClientTest.client_should_be_able_to_fetch_executions_for_task_output_1591239160,1591239990,1591239642,348
isolation-runs-surefire-combined,JON_106-iso-more-runs_p2_r100_t518400_6M_3d_21h_52m_38s_kagkarlsson.db-scheduler-4a8a28e=com.github.kagkarlsson.scheduler.SchedulerClientTest.client_should_be_able_to_schedule_executions_output_1591239160,1591240003,1591239650,353
isolation-runs-surefire-combined,JON_106-iso-more-runs_p2_r100_t518400_6M_3d_21h_52m_38s_kagkarlsson.db-scheduler-4a8a28e=com.github.kagkarlsson.scheduler.SchedulerClientTest.should_be_able_to_schedule_other_executions_from_an_executionhandler_output_1591239160,1591239868,1591239499,369
isolation-runs-surefire-combined,JON_106-iso-more-runs_p2_r100_t518400_6M_3d_21h_52m_38s_kagkarlsson.db-scheduler-4a8a28e=com.github.kagkarlsson.scheduler.WaiterTest.should_wait_until_woken_output_1591239160,1591239962,1591239647,315
isolation-runs-surefire-combined,JON_106-iso-more-runs_p2_r100_t518400_6M_3d_21h_52m_38s_looly.hutool-91565d0=cn.hutool.cron.test.CronTest.matchAllTest_output_1591239160,1591239949,1591239650,299
isolation-runs-surefire-combined,JON_106-iso-more-runs_p2_r100_t518400_6M_3d_21h_52m_38s_nationalsecurityagency.timely-3a8cbd3=timely.store.iterators.TimeSeriesGroupingIteratorTest.testAdditionalTimeSeries_output_1591239160,1591240636,1591239660,976
isolation-runs-surefire-combined,JON_106-iso-more-runs_p2_r100_t518400_6M_3d_21h_52m_38s_nationalsecurityagency.timely-3a8cbd3=timely.store.iterators.TimeSeriesGroupingIteratorTest.testManySparseTimeSeries_output_1591239160,1591240814,1591239659,1155
isolation-runs-surefire-combined,JON_106-iso-more-runs_p2_r100_t518400_6M_3d_21h_52m_38s_nationalsecurityagency.timely-3a8cbd3=timely.store.iterators.TimeSeriesGroupingIteratorTest.testMultipleTimeSeriesMovingAverage_output_1591239160,1591240714,1591239656,1058
isolation-runs-surefire-combined,JON_106-iso-more-runs_p2_r100_t518400_6M_3d_21h_52m_38s_nationalsecurityagency.timely-3a8cbd3=timely.store.iterators.TimeSeriesGroupingIteratorTest.testTimeSeriesDropOff_output_1591239160,1591240639,1591239653,986
isolation-runs-surefire-combined,JON_106-iso-more-runs_p2_r100_t518400_6M_3d_21h_52m_38s_oracle.oci-java-sdk-2e9982f=com.oracle.bmc.objectstorage.transfer.ProgressTrackerTest.singleUploadProgressTrackerFactory_resetProgressTracker_output_1591239160,1591240217,1591239656,561
isolation-runs-surefire-combined,JON_106-iso-more-runs_p2_r100_t518400_6M_3d_21h_55m_38s_alibaba.fastjson-e05e9c5=com.alibaba.json.bvt.issue_1200.Issue1298.test_for_issue_1_output_1591239339,1591239990,1591239586,404
isolation-runs-surefire-combined,JON_106-iso-more-runs_p2_r100_t518400_6M_3d_21h_55m_38s_alibaba.fastjson-e05e9c5=com.alibaba.json.bvt.issue_1200.Issue1298.test_for_issue_output_1591239339,1591240000,1591239586,414
isolation-runs-surefire-combined,JON_106-iso-more-runs_p2_r100_t518400_6M_3d_21h_55m_38s_alibaba.fastjson-e05e9c5=com.alibaba.json.bvt.parser.DefaultExtJSONParser_parseArray.test_7_output_1591239339,1591239926,1591239584,342
isolation-runs-surefire-combined,JON_106-iso-more-runs_p2_r100_t518400_6M_3d_21h_55m_38s_alibaba.fastjson-e05e9c5=com.alibaba.json.bvt.parser.DefaultExtJSONParser_parseArray.test_8_output_1591239339,1591240012,1591239586,426
isolation-runs-surefire-combined,JON_106-iso-more-runs_p2_r100_t518400_6M_3d_21h_55m_38s_alibaba.fastjson-e05e9c5=com.alibaba.json.bvt.serializer.ConcurrentHashMapTest5.test_concurrentHashmap_output_1591239339,1591239989,1591239586,403
isolation-runs-surefire-combined,JON_106-iso-more-runs_p2_r100_t518400_6M_3d_21h_55m_38s_alibaba.fastjson-e05e9c5=com.alibaba.json.bvt.serializer.ConcurrentHashMapTest6.test_concurrentHashmap_output_1591239339,1591239937,1591239584,353
isolation-runs-surefire-combined,JON_106-iso-more-runs_p2_r100_t518400_6M_3d_21h_55m_38s_apache.incubator-dubbo-737f7a7=org.apache.dubbo.remoting.exchange.support.header.HeartbeatHandlerTest.testHeartbeat_output_1591239339,1591241263,1591239584,1679
isolation-runs-surefire-combined,JON_106-iso-more-runs_p2_r100_t518400_6M_3d_21h_55m_38s_apache.incubator-dubbo-737f7a7=org.apache.dubbo.remoting.transport.netty.ClientReconnectTest.testReconnectWarnLog_output_1591239339,1591240490,1591239589,901
isolation-runs-surefire-combined,JON_106-iso-more-runs_p2_r100_t518400_6M_3d_21h_55m_38s_apache.incubator-dubbo-737f7a7=org.apache.dubbo.remoting.transport.netty.ThreadNameTest.testThreadName_output_1591239339,1591240859,1591239586,1273
isolation-runs-surefire-combined,JON_106-iso-more-runs_p2_r100_t518400_6M_3d_21h_55m_38s_apache.incubator-dubbo-737f7a7=org.apache.dubbo.rpc.protocol.dubbo.ExplicitCallbackTest.TestCallbackMultiInstans_output_1591239339,1591240597,1591239633,964
isolation-runs-surefire-combined,JON_106-iso-more-runs_p2_r100_t518400_6M_3d_21h_55m_38s_apache.incubator-dubbo-737f7a7=org.apache.dubbo.rpc.protocol.dubbo.telnet.ChangeTelnetHandlerTest.testChangePath_output_1591239339,1591240506,1591239633,873
isolation-runs-surefire-combined,JON_106-iso-more-runs_p2_r100_t518400_6M_3d_21h_55m_38s_apache.incubator-dubbo-737f7a7=org.apache.dubbo.rpc.protocol.dubbo.telnet.InvokerTelnetHandlerTest.testInvokeAutoFindMethod_output_1591239339,1591240472,1591239624,848
isolation-runs-surefire-combined,JON_106-iso-more-runs_p2_r100_t518400_6M_3d_21h_55m_38s_apache.incubator-dubbo-737f7a7=org.apache.dubbo.rpc.protocol.dubbo.telnet.InvokerTelnetHandlerTest.testInvokeByPassingNullValue_output_1591239339,1591240402,1591239612,790
isolation-runs-surefire-combined,JON_106-iso-more-runs_p2_r100_t518400_6M_3d_21h_55m_38s_apache.incubator-dubbo-737f7a7=org.apache.dubbo.rpc.protocol.dubbo.telnet.InvokerTelnetHandlerTest.testInvokeDefaultSService_output_1591239339,1591240411,1591239621,790
isolation-runs-surefire-combined,JON_106-iso-more-runs_p2_r100_t518400_6M_3d_21h_55m_38s_apache.incubator-dubbo-737f7a7=org.apache.dubbo.rpc.protocol.dubbo.telnet.ListTelnetHandlerTest.testList_output_1591239339,1591240342,1591239615,727
isolation-runs-surefire-combined,JON_106-iso-more-runs_p2_r100_t518400_6M_3d_21h_55m_38s_apache.incubator-dubbo-737f7a7=org.apache.dubbo.rpc.protocol.dubbo.telnet.ListTelnetHandlerTest.testListService_output_1591239339,1591240349,1591239616,733
isolation-runs-surefire-combined,JON_106-iso-more-runs_p2_r100_t518400_6M_3d_21h_55m_38s_apache.incubator-dubbo-737f7a7=org.apache.dubbo.rpc.protocol.dubbo.telnet.PortTelnetHandlerTest.testListAllPort_output_1591239339,1591240594,1591239633,961
isolation-runs-surefire-combined,JON_106-iso-more-runs_p2_r100_t518400_6M_3d_21h_55m_38s_apache.incubator-dubbo-737f7a7=org.apache.dubbo.rpc.protocol.dubbo.telnet.PortTelnetHandlerTest.testListDetail_output_1591239339,1591240497,1591239592,905
isolation-runs-surefire-combined,JON_106-iso-more-runs_p2_r100_t518400_6M_3d_21h_55m_38s_c2mon.c2mon-d80687b=cern.c2mon.daq.filter.dynamic.DiffMovingAverageTest.testAverage_output_1591239339,1591240003,1591239636,367
isolation-runs-surefire-combined,JON_106-iso-more-runs_p2_r100_t518400_6M_3d_21h_55m_38s_c2mon.c2mon-d80687b=cern.c2mon.server.common.republisher.RepublisherImplTest.testMultipleExceptions_output_1591239339,1591240031,1591239621,410
isolation-runs-surefire-combined,JON_106-iso-more-runs_p2_r100_t518400_6M_3d_21h_55m_38s_c2mon.c2mon-d80687b=cern.c2mon.server.common.republisher.RepublisherImplTest.testMultiplePublicationsWithExceptions_output_1591239339,1591240078,1591239633,445
isolation-runs-surefire-combined,JON_106-iso-more-runs_p2_r100_t518400_6M_3d_21h_55m_38s_codingchili.excelastic-6bb7884=com.codingchili.TestWriter.shouldWriteToElasticPort_output_1591239339,1591240212,1591239639,573
isolation-runs-surefire-combined,JON_106-iso-more-runs_p2_r100_t518400_6M_3d_21h_55m_38s_davidmoten.rxjava2-extras-d0315b6=com.github.davidmoten.rx2.buffertofile.FlowableOnBackpressureBufferToFileTest.testCancelObservable_output_1591239339,1591240160,1591239639,521
isolation-runs-surefire-combined,JON_106-iso-more-runs_p2_r100_t518400_6M_3d_21h_55m_38s_davidmoten.rxjava2-extras-d0315b6=com.github.davidmoten.rx2.buffertofile.FlowableOnBackpressureBufferToFileTest.testCancel_output_1591239339,1591240117,1591239639,478
isolation-runs-surefire-combined,JON_106-iso-more-runs_p2_r100_t518400_6M_3d_21h_55m_38s_davidmoten.rxjava2-extras-d0315b6=com.github.davidmoten.rx2.internal.flowable.FlowableServerSocketTest.testLoad_output_1591239339,1591241104,1591239639,1465
isolation-runs-surefire-combined,JON_106-iso-more-runs_p2_r100_t518400_6M_3d_21h_55m_38s_elasticjob.elastic-job-lite-b022898=io.elasticjob.lite.internal.failover.FailoverServiceTest.assertGetLocalFailoverItemsIfShutdown_output_1591239339,1591240133,1591239636,497
isolation-runs-surefire-combined,JON_106-iso-more-runs_p2_r100_t518400_6M_3d_21h_55m_38s_espertechinc.esper-590fa9c=com.espertech.esper.example.rfidassetzone.TestLRMovingSimMain.testSim_output_1591239339,1591240740,1591239639,1101
isolation-runs-surefire-combined,JON_106-iso-more-runs_p2_r100_t518400_6M_3d_21h_55m_38s_feroult.yawp-b3bcf9c=io.yawp.testing.appengine.pipes.flow.FlowDropsTest.testFlowDropsToSameSink_output_1591239339,1591240306,1591239651,655
isolation-runs-surefire-combined,JON_106-iso-more-runs_p2_r100_t518400_6M_3d_21h_55m_38s_flaxsearch.luwak-c27ec08=uk.co.flax.luwak.matchers.TestParallelMatcher.testParallelSlowLog_output_1591239339,1591240029,1591239639,390
isolation-runs-surefire-combined,JON_106-iso-more-runs_p2_r100_t518400_6M_3d_21h_55m_38s_flaxsearch.luwak-c27ec08=uk.co.flax.luwak.matchers.TestPartitionMatcher.testParallelSlowLog_output_1591239339,1591240044,1591239641,403
isolation-runs-surefire-combined,JON_106-iso-more-runs_p2_r100_t518400_6M_3d_21h_55m_38s_fluent.fluent-logger-java-da14ec3=org.fluentd.logger.TestFluentLogger.testClose_output_1591239339,1591239944,1591239639,305
isolation-runs-surefire-combined,JON_106-iso-more-runs_p2_r100_t518400_6M_3d_21h_55m_38s_fluent.fluent-logger-java-da14ec3=org.fluentd.logger.TestFluentLogger.testFlushOnClose_output_1591239339,1591239977,1591239641,336
isolation-runs-surefire-combined,JON_106-iso-more-runs_p2_r100_t518400_6M_3d_21h_55m_38s_fluent.fluent-logger-java-da14ec3=org.fluentd.logger.TestFluentLogger.testInMultiThreading_output_1591239339,1591240243,1591239641,602
isolation-runs-surefire-combined,JON_106-iso-more-runs_p2_r100_t518400_6M_3d_21h_55m_38s_fluent.fluent-logger-java-da14ec3=org.fluentd.logger.TestFluentLogger.testNormal01_output_1591239339,1591240191,1591239647,544
isolation-runs-surefire-combined,JON_106-iso-more-runs_p2_r100_t518400_6M_3d_21h_55m_38s_fluent.fluent-logger-java-da14ec3=org.fluentd.logger.TestFluentLogger.testNormal02_output_1591239339,1591240192,1591239647,545
isolation-runs-surefire-combined,JON_106-iso-more-runs_p2_r100_t518400_6M_3d_21h_55m_38s_fluent.fluent-logger-java-da14ec3=org.fluentd.logger.TestFluentLogger.testReconnection_output_1591239339,1591240767,1591239641,1126
isolation-runs-surefire-combined,JON_106-iso-more-runs_p2_r100_t518400_6M_3d_21h_55m_38s_javadelight.delight-nashorn-sandbox-da35edc=delight.nashornsandbox.TestGetFunction.test_output_1591239339,1591240137,1591239641,496
isolation-runs-surefire-combined,JON_106-iso-more-runs_p2_r100_t518400_6M_3d_21h_55m_38s_javadelight.delight-nashorn-sandbox-da35edc=delight.nashornsandbox.TestIssue34.testIssue34_Scenario1_output_1591239339,1591240097,1591239644,453
isolation-runs-surefire-combined,JON_106-iso-more-runs_p2_r100_t518400_6M_3d_21h_55m_38s_javadelight.delight-nashorn-sandbox-da35edc=delight.nashornsandbox.TestMemoryLimit.test_no_abuse_output_1591239339,1591240190,1591239647,543
isolation-runs-surefire-combined,JON_106-iso-more-runs_p2_r100_t518400_6M_3d_21h_55m_38s_kagkarlsson.db-scheduler-4a8a28e=com.github.kagkarlsson.scheduler.compatibility.HsqlCompatibilityTest.test_compatibility_output_1591239339,1591241013,1591239654,1359
isolation-runs-surefire-combined,JON_106-iso-more-runs_p2_r100_t518400_6M_3d_21h_55m_38s_kagkarlsson.db-scheduler-4a8a28e=com.github.kagkarlsson.scheduler.compatibility.HsqlCompatibilityTest.test_jdbc_repository_compatibility_with_data_output_1591239339,1591240059,1591239671,388
isolation-runs-surefire-combined,JON_106-iso-more-runs_p2_r100_t518400_6M_3d_21h_55m_38s_kagkarlsson.db-scheduler-4a8a28e=com.github.kagkarlsson.scheduler.DeadExecutionsTest.scheduler_should_detect_dead_execution_that_never_updated_heartbeat_output_1591239339,1591240007,1591239651,356
isolation-runs-surefire-combined,JON_106-iso-more-runs_p2_r100_t518400_6M_3d_21h_55m_38s_kagkarlsson.db-scheduler-4a8a28e=com.github.kagkarlsson.scheduler.DeadExecutionsTest.scheduler_should_handle_dead_executions_output_1591239339,1591240025,1591239651,374
isolation-runs-surefire-combined,JON_106-iso-more-runs_p2_r100_t518400_6M_3d_21h_55m_38s_kagkarlsson.db-scheduler-4a8a28e=com.github.kagkarlsson.scheduler.SchedulerClientTest.client_should_be_able_to_fetch_executions_for_task_output_1591239339,1591240008,1591239644,364
isolation-runs-surefire-combined,JON_106-iso-more-runs_p2_r100_t518400_6M_3d_21h_55m_38s_kagkarlsson.db-scheduler-4a8a28e=com.github.kagkarlsson.scheduler.SchedulerClientTest.client_should_be_able_to_schedule_executions_output_1591239339,1591240019,1591239654,365
isolation-runs-surefire-combined,JON_106-iso-more-runs_p2_r100_t518400_6M_3d_21h_55m_38s_kagkarlsson.db-scheduler-4a8a28e=com.github.kagkarlsson.scheduler.SchedulerClientTest.should_be_able_to_schedule_other_executions_from_an_executionhandler_output_1591239339,1591240016,1591239651,365
isolation-runs-surefire-combined,JON_106-iso-more-runs_p2_r100_t518400_6M_3d_21h_55m_38s_kagkarlsson.db-scheduler-4a8a28e=com.github.kagkarlsson.scheduler.WaiterTest.should_wait_until_woken_output_1591239339,1591239957,1591239647,310
isolation-runs-surefire-combined,JON_106-iso-more-runs_p2_r100_t518400_6M_3d_21h_55m_38s_looly.hutool-91565d0=cn.hutool.cron.test.CronTest.matchAllTest_output_1591239339,1591240020,1591239654,366
isolation-runs-surefire-combined,JON_106-iso-more-runs_p2_r100_t518400_6M_3d_21h_55m_38s_nationalsecurityagency.timely-3a8cbd3=timely.store.iterators.TimeSeriesGroupingIteratorTest.testAdditionalTimeSeries_output_1591239339,1591240768,1591239654,1114
isolation-runs-surefire-combined,JON_106-iso-more-runs_p2_r100_t518400_6M_3d_21h_55m_38s_nationalsecurityagency.timely-3a8cbd3=timely.store.iterators.TimeSeriesGroupingIteratorTest.testManySparseTimeSeries_output_1591239339,1591240818,1591239656,1162
isolation-runs-surefire-combined,JON_106-iso-more-runs_p2_r100_t518400_6M_3d_21h_55m_38s_nationalsecurityagency.timely-3a8cbd3=timely.store.iterators.TimeSeriesGroupingIteratorTest.testMultipleTimeSeriesMovingAverage_output_1591239339,1591240729,1591239654,1075
isolation-runs-surefire-combined,JON_106-iso-more-runs_p2_r100_t518400_6M_3d_21h_55m_38s_nationalsecurityagency.timely-3a8cbd3=timely.store.iterators.TimeSeriesGroupingIteratorTest.testTimeSeriesDropOff_output_1591239339,1591240660,1591239656,1004
isolation-runs-surefire-combined,JON_106-iso-more-runs_p2_r100_t518400_6M_3d_21h_55m_38s_oracle.oci-java-sdk-2e9982f=com.oracle.bmc.objectstorage.transfer.ProgressTrackerTest.singleUploadProgressTrackerFactory_resetProgressTracker_output_1591239339,1591240248,1591239656,592
isolation-runs-surefire-combined,JON_106-iso-more-runs_p2_r100_t518400_6M_3d_21h_58m_38s_alibaba.fastjson-e05e9c5=com.alibaba.json.bvt.issue_1200.Issue1298.test_for_issue_1_output_1591239519,1591240224,1591239795,429
isolation-runs-surefire-combined,JON_106-iso-more-runs_p2_r100_t518400_6M_3d_21h_58m_38s_alibaba.fastjson-e05e9c5=com.alibaba.json.bvt.issue_1200.Issue1298.test_for_issue_output_1591239519,1591240209,1591239804,405
isolation-runs-surefire-combined,JON_106-iso-more-runs_p2_r100_t518400_6M_3d_21h_58m_38s_alibaba.fastjson-e05e9c5=com.alibaba.json.bvt.parser.DefaultExtJSONParser_parseArray.test_7_output_1591239519,1591240224,1591239789,435
isolation-runs-surefire-combined,JON_106-iso-more-runs_p2_r100_t518400_6M_3d_21h_58m_38s_alibaba.fastjson-e05e9c5=com.alibaba.json.bvt.parser.DefaultExtJSONParser_parseArray.test_8_output_1591239519,1591240213,1591239815,398
isolation-runs-surefire-combined,JON_106-iso-more-runs_p2_r100_t518400_6M_3d_21h_58m_38s_alibaba.fastjson-e05e9c5=com.alibaba.json.bvt.serializer.ConcurrentHashMapTest5.test_concurrentHashmap_output_1591239519,1591240250,1591239812,438
isolation-runs-surefire-combined,JON_106-iso-more-runs_p2_r100_t518400_6M_3d_21h_58m_38s_alibaba.fastjson-e05e9c5=com.alibaba.json.bvt.serializer.ConcurrentHashMapTest6.test_concurrentHashmap_output_1591239519,1591240207,1591239808,399
isolation-runs-surefire-combined,JON_106-iso-more-runs_p2_r100_t518400_6M_3d_21h_58m_38s_apache.incubator-dubbo-737f7a7=org.apache.dubbo.remoting.exchange.support.header.HeartbeatHandlerTest.testHeartbeat_output_1591239519,1591241583,1591239821,1762
isolation-runs-surefire-combined,JON_106-iso-more-runs_p2_r100_t518400_6M_3d_21h_58m_38s_apache.incubator-dubbo-737f7a7=org.apache.dubbo.remoting.transport.netty.ClientReconnectTest.testReconnectWarnLog_output_1591239519,1591240682,1591239808,874
isolation-runs-surefire-combined,JON_106-iso-more-runs_p2_r100_t518400_6M_3d_21h_58m_38s_apache.incubator-dubbo-737f7a7=org.apache.dubbo.remoting.transport.netty.ThreadNameTest.testThreadName_output_1591239519,1591241062,1591239812,1250
isolation-runs-surefire-combined,JON_106-iso-more-runs_p2_r100_t518400_6M_3d_21h_58m_38s_apache.incubator-dubbo-737f7a7=org.apache.dubbo.rpc.protocol.dubbo.ExplicitCallbackTest.TestCallbackMultiInstans_output_1591239519,1591240873,1591239827,1046
isolation-runs-surefire-combined,JON_106-iso-more-runs_p2_r100_t518400_6M_3d_21h_58m_38s_apache.incubator-dubbo-737f7a7=org.apache.dubbo.rpc.protocol.dubbo.telnet.ChangeTelnetHandlerTest.testChangePath_output_1591239519,1591240815,1591239827,988
isolation-runs-surefire-combined,JON_106-iso-more-runs_p2_r100_t518400_6M_3d_21h_58m_38s_apache.incubator-dubbo-737f7a7=org.apache.dubbo.rpc.protocol.dubbo.telnet.InvokerTelnetHandlerTest.testInvokeAutoFindMethod_output_1591239519,1591240869,1591239827,1042
isolation-runs-surefire-combined,JON_106-iso-more-runs_p2_r100_t518400_6M_3d_21h_58m_38s_apache.incubator-dubbo-737f7a7=org.apache.dubbo.rpc.protocol.dubbo.telnet.InvokerTelnetHandlerTest.testInvokeByPassingNullValue_output_1591239519,1591240735,1591239821,914
isolation-runs-surefire-combined,JON_106-iso-more-runs_p2_r100_t518400_6M_3d_21h_58m_38s_apache.incubator-dubbo-737f7a7=org.apache.dubbo.rpc.protocol.dubbo.telnet.InvokerTelnetHandlerTest.testInvokeDefaultSService_output_1591239519,1591240875,1591239830,1045
isolation-runs-surefire-combined,JON_106-iso-more-runs_p2_r100_t518400_6M_3d_21h_58m_38s_apache.incubator-dubbo-737f7a7=org.apache.dubbo.rpc.protocol.dubbo.telnet.ListTelnetHandlerTest.testList_output_1591239519,1591240751,1591239827,924
isolation-runs-surefire-combined,JON_106-iso-more-runs_p2_r100_t518400_6M_3d_21h_58m_38s_apache.incubator-dubbo-737f7a7=org.apache.dubbo.rpc.protocol.dubbo.telnet.ListTelnetHandlerTest.testListService_output_1591239519,1591240745,1591239821,924
isolation-runs-surefire-combined,JON_106-iso-more-runs_p2_r100_t518400_6M_3d_21h_58m_38s_apache.incubator-dubbo-737f7a7=org.apache.dubbo.rpc.protocol.dubbo.telnet.PortTelnetHandlerTest.testListAllPort_output_1591239519,1591240776,1591239824,952
isolation-runs-surefire-combined,JON_106-iso-more-runs_p2_r100_t518400_6M_3d_21h_58m_38s_apache.incubator-dubbo-737f7a7=org.apache.dubbo.rpc.protocol.dubbo.telnet.PortTelnetHandlerTest.testListDetail_output_1591239519,1591240753,1591239824,929
isolation-runs-surefire-combined,JON_106-iso-more-runs_p2_r100_t518400_6M_3d_21h_58m_38s_c2mon.c2mon-d80687b=cern.c2mon.daq.filter.dynamic.DiffMovingAverageTest.testAverage_output_1591239519,1591240232,1591239824,408
isolation-runs-surefire-combined,JON_106-iso-more-runs_p2_r100_t518400_6M_3d_21h_58m_38s_c2mon.c2mon-d80687b=cern.c2mon.server.common.republisher.RepublisherImplTest.testMultipleExceptions_output_1591239519,1591240333,1591239830,503
isolation-runs-surefire-combined,JON_106-iso-more-runs_p2_r100_t518400_6M_3d_21h_58m_38s_c2mon.c2mon-d80687b=cern.c2mon.server.common.republisher.RepublisherImplTest.testMultiplePublicationsWithExceptions_output_1591239519,1591240216,1591239801,415
isolation-runs-surefire-combined,JON_106-iso-more-runs_p2_r100_t518400_6M_3d_21h_58m_38s_codingchili.excelastic-6bb7884=com.codingchili.TestWriter.shouldWriteToElasticPort_output_1591239519,1591240342,1591239830,512
isolation-runs-surefire-combined,JON_106-iso-more-runs_p2_r100_t518400_6M_3d_21h_58m_38s_davidmoten.rxjava2-extras-d0315b6=com.github.davidmoten.rx2.buffertofile.FlowableOnBackpressureBufferToFileTest.testCancelObservable_output_1591239519,1591240438,1591239830,608
isolation-runs-surefire-combined,JON_106-iso-more-runs_p2_r100_t518400_6M_3d_21h_58m_38s_davidmoten.rxjava2-extras-d0315b6=com.github.davidmoten.rx2.buffertofile.FlowableOnBackpressureBufferToFileTest.testCancel_output_1591239519,1591240324,1591239832,492
isolation-runs-surefire-combined,JON_106-iso-more-runs_p2_r100_t518400_6M_3d_21h_58m_38s_davidmoten.rxjava2-extras-d0315b6=com.github.davidmoten.rx2.internal.flowable.FlowableServerSocketTest.testLoad_output_1591239519,1591241491,1591239836,1655
isolation-runs-surefire-combined,JON_106-iso-more-runs_p2_r100_t518400_6M_3d_21h_58m_38s_elasticjob.elastic-job-lite-b022898=io.elasticjob.lite.internal.failover.FailoverServiceTest.assertGetLocalFailoverItemsIfShutdown_output_1591239519,1591240358,1591239830,528
isolation-runs-surefire-combined,JON_106-iso-more-runs_p2_r100_t518400_6M_3d_21h_58m_38s_espertechinc.esper-590fa9c=com.espertech.esper.example.rfidassetzone.TestLRMovingSimMain.testSim_output_1591239519,1591240953,1591239830,1123
isolation-runs-surefire-combined,JON_106-iso-more-runs_p2_r100_t518400_6M_3d_21h_58m_38s_feroult.yawp-b3bcf9c=io.yawp.testing.appengine.pipes.flow.FlowDropsTest.testFlowDropsToSameSink_output_1591239519,1591240563,1591239839,724
isolation-runs-surefire-combined,JON_106-iso-more-runs_p2_r100_t518400_6M_3d_21h_58m_38s_flaxsearch.luwak-c27ec08=uk.co.flax.luwak.matchers.TestParallelMatcher.testParallelSlowLog_output_1591239519,1591240253,1591239839,414
isolation-runs-surefire-combined,JON_106-iso-more-runs_p2_r100_t518400_6M_3d_21h_58m_38s_flaxsearch.luwak-c27ec08=uk.co.flax.luwak.matchers.TestPartitionMatcher.testParallelSlowLog_output_1591239519,1591240274,1591239836,438
isolation-runs-surefire-combined,JON_106-iso-more-runs_p2_r100_t518400_6M_3d_21h_58m_38s_fluent.fluent-logger-java-da14ec3=org.fluentd.logger.TestFluentLogger.testClose_output_1591239519,1591240147,1591239841,306
isolation-runs-surefire-combined,JON_106-iso-more-runs_p2_r100_t518400_6M_3d_21h_58m_38s_fluent.fluent-logger-java-da14ec3=org.fluentd.logger.TestFluentLogger.testFlushOnClose_output_1591239519,1591240144,1591239830,314
isolation-runs-surefire-combined,JON_106-iso-more-runs_p2_r100_t518400_6M_3d_21h_58m_38s_fluent.fluent-logger-java-da14ec3=org.fluentd.logger.TestFluentLogger.testInMultiThreading_output_1591239519,1591240590,1591239832,758
isolation-runs-surefire-combined,JON_106-iso-more-runs_p2_r100_t518400_6M_3d_21h_58m_38s_fluent.fluent-logger-java-da14ec3=org.fluentd.logger.TestFluentLogger.testNormal01_output_1591239519,1591240382,1591239832,550
isolation-runs-surefire-combined,JON_106-iso-more-runs_p2_r100_t518400_6M_3d_21h_58m_38s_fluent.fluent-logger-java-da14ec3=org.fluentd.logger.TestFluentLogger.testNormal02_output_1591239519,1591240369,1591239835,534
isolation-runs-surefire-combined,JON_106-iso-more-runs_p2_r100_t518400_6M_3d_21h_58m_38s_fluent.fluent-logger-java-da14ec3=org.fluentd.logger.TestFluentLogger.testReconnection_output_1591239519,1591240964,1591239832,1132
isolation-runs-surefire-combined,JON_106-iso-more-runs_p2_r100_t518400_6M_3d_21h_58m_38s_javadelight.delight-nashorn-sandbox-da35edc=delight.nashornsandbox.TestGetFunction.test_output_1591239519,1591240428,1591239839,589
isolation-runs-surefire-combined,JON_106-iso-more-runs_p2_r100_t518400_6M_3d_21h_58m_38s_javadelight.delight-nashorn-sandbox-da35edc=delight.nashornsandbox.TestIssue34.testIssue34_Scenario1_output_1591239519,1591240520,1591239981,539
isolation-runs-surefire-combined,JON_106-iso-more-runs_p2_r100_t518400_6M_3d_21h_58m_38s_javadelight.delight-nashorn-sandbox-da35edc=delight.nashornsandbox.TestMemoryLimit.test_no_abuse_output_1591239519,1591240448,1591239839,609
isolation-runs-surefire-combined,JON_106-iso-more-runs_p2_r100_t518400_6M_3d_21h_58m_38s_kagkarlsson.db-scheduler-4a8a28e=com.github.kagkarlsson.scheduler.compatibility.HsqlCompatibilityTest.test_compatibility_output_1591239519,1591241270,1591239839,1431
isolation-runs-surefire-combined,JON_106-iso-more-runs_p2_r100_t518400_6M_3d_21h_58m_38s_kagkarlsson.db-scheduler-4a8a28e=com.github.kagkarlsson.scheduler.compatibility.HsqlCompatibilityTest.test_jdbc_repository_compatibility_with_data_output_1591239519,1591240393,1591239984,409
isolation-runs-surefire-combined,JON_106-iso-more-runs_p2_r100_t518400_6M_3d_21h_58m_38s_kagkarlsson.db-scheduler-4a8a28e=com.github.kagkarlsson.scheduler.DeadExecutionsTest.scheduler_should_detect_dead_execution_that_never_updated_heartbeat_output_1591239519,1591240219,1591239859,360
isolation-runs-surefire-combined,JON_106-iso-more-runs_p2_r100_t518400_6M_3d_21h_58m_38s_kagkarlsson.db-scheduler-4a8a28e=com.github.kagkarlsson.scheduler.DeadExecutionsTest.scheduler_should_handle_dead_executions_output_1591239519,1591240249,1591239842,407
isolation-runs-surefire-combined,JON_106-iso-more-runs_p2_r100_t518400_6M_3d_21h_58m_38s_kagkarlsson.db-scheduler-4a8a28e=com.github.kagkarlsson.scheduler.SchedulerClientTest.client_should_be_able_to_fetch_executions_for_task_output_1591239519,1591240349,1591239987,362
isolation-runs-surefire-combined,JON_106-iso-more-runs_p2_r100_t518400_6M_3d_21h_58m_38s_kagkarlsson.db-scheduler-4a8a28e=com.github.kagkarlsson.scheduler.SchedulerClientTest.client_should_be_able_to_schedule_executions_output_1591239519,1591240378,1591239987,391
isolation-runs-surefire-combined,JON_106-iso-more-runs_p2_r100_t518400_6M_3d_21h_58m_38s_kagkarlsson.db-scheduler-4a8a28e=com.github.kagkarlsson.scheduler.SchedulerClientTest.should_be_able_to_schedule_other_executions_from_an_executionhandler_output_1591239519,1591240223,1591239854,369
isolation-runs-surefire-combined,JON_106-iso-more-runs_p2_r100_t518400_6M_3d_21h_58m_38s_kagkarlsson.db-scheduler-4a8a28e=com.github.kagkarlsson.scheduler.WaiterTest.should_wait_until_woken_output_1591239519,1591240317,1591239993,324
isolation-runs-surefire-combined,JON_106-iso-more-runs_p2_r100_t518400_6M_3d_21h_58m_38s_looly.hutool-91565d0=cn.hutool.cron.test.CronTest.matchAllTest_output_1591239519,1591240240,1591239862,378
isolation-runs-surefire-combined,JON_106-iso-more-runs_p2_r100_t518400_6M_3d_21h_58m_38s_nationalsecurityagency.timely-3a8cbd3=timely.store.iterators.TimeSeriesGroupingIteratorTest.testAdditionalTimeSeries_output_1591239519,1591241170,1591239996,1174
isolation-runs-surefire-combined,JON_106-iso-more-runs_p2_r100_t518400_6M_3d_22h_10m_38s_alibaba.fastjson-e05e9c5=com.alibaba.json.bvt.issue_1200.Issue1298.test_for_issue_1_output_1591240240,1591240879,1591240461,418
isolation-runs-surefire-combined,JON_106-iso-more-runs_p2_r100_t518400_6M_3d_21h_58m_38s_nationalsecurityagency.timely-3a8cbd3=timely.store.iterators.TimeSeriesGroupingIteratorTest.testManySparseTimeSeries_output_1591239519,1591241065,1591239987,1078
isolation-runs-surefire-combined,JON_106-iso-more-runs_p2_r100_t518400_6M_3d_21h_58m_38s_nationalsecurityagency.timely-3a8cbd3=timely.store.iterators.TimeSeriesGroupingIteratorTest.testMultipleTimeSeriesMovingAverage_output_1591239519,1591241170,1591239987,1183
isolation-runs-surefire-combined,JON_106-iso-more-runs_p2_r100_t518400_6M_3d_21h_58m_38s_nationalsecurityagency.timely-3a8cbd3=timely.store.iterators.TimeSeriesGroupingIteratorTest.testTimeSeriesDropOff_output_1591239519,1591241108,1591239987,1121
isolation-runs-surefire-combined,JON_106-iso-more-runs_p2_r100_t518400_6M_3d_21h_58m_38s_oracle.oci-java-sdk-2e9982f=com.oracle.bmc.objectstorage.transfer.ProgressTrackerTest.singleUploadProgressTrackerFactory_resetProgressTracker_output_1591239519,1591240553,1591239993,560
isolation-runs-surefire-combined,JON_106-iso-more-runs_p2_r100_t518400_6M_3d_22h_10m_38s_alibaba.fastjson-e05e9c5=com.alibaba.json.bvt.issue_1200.Issue1298.test_for_issue_output_1591240240,1591240939,1591240503,436
isolation-runs-surefire-combined,JON_106-iso-more-runs_p2_r100_t518400_6M_3d_22h_10m_38s_alibaba.fastjson-e05e9c5=com.alibaba.json.bvt.parser.DefaultExtJSONParser_parseArray.test_7_output_1591240240,1591240862,1591240428,434
isolation-runs-surefire-combined,JON_106-iso-more-runs_p2_r100_t518400_6M_3d_22h_10m_38s_alibaba.fastjson-e05e9c5=com.alibaba.json.bvt.parser.DefaultExtJSONParser_parseArray.test_8_output_1591240240,1591240846,1591240503,343
isolation-runs-surefire-combined,JON_106-iso-more-runs_p2_r100_t518400_6M_3d_22h_10m_38s_alibaba.fastjson-e05e9c5=com.alibaba.json.bvt.serializer.ConcurrentHashMapTest5.test_concurrentHashmap_output_1591240240,1591240937,1591240467,470
isolation-runs-surefire-combined,JON_106-iso-more-runs_p2_r100_t518400_6M_3d_22h_10m_38s_alibaba.fastjson-e05e9c5=com.alibaba.json.bvt.serializer.ConcurrentHashMapTest6.test_concurrentHashmap_output_1591240240,1591240936,1591240455,481
isolation-runs-surefire-combined,JON_106-iso-more-runs_p2_r100_t518400_6M_3d_22h_10m_38s_apache.incubator-dubbo-737f7a7=org.apache.dubbo.remoting.exchange.support.header.HeartbeatHandlerTest.testHeartbeat_output_1591240240,1591242288,1591240509,1779
isolation-runs-surefire-combined,JON_106-iso-more-runs_p2_r100_t518400_6M_3d_22h_10m_38s_apache.incubator-dubbo-737f7a7=org.apache.dubbo.remoting.transport.netty.ClientReconnectTest.testReconnectWarnLog_output_1591240240,1591241422,1591240509,913
isolation-runs-surefire-combined,JON_106-iso-more-runs_p2_r100_t518400_6M_3d_22h_10m_38s_apache.incubator-dubbo-737f7a7=org.apache.dubbo.remoting.transport.netty.ThreadNameTest.testThreadName_output_1591240240,1591241630,1591240500,1130
isolation-runs-surefire-combined,JON_106-iso-more-runs_p2_r100_t518400_6M_3d_22h_10m_38s_apache.incubator-dubbo-737f7a7=org.apache.dubbo.rpc.protocol.dubbo.ExplicitCallbackTest.TestCallbackMultiInstans_output_1591240240,1591241418,1591240558,860
isolation-runs-surefire-combined,JON_106-iso-more-runs_p2_r100_t518400_6M_3d_22h_10m_38s_apache.incubator-dubbo-737f7a7=org.apache.dubbo.rpc.protocol.dubbo.telnet.ChangeTelnetHandlerTest.testChangePath_output_1591240240,1591241390,1591240567,823
isolation-runs-surefire-combined,JON_106-iso-more-runs_p2_r100_t518400_6M_3d_22h_10m_38s_apache.incubator-dubbo-737f7a7=org.apache.dubbo.rpc.protocol.dubbo.telnet.InvokerTelnetHandlerTest.testInvokeAutoFindMethod_output_1591240240,1591241454,1591240515,939
isolation-runs-surefire-combined,JON_106-iso-more-runs_p2_r100_t518400_6M_3d_22h_10m_38s_apache.incubator-dubbo-737f7a7=org.apache.dubbo.rpc.protocol.dubbo.telnet.InvokerTelnetHandlerTest.testInvokeByPassingNullValue_output_1591240240,1591241453,1591240555,898
isolation-runs-surefire-combined,JON_106-iso-more-runs_p2_r100_t518400_6M_3d_22h_10m_38s_apache.incubator-dubbo-737f7a7=org.apache.dubbo.rpc.protocol.dubbo.telnet.InvokerTelnetHandlerTest.testInvokeDefaultSService_output_1591240240,1591241357,1591240509,848
isolation-runs-surefire-combined,JON_106-iso-more-runs_p2_r100_t518400_6M_3d_22h_10m_38s_apache.incubator-dubbo-737f7a7=org.apache.dubbo.rpc.protocol.dubbo.telnet.ListTelnetHandlerTest.testList_output_1591240240,1591241272,1591240558,714
isolation-runs-surefire-combined,JON_106-iso-more-runs_p2_r100_t518400_6M_3d_22h_10m_38s_apache.incubator-dubbo-737f7a7=org.apache.dubbo.rpc.protocol.dubbo.telnet.ListTelnetHandlerTest.testListService_output_1591240240,1591241232,1591240509,723
isolation-runs-surefire-combined,JON_106-iso-more-runs_p2_r100_t518400_6M_3d_22h_10m_38s_apache.incubator-dubbo-737f7a7=org.apache.dubbo.rpc.protocol.dubbo.telnet.PortTelnetHandlerTest.testListAllPort_output_1591240240,1591241445,1591240561,884
isolation-runs-surefire-combined,JON_106-iso-more-runs_p2_r100_t518400_6M_3d_22h_10m_38s_apache.incubator-dubbo-737f7a7=org.apache.dubbo.rpc.protocol.dubbo.telnet.PortTelnetHandlerTest.testListDetail_output_1591240240,1591241372,1591240515,857
isolation-runs-surefire-combined,JON_106-iso-more-runs_p2_r100_t518400_6M_3d_22h_10m_38s_c2mon.c2mon-d80687b=cern.c2mon.daq.filter.dynamic.DiffMovingAverageTest.testAverage_output_1591240240,1591240855,1591240467,388
isolation-runs-surefire-combined,JON_106-iso-more-runs_p2_r100_t518400_6M_3d_22h_10m_38s_c2mon.c2mon-d80687b=cern.c2mon.server.common.republisher.RepublisherImplTest.testMultipleExceptions_output_1591240240,1591240975,1591240521,454
isolation-runs-surefire-combined,JON_106-iso-more-runs_p2_r100_t518400_6M_3d_22h_10m_38s_c2mon.c2mon-d80687b=cern.c2mon.server.common.republisher.RepublisherImplTest.testMultiplePublicationsWithExceptions_output_1591240240,1591240990,1591240567,423
isolation-runs-surefire-combined,JON_106-iso-more-runs_p2_r100_t518400_6M_3d_22h_10m_38s_codingchili.excelastic-6bb7884=com.codingchili.TestWriter.shouldWriteToElasticPort_output_1591240240,1591241116,1591240564,552
isolation-runs-surefire-combined,JON_106-iso-more-runs_p2_r100_t518400_6M_3d_22h_10m_38s_davidmoten.rxjava2-extras-d0315b6=com.github.davidmoten.rx2.buffertofile.FlowableOnBackpressureBufferToFileTest.testCancelObservable_output_1591240240,1591241147,1591240601,546
isolation-runs-surefire-combined,JON_106-iso-more-runs_p2_r100_t518400_6M_3d_22h_10m_38s_davidmoten.rxjava2-extras-d0315b6=com.github.davidmoten.rx2.buffertofile.FlowableOnBackpressureBufferToFileTest.testCancel_output_1591240240,1591241028,1591240570,458
isolation-runs-surefire-combined,JON_106-iso-more-runs_p2_r100_t518400_6M_3d_22h_10m_38s_davidmoten.rxjava2-extras-d0315b6=com.github.davidmoten.rx2.internal.flowable.FlowableServerSocketTest.testLoad_output_1591240240,1591242226,1591240583,1643
isolation-runs-surefire-combined,JON_106-iso-more-runs_p2_r100_t518400_6M_3d_22h_10m_38s_elasticjob.elastic-job-lite-b022898=io.elasticjob.lite.internal.failover.FailoverServiceTest.assertGetLocalFailoverItemsIfShutdown_output_1591240240,1591241012,1591240573,439
isolation-runs-surefire-combined,JON_106-iso-more-runs_p2_r100_t518400_6M_3d_22h_10m_38s_espertechinc.esper-590fa9c=com.espertech.esper.example.rfidassetzone.TestLRMovingSimMain.testSim_output_1591240240,1591241569,1591240570,999
isolation-runs-surefire-combined,JON_106-iso-more-runs_p2_r100_t518400_6M_3d_22h_10m_38s_feroult.yawp-b3bcf9c=io.yawp.testing.appengine.pipes.flow.FlowDropsTest.testFlowDropsToSameSink_output_1591240240,1591241180,1591240570,610
isolation-runs-surefire-combined,JON_106-iso-more-runs_p2_r100_t518400_6M_3d_22h_10m_38s_flaxsearch.luwak-c27ec08=uk.co.flax.luwak.matchers.TestParallelMatcher.testParallelSlowLog_output_1591240240,1591240956,1591240570,386
isolation-runs-surefire-combined,JON_106-iso-more-runs_p2_r100_t518400_6M_3d_22h_10m_38s_flaxsearch.luwak-c27ec08=uk.co.flax.luwak.matchers.TestPartitionMatcher.testParallelSlowLog_output_1591240240,1591240916,1591240573,343
isolation-runs-surefire-combined,JON_106-iso-more-runs_p2_r100_t518400_6M_3d_22h_10m_38s_fluent.fluent-logger-java-da14ec3=org.fluentd.logger.TestFluentLogger.testClose_output_1591240240,1591240852,1591240570,282
isolation-runs-surefire-combined,JON_106-iso-more-runs_p2_r100_t518400_6M_3d_22h_10m_38s_fluent.fluent-logger-java-da14ec3=org.fluentd.logger.TestFluentLogger.testFlushOnClose_output_1591240240,1591240906,1591240579,327
isolation-runs-surefire-combined,JON_106-iso-more-runs_p2_r100_t518400_6M_3d_22h_10m_38s_fluent.fluent-logger-java-da14ec3=org.fluentd.logger.TestFluentLogger.testInMultiThreading_output_1591240240,1591241188,1591240583,605
isolation-runs-surefire-combined,JON_106-iso-more-runs_p2_r100_t518400_6M_3d_22h_10m_38s_fluent.fluent-logger-java-da14ec3=org.fluentd.logger.TestFluentLogger.testNormal01_output_1591240240,1591241080,1591240579,501
isolation-runs-surefire-combined,JON_106-iso-more-runs_p2_r100_t518400_6M_3d_22h_10m_38s_fluent.fluent-logger-java-da14ec3=org.fluentd.logger.TestFluentLogger.testNormal02_output_1591240240,1591241135,1591240580,555
isolation-runs-surefire-combined,JON_106-iso-more-runs_p2_r100_t518400_6M_3d_22h_10m_38s_fluent.fluent-logger-java-da14ec3=org.fluentd.logger.TestFluentLogger.testReconnection_output_1591240240,1591241682,1591240573,1109
isolation-runs-surefire-combined,JON_106-iso-more-runs_p2_r100_t518400_6M_3d_22h_10m_38s_javadelight.delight-nashorn-sandbox-da35edc=delight.nashornsandbox.TestGetFunction.test_output_1591240240,1591241118,1591240583,535
isolation-runs-surefire-combined,JON_106-iso-more-runs_p2_r100_t518400_6M_3d_22h_10m_38s_javadelight.delight-nashorn-sandbox-da35edc=delight.nashornsandbox.TestIssue34.testIssue34_Scenario1_output_1591240240,1591241059,1591240576,483
isolation-runs-surefire-combined,JON_106-iso-more-runs_p2_r100_t518400_6M_3d_22h_10m_38s_javadelight.delight-nashorn-sandbox-da35edc=delight.nashornsandbox.TestMemoryLimit.test_no_abuse_output_1591240240,1591241091,1591240579,512
isolation-runs-surefire-combined,JON_106-iso-more-runs_p2_r100_t518400_6M_3d_22h_10m_38s_kagkarlsson.db-scheduler-4a8a28e=com.github.kagkarlsson.scheduler.compatibility.HsqlCompatibilityTest.test_compatibility_output_1591240240,1591241950,1591240586,1364
isolation-runs-surefire-combined,JON_106-iso-more-runs_p2_r100_t518400_6M_3d_22h_10m_38s_kagkarlsson.db-scheduler-4a8a28e=com.github.kagkarlsson.scheduler.compatibility.HsqlCompatibilityTest.test_jdbc_repository_compatibility_with_data_output_1591240240,1591240969,1591240589,380
isolation-runs-surefire-combined,JON_106-iso-more-runs_p2_r100_t518400_6M_3d_22h_10m_38s_kagkarlsson.db-scheduler-4a8a28e=com.github.kagkarlsson.scheduler.DeadExecutionsTest.scheduler_should_detect_dead_execution_that_never_updated_heartbeat_output_1591240240,1591240893,1591240576,317
isolation-runs-surefire-combined,JON_106-iso-more-runs_p2_r100_t518400_6M_3d_22h_10m_38s_kagkarlsson.db-scheduler-4a8a28e=com.github.kagkarlsson.scheduler.DeadExecutionsTest.scheduler_should_handle_dead_executions_output_1591240240,1591240904,1591240583,321
isolation-runs-surefire-combined,JON_106-iso-more-runs_p2_r100_t518400_6M_3d_22h_10m_38s_kagkarlsson.db-scheduler-4a8a28e=com.github.kagkarlsson.scheduler.SchedulerClientTest.client_should_be_able_to_fetch_executions_for_task_output_1591240240,1591240954,1591240580,374
isolation-runs-surefire-combined,JON_106-iso-more-runs_p2_r100_t518400_6M_3d_22h_10m_38s_kagkarlsson.db-scheduler-4a8a28e=com.github.kagkarlsson.scheduler.SchedulerClientTest.client_should_be_able_to_schedule_executions_output_1591240240,1591240914,1591240586,328
isolation-runs-surefire-combined,JON_106-iso-more-runs_p2_r100_t518400_6M_3d_22h_10m_38s_kagkarlsson.db-scheduler-4a8a28e=com.github.kagkarlsson.scheduler.SchedulerClientTest.should_be_able_to_schedule_other_executions_from_an_executionhandler_output_1591240240,1591240945,1591240583,362
isolation-runs-surefire-combined,JON_106-iso-more-runs_p2_r100_t518400_6M_3d_22h_10m_38s_kagkarlsson.db-scheduler-4a8a28e=com.github.kagkarlsson.scheduler.WaiterTest.should_wait_until_woken_output_1591240240,1591240879,1591240576,303
isolation-runs-surefire-combined,JON_106-iso-more-runs_p2_r100_t518400_6M_3d_22h_10m_38s_looly.hutool-91565d0=cn.hutool.cron.test.CronTest.matchAllTest_output_1591240240,1591240912,1591240586,326
isolation-runs-surefire-combined,JON_106-iso-more-runs_p2_r100_t518400_6M_3d_22h_10m_38s_nationalsecurityagency.timely-3a8cbd3=timely.store.iterators.TimeSeriesGroupingIteratorTest.testAdditionalTimeSeries_output_1591240240,1591241762,1591240595,1167
isolation-runs-surefire-combined,JON_106-iso-more-runs_p2_r100_t518400_6M_3d_22h_10m_38s_nationalsecurityagency.timely-3a8cbd3=timely.store.iterators.TimeSeriesGroupingIteratorTest.testManySparseTimeSeries_output_1591240240,1591241787,1591240592,1195
isolation-runs-surefire-combined,JON_106-iso-more-runs_p2_r100_t518400_6M_3d_22h_10m_38s_nationalsecurityagency.timely-3a8cbd3=timely.store.iterators.TimeSeriesGroupingIteratorTest.testMultipleTimeSeriesMovingAverage_output_1591240240,1591241704,1591240592,1112
isolation-runs-surefire-combined,JON_106-iso-more-runs_p2_r100_t518400_6M_3d_22h_10m_38s_nationalsecurityagency.timely-3a8cbd3=timely.store.iterators.TimeSeriesGroupingIteratorTest.testTimeSeriesDropOff_output_1591240240,1591241706,1591240586,1120
isolation-runs-surefire-combined,JON_106-iso-more-runs_p2_r100_t518400_6M_3d_22h_10m_38s_oracle.oci-java-sdk-2e9982f=com.oracle.bmc.objectstorage.transfer.ProgressTrackerTest.singleUploadProgressTrackerFactory_resetProgressTracker_output_1591240240,1591241151,1591240595,556
isolation-runs-surefire-combined,JON_106-iso-more-runs_p2_r100_t518400_6M_3d_22h_13m_38s_alibaba.fastjson-e05e9c5=com.alibaba.json.bvt.issue_1200.Issue1298.test_for_issue_1_output_1591240420,1591241156,1591240665,491
isolation-runs-surefire-combined,JON_106-iso-more-runs_p2_r100_t518400_6M_3d_22h_13m_38s_alibaba.fastjson-e05e9c5=com.alibaba.json.bvt.issue_1200.Issue1298.test_for_issue_output_1591240420,1591241189,1591240683,506
isolation-runs-surefire-combined,JON_106-iso-more-runs_p2_r100_t518400_6M_3d_22h_13m_38s_alibaba.fastjson-e05e9c5=com.alibaba.json.bvt.parser.DefaultExtJSONParser_parseArray.test_7_output_1591240420,1591241154,1591240659,495
isolation-runs-surefire-combined,JON_106-iso-more-runs_p2_r100_t518400_6M_3d_22h_13m_38s_alibaba.fastjson-e05e9c5=com.alibaba.json.bvt.parser.DefaultExtJSONParser_parseArray.test_8_output_1591240420,1591241170,1591240683,487
isolation-runs-surefire-combined,JON_106-iso-more-runs_p2_r100_t518400_6M_3d_22h_13m_38s_alibaba.fastjson-e05e9c5=com.alibaba.json.bvt.serializer.ConcurrentHashMapTest5.test_concurrentHashmap_output_1591240420,1591241127,1591240674,453
isolation-runs-surefire-combined,JON_106-iso-more-runs_p2_r100_t518400_6M_3d_22h_13m_38s_alibaba.fastjson-e05e9c5=com.alibaba.json.bvt.serializer.ConcurrentHashMapTest6.test_concurrentHashmap_output_1591240420,1591241156,1591240682,474
isolation-runs-surefire-combined,JON_106-iso-more-runs_p2_r100_t518400_6M_3d_22h_13m_38s_apache.incubator-dubbo-737f7a7=org.apache.dubbo.remoting.exchange.support.header.HeartbeatHandlerTest.testHeartbeat_output_1591240420,1591242534,1591240683,1851
isolation-runs-surefire-combined,JON_106-iso-more-runs_p2_r100_t518400_6M_3d_22h_13m_38s_apache.incubator-dubbo-737f7a7=org.apache.dubbo.remoting.transport.netty.ClientReconnectTest.testReconnectWarnLog_output_1591240420,1591241630,1591240681,949
isolation-runs-surefire-combined,JON_106-iso-more-runs_p2_r100_t518400_6M_3d_22h_13m_38s_apache.incubator-dubbo-737f7a7=org.apache.dubbo.remoting.transport.netty.ThreadNameTest.testThreadName_output_1591240420,1591242038,1591240677,1361
isolation-runs-surefire-combined,JON_106-iso-more-runs_p2_r100_t518400_6M_3d_22h_13m_38s_apache.incubator-dubbo-737f7a7=org.apache.dubbo.rpc.protocol.dubbo.ExplicitCallbackTest.TestCallbackMultiInstans_output_1591240420,1591241883,1591240695,1188
isolation-runs-surefire-combined,JON_106-iso-more-runs_p2_r100_t518400_6M_3d_22h_13m_38s_apache.incubator-dubbo-737f7a7=org.apache.dubbo.rpc.protocol.dubbo.telnet.ChangeTelnetHandlerTest.testChangePath_output_1591240420,1591241665,1591240695,970
isolation-runs-surefire-combined,JON_106-iso-more-runs_p2_r100_t518400_6M_3d_22h_13m_38s_apache.incubator-dubbo-737f7a7=org.apache.dubbo.rpc.protocol.dubbo.telnet.InvokerTelnetHandlerTest.testInvokeAutoFindMethod_output_1591240420,1591241672,1591240686,986
isolation-runs-surefire-combined,JON_106-iso-more-runs_p2_r100_t518400_6M_3d_22h_13m_38s_apache.incubator-dubbo-737f7a7=org.apache.dubbo.rpc.protocol.dubbo.telnet.InvokerTelnetHandlerTest.testInvokeByPassingNullValue_output_1591240420,1591241792,1591240692,1100
isolation-runs-surefire-combined,JON_106-iso-more-runs_p2_r100_t518400_6M_3d_22h_13m_38s_apache.incubator-dubbo-737f7a7=org.apache.dubbo.rpc.protocol.dubbo.telnet.InvokerTelnetHandlerTest.testInvokeDefaultSService_output_1591240420,1591241802,1591240689,1113
isolation-runs-surefire-combined,JON_106-iso-more-runs_p2_r100_t518400_6M_3d_22h_13m_38s_apache.incubator-dubbo-737f7a7=org.apache.dubbo.rpc.protocol.dubbo.telnet.ListTelnetHandlerTest.testList_output_1591240420,1591241783,1591240692,1091
isolation-runs-surefire-combined,JON_106-iso-more-runs_p2_r100_t518400_6M_3d_22h_13m_38s_apache.incubator-dubbo-737f7a7=org.apache.dubbo.rpc.protocol.dubbo.telnet.ListTelnetHandlerTest.testListService_output_1591240420,1591241738,1591240686,1052
isolation-runs-surefire-combined,JON_106-iso-more-runs_p2_r100_t518400_6M_3d_22h_13m_38s_apache.incubator-dubbo-737f7a7=org.apache.dubbo.rpc.protocol.dubbo.telnet.PortTelnetHandlerTest.testListAllPort_output_1591240420,1591241820,1591240692,1128
isolation-runs-surefire-combined,JON_106-iso-more-runs_p2_r100_t518400_6M_3d_22h_13m_38s_apache.incubator-dubbo-737f7a7=org.apache.dubbo.rpc.protocol.dubbo.telnet.PortTelnetHandlerTest.testListDetail_output_1591240420,1591241688,1591240683,1005
isolation-runs-surefire-combined,JON_106-iso-more-runs_p2_r100_t518400_6M_3d_22h_13m_38s_c2mon.c2mon-d80687b=cern.c2mon.daq.filter.dynamic.DiffMovingAverageTest.testAverage_output_1591240420,1591241086,1591240698,388
isolation-runs-surefire-combined,JON_106-iso-more-runs_p2_r100_t518400_6M_3d_22h_13m_38s_c2mon.c2mon-d80687b=cern.c2mon.server.common.republisher.RepublisherImplTest.testMultipleExceptions_output_1591240420,1591241182,1591240695,487
isolation-runs-surefire-combined,JON_106-iso-more-runs_p2_r100_t518400_6M_3d_22h_13m_38s_c2mon.c2mon-d80687b=cern.c2mon.server.common.republisher.RepublisherImplTest.testMultiplePublicationsWithExceptions_output_1591240420,1591241193,1591240698,495
isolation-runs-surefire-combined,JON_106-iso-more-runs_p2_r100_t518400_6M_3d_22h_13m_38s_codingchili.excelastic-6bb7884=com.codingchili.TestWriter.shouldWriteToElasticPort_output_1591240420,1591241252,1591240701,551
isolation-runs-surefire-combined,JON_106-iso-more-runs_p2_r100_t518400_6M_3d_22h_13m_38s_davidmoten.rxjava2-extras-d0315b6=com.github.davidmoten.rx2.buffertofile.FlowableOnBackpressureBufferToFileTest.testCancelObservable_output_1591240420,1591241285,1591240704,581
isolation-runs-surefire-combined,JON_106-iso-more-runs_p2_r100_t518400_6M_3d_22h_13m_38s_davidmoten.rxjava2-extras-d0315b6=com.github.davidmoten.rx2.buffertofile.FlowableOnBackpressureBufferToFileTest.testCancel_output_1591240420,1591241308,1591240701,607
isolation-runs-surefire-combined,JON_106-iso-more-runs_p2_r100_t518400_6M_3d_22h_13m_38s_davidmoten.rxjava2-extras-d0315b6=com.github.davidmoten.rx2.internal.flowable.FlowableServerSocketTest.testLoad_output_1591240420,1591242392,1591240713,1679
isolation-runs-surefire-combined,JON_106-iso-more-runs_p2_r100_t518400_6M_3d_22h_13m_38s_elasticjob.elastic-job-lite-b022898=io.elasticjob.lite.internal.failover.FailoverServiceTest.assertGetLocalFailoverItemsIfShutdown_output_1591240420,1591241275,1591240701,574
isolation-runs-surefire-combined,JON_106-iso-more-runs_p2_r100_t518400_6M_3d_22h_13m_38s_espertechinc.esper-590fa9c=com.espertech.esper.example.rfidassetzone.TestLRMovingSimMain.testSim_output_1591240420,1591241920,1591240713,1207
isolation-runs-surefire-combined,JON_106-iso-more-runs_p2_r100_t518400_6M_3d_22h_13m_38s_feroult.yawp-b3bcf9c=io.yawp.testing.appengine.pipes.flow.FlowDropsTest.testFlowDropsToSameSink_output_1591240420,1591241531,1591240714,817
isolation-runs-surefire-combined,JON_106-iso-more-runs_p2_r100_t518400_6M_3d_22h_13m_38s_flaxsearch.luwak-c27ec08=uk.co.flax.luwak.matchers.TestParallelMatcher.testParallelSlowLog_output_1591240420,1591241126,1591240704,422
isolation-runs-surefire-combined,JON_106-iso-more-runs_p2_r100_t518400_6M_3d_22h_13m_38s_flaxsearch.luwak-c27ec08=uk.co.flax.luwak.matchers.TestPartitionMatcher.testParallelSlowLog_output_1591240420,1591241087,1591240671,416
isolation-runs-surefire-combined,JON_106-iso-more-runs_p2_r100_t518400_6M_3d_22h_13m_38s_fluent.fluent-logger-java-da14ec3=org.fluentd.logger.TestFluentLogger.testClose_output_1591240420,1591241046,1591240713,333
isolation-runs-surefire-combined,JON_106-iso-more-runs_p2_r100_t518400_6M_3d_22h_13m_38s_fluent.fluent-logger-java-da14ec3=org.fluentd.logger.TestFluentLogger.testFlushOnClose_output_1591240420,1591241082,1591240707,375
isolation-runs-surefire-combined,JON_106-iso-more-runs_p2_r100_t518400_6M_3d_22h_13m_38s_fluent.fluent-logger-java-da14ec3=org.fluentd.logger.TestFluentLogger.testInMultiThreading_output_1591240420,1591241502,1591240717,785
isolation-runs-surefire-combined,JON_106-iso-more-runs_p2_r100_t518400_6M_3d_22h_13m_38s_fluent.fluent-logger-java-da14ec3=org.fluentd.logger.TestFluentLogger.testNormal01_output_1591240420,1591241339,1591240713,626
isolation-runs-surefire-combined,JON_106-iso-more-runs_p2_r100_t518400_6M_3d_22h_13m_38s_fluent.fluent-logger-java-da14ec3=org.fluentd.logger.TestFluentLogger.testNormal02_output_1591240420,1591241314,1591240707,607
isolation-runs-surefire-combined,JON_106-iso-more-runs_p2_r100_t518400_6M_3d_22h_13m_38s_fluent.fluent-logger-java-da14ec3=org.fluentd.logger.TestFluentLogger.testReconnection_output_1591240420,1591241887,1591240729,1158
isolation-runs-surefire-combined,JON_106-iso-more-runs_p2_r100_t518400_6M_3d_22h_13m_38s_javadelight.delight-nashorn-sandbox-da35edc=delight.nashornsandbox.TestGetFunction.test_output_1591240420,1591241309,1591240716,593
isolation-runs-surefire-combined,JON_106-iso-more-runs_p2_r100_t518400_6M_3d_22h_13m_38s_javadelight.delight-nashorn-sandbox-da35edc=delight.nashornsandbox.TestIssue34.testIssue34_Scenario1_output_1591240420,1591241323,1591240707,616
isolation-runs-surefire-combined,JON_106-iso-more-runs_p2_r100_t518400_6M_3d_22h_13m_38s_javadelight.delight-nashorn-sandbox-da35edc=delight.nashornsandbox.TestMemoryLimit.test_no_abuse_output_1591240420,1591241346,1591240720,626
isolation-runs-surefire-combined,JON_106-iso-more-runs_p2_r100_t518400_6M_3d_22h_13m_38s_kagkarlsson.db-scheduler-4a8a28e=com.github.kagkarlsson.scheduler.compatibility.HsqlCompatibilityTest.test_compatibility_output_1591240420,1591242218,1591240723,1495
isolation-runs-surefire-combined,JON_106-iso-more-runs_p2_r100_t518400_6M_3d_22h_13m_38s_kagkarlsson.db-scheduler-4a8a28e=com.github.kagkarlsson.scheduler.compatibility.HsqlCompatibilityTest.test_jdbc_repository_compatibility_with_data_output_1591240420,1591241121,1591240723,398
isolation-runs-surefire-combined,JON_106-iso-more-runs_p2_r100_t518400_6M_3d_22h_13m_38s_kagkarlsson.db-scheduler-4a8a28e=com.github.kagkarlsson.scheduler.DeadExecutionsTest.scheduler_should_detect_dead_execution_that_never_updated_heartbeat_output_1591240420,1591241164,1591240755,409
isolation-runs-surefire-combined,JON_106-iso-more-runs_p2_r100_t518400_6M_3d_22h_13m_38s_kagkarlsson.db-scheduler-4a8a28e=com.github.kagkarlsson.scheduler.DeadExecutionsTest.scheduler_should_handle_dead_executions_output_1591240420,1591241186,1591240759,427
isolation-runs-surefire-combined,JON_106-iso-more-runs_p2_r100_t518400_6M_3d_22h_13m_38s_kagkarlsson.db-scheduler-4a8a28e=com.github.kagkarlsson.scheduler.SchedulerClientTest.client_should_be_able_to_fetch_executions_for_task_output_1591240420,1591241164,1591240729,435
isolation-runs-surefire-combined,JON_106-iso-more-runs_p2_r100_t518400_6M_3d_22h_13m_38s_kagkarlsson.db-scheduler-4a8a28e=com.github.kagkarlsson.scheduler.SchedulerClientTest.client_should_be_able_to_schedule_executions_output_1591240420,1591241149,1591240729,420
isolation-runs-surefire-combined,JON_106-iso-more-runs_p2_r100_t518400_6M_3d_22h_13m_38s_kagkarlsson.db-scheduler-4a8a28e=com.github.kagkarlsson.scheduler.SchedulerClientTest.should_be_able_to_schedule_other_executions_from_an_executionhandler_output_1591240420,1591241141,1591240720,421
isolation-runs-surefire-combined,JON_106-iso-more-runs_p2_r100_t518400_6M_3d_22h_13m_38s_kagkarlsson.db-scheduler-4a8a28e=com.github.kagkarlsson.scheduler.WaiterTest.should_wait_until_woken_output_1591240420,1591241086,1591240723,363
isolation-runs-surefire-combined,JON_106-iso-more-runs_p2_r100_t518400_6M_3d_22h_13m_38s_looly.hutool-91565d0=cn.hutool.cron.test.CronTest.matchAllTest_output_1591240420,1591241173,1591240723,450
isolation-runs-surefire-combined,JON_106-iso-more-runs_p2_r100_t518400_6M_3d_22h_13m_38s_nationalsecurityagency.timely-3a8cbd3=timely.store.iterators.TimeSeriesGroupingIteratorTest.testAdditionalTimeSeries_output_1591240420,1591242015,1591240732,1283
isolation-runs-surefire-combined,JON_106-iso-more-runs_p2_r100_t518400_6M_3d_22h_13m_38s_nationalsecurityagency.timely-3a8cbd3=timely.store.iterators.TimeSeriesGroupingIteratorTest.testManySparseTimeSeries_output_1591240420,1591241985,1591240759,1226
isolation-runs-surefire-combined,JON_106-iso-more-runs_p2_r100_t518400_6M_3d_22h_13m_38s_nationalsecurityagency.timely-3a8cbd3=timely.store.iterators.TimeSeriesGroupingIteratorTest.testMultipleTimeSeriesMovingAverage_output_1591240420,1591242050,1591240732,1318
isolation-runs-surefire-combined,JON_106-iso-more-runs_p2_r100_t518400_6M_3d_22h_13m_38s_nationalsecurityagency.timely-3a8cbd3=timely.store.iterators.TimeSeriesGroupingIteratorTest.testTimeSeriesDropOff_output_1591240420,1591242045,1591240726,1319
isolation-runs-surefire-combined,JON_106-iso-more-runs_p2_r100_t518400_6M_3d_22h_13m_38s_oracle.oci-java-sdk-2e9982f=com.oracle.bmc.objectstorage.transfer.ProgressTrackerTest.singleUploadProgressTrackerFactory_resetProgressTracker_output_1591240420,1591241387,1591240735,652
isolation-runs-surefire-combined,JON_106-iso-more-runs_p2_r100_t518400_6M_3d_22h_16m_38s_alibaba.fastjson-e05e9c5=com.alibaba.json.bvt.issue_1200.Issue1298.test_for_issue_1_output_1591240600,1591241271,1591240837,434
isolation-runs-surefire-combined,JON_106-iso-more-runs_p2_r100_t518400_6M_3d_22h_16m_38s_alibaba.fastjson-e05e9c5=com.alibaba.json.bvt.issue_1200.Issue1298.test_for_issue_output_1591240600,1591241337,1591240844,493
isolation-runs-surefire-combined,JON_106-iso-more-runs_p2_r100_t518400_6M_3d_22h_16m_38s_alibaba.fastjson-e05e9c5=com.alibaba.json.bvt.parser.DefaultExtJSONParser_parseArray.test_7_output_1591240600,1591241326,1591240831,495
isolation-runs-surefire-combined,JON_106-iso-more-runs_p2_r100_t518400_6M_3d_22h_16m_38s_alibaba.fastjson-e05e9c5=com.alibaba.json.bvt.parser.DefaultExtJSONParser_parseArray.test_8_output_1591240600,1591241308,1591240837,471
isolation-runs-surefire-combined,JON_106-iso-more-runs_p2_r100_t518400_6M_3d_22h_16m_38s_alibaba.fastjson-e05e9c5=com.alibaba.json.bvt.serializer.ConcurrentHashMapTest5.test_concurrentHashmap_output_1591240600,1591241281,1591240841,440
isolation-runs-surefire-combined,JON_106-iso-more-runs_p2_r100_t518400_6M_3d_22h_16m_38s_alibaba.fastjson-e05e9c5=com.alibaba.json.bvt.serializer.ConcurrentHashMapTest6.test_concurrentHashmap_output_1591240600,1591241305,1591240835,470
isolation-runs-surefire-combined,JON_106-iso-more-runs_p2_r100_t518400_6M_3d_22h_16m_38s_apache.incubator-dubbo-737f7a7=org.apache.dubbo.remoting.exchange.support.header.HeartbeatHandlerTest.testHeartbeat_output_1591240600,1591242637,1591240838,1799
isolation-runs-surefire-combined,JON_106-iso-more-runs_p2_r100_t518400_6M_3d_22h_16m_38s_apache.incubator-dubbo-737f7a7=org.apache.dubbo.remoting.transport.netty.ClientReconnectTest.testReconnectWarnLog_output_1591240600,1591241860,1591240847,1013
isolation-runs-surefire-combined,JON_106-iso-more-runs_p2_r100_t518400_6M_3d_22h_16m_38s_apache.incubator-dubbo-737f7a7=org.apache.dubbo.remoting.transport.netty.ThreadNameTest.testThreadName_output_1591240600,1591242283,1591240844,1439
isolation-runs-surefire-combined,JON_106-iso-more-runs_p2_r100_t518400_6M_3d_22h_16m_38s_apache.incubator-dubbo-737f7a7=org.apache.dubbo.rpc.protocol.dubbo.ExplicitCallbackTest.TestCallbackMultiInstans_output_1591240600,1591241838,1591240865,973
isolation-runs-surefire-combined,JON_106-iso-more-runs_p2_r100_t518400_6M_3d_22h_16m_38s_apache.incubator-dubbo-737f7a7=org.apache.dubbo.rpc.protocol.dubbo.telnet.ChangeTelnetHandlerTest.testChangePath_output_1591240600,1591241725,1591240856,869
isolation-runs-surefire-combined,JON_106-iso-more-runs_p2_r100_t518400_6M_3d_22h_16m_38s_apache.incubator-dubbo-737f7a7=org.apache.dubbo.rpc.protocol.dubbo.telnet.InvokerTelnetHandlerTest.testInvokeAutoFindMethod_output_1591240600,1591241757,1591240856,901
isolation-runs-surefire-combined,JON_106-iso-more-runs_p2_r100_t518400_6M_3d_22h_16m_38s_apache.incubator-dubbo-737f7a7=org.apache.dubbo.rpc.protocol.dubbo.telnet.InvokerTelnetHandlerTest.testInvokeByPassingNullValue_output_1591240600,1591241861,1591240856,1005
isolation-runs-surefire-combined,JON_106-iso-more-runs_p2_r100_t518400_6M_3d_22h_16m_38s_apache.incubator-dubbo-737f7a7=org.apache.dubbo.rpc.protocol.dubbo.telnet.InvokerTelnetHandlerTest.testInvokeDefaultSService_output_1591240600,1591241828,1591240862,966
isolation-runs-surefire-combined,JON_106-iso-more-runs_p2_r100_t518400_6M_3d_22h_16m_38s_looly.hutool-91565d0=cn.hutool.cron.test.CronTest.matchAllTest_output_1591240600,1591241272,1591240892,380
isolation-runs-surefire-combined,JON_106-iso-more-runs_p2_r100_t518400_6M_3d_22h_16m_38s_apache.incubator-dubbo-737f7a7=org.apache.dubbo.rpc.protocol.dubbo.telnet.ListTelnetHandlerTest.testList_output_1591240600,1591241846,1591240859,987
isolation-runs-surefire-combined,JON_106-iso-more-runs_p2_r100_t518400_6M_3d_22h_16m_38s_apache.incubator-dubbo-737f7a7=org.apache.dubbo.rpc.protocol.dubbo.telnet.ListTelnetHandlerTest.testListService_output_1591240600,1591241913,1591240850,1063
isolation-runs-surefire-combined,JON_106-iso-more-runs_p2_r100_t518400_6M_3d_22h_16m_38s_apache.incubator-dubbo-737f7a7=org.apache.dubbo.rpc.protocol.dubbo.telnet.PortTelnetHandlerTest.testListAllPort_output_1591240600,1591241750,1591240868,882
isolation-runs-surefire-combined,JON_106-iso-more-runs_p2_r100_t518400_6M_3d_22h_16m_38s_apache.incubator-dubbo-737f7a7=org.apache.dubbo.rpc.protocol.dubbo.telnet.PortTelnetHandlerTest.testListDetail_output_1591240600,1591241738,1591240853,885
isolation-runs-surefire-combined,JON_106-iso-more-runs_p2_r100_t518400_6M_3d_22h_16m_38s_c2mon.c2mon-d80687b=cern.c2mon.daq.filter.dynamic.DiffMovingAverageTest.testAverage_output_1591240600,1591241262,1591240865,397
isolation-runs-surefire-combined,JON_106-iso-more-runs_p2_r100_t518400_6M_3d_22h_16m_38s_c2mon.c2mon-d80687b=cern.c2mon.server.common.republisher.RepublisherImplTest.testMultipleExceptions_output_1591240600,1591241296,1591240868,428
isolation-runs-surefire-combined,JON_106-iso-more-runs_p2_r100_t518400_6M_3d_22h_16m_38s_c2mon.c2mon-d80687b=cern.c2mon.server.common.republisher.RepublisherImplTest.testMultiplePublicationsWithExceptions_output_1591240600,1591241306,1591240871,435
isolation-runs-surefire-combined,JON_106-iso-more-runs_p2_r100_t518400_6M_3d_22h_16m_38s_codingchili.excelastic-6bb7884=com.codingchili.TestWriter.shouldWriteToElasticPort_output_1591240600,1591241436,1591240871,565
isolation-runs-surefire-combined,JON_106-iso-more-runs_p2_r100_t518400_6M_3d_22h_16m_38s_davidmoten.rxjava2-extras-d0315b6=com.github.davidmoten.rx2.buffertofile.FlowableOnBackpressureBufferToFileTest.testCancelObservable_output_1591240600,1591241390,1591240871,519
isolation-runs-surefire-combined,JON_106-iso-more-runs_p2_r100_t518400_6M_3d_22h_16m_38s_davidmoten.rxjava2-extras-d0315b6=com.github.davidmoten.rx2.buffertofile.FlowableOnBackpressureBufferToFileTest.testCancel_output_1591240600,1591241365,1591240871,494
isolation-runs-surefire-combined,JON_106-iso-more-runs_p2_r100_t518400_6M_3d_22h_16m_38s_davidmoten.rxjava2-extras-d0315b6=com.github.davidmoten.rx2.internal.flowable.FlowableServerSocketTest.testLoad_output_1591240600,1591242459,1591240871,1588
isolation-runs-surefire-combined,JON_106-iso-more-runs_p2_r100_t518400_6M_3d_22h_16m_38s_elasticjob.elastic-job-lite-b022898=io.elasticjob.lite.internal.failover.FailoverServiceTest.assertGetLocalFailoverItemsIfShutdown_output_1591240600,1591241393,1591240871,522
isolation-runs-surefire-combined,JON_106-iso-more-runs_p2_r100_t518400_6M_3d_22h_16m_38s_espertechinc.esper-590fa9c=com.espertech.esper.example.rfidassetzone.TestLRMovingSimMain.testSim_output_1591240600,1591241988,1591240837,1151
isolation-runs-surefire-combined,JON_106-iso-more-runs_p2_r100_t518400_6M_3d_22h_16m_38s_feroult.yawp-b3bcf9c=io.yawp.testing.appengine.pipes.flow.FlowDropsTest.testFlowDropsToSameSink_output_1591240600,1591241626,1591240873,753
isolation-runs-surefire-combined,JON_106-iso-more-runs_p2_r100_t518400_6M_3d_22h_16m_38s_flaxsearch.luwak-c27ec08=uk.co.flax.luwak.matchers.TestParallelMatcher.testParallelSlowLog_output_1591240600,1591241297,1591240877,420
isolation-runs-surefire-combined,JON_106-iso-more-runs_p2_r100_t518400_6M_3d_22h_16m_38s_flaxsearch.luwak-c27ec08=uk.co.flax.luwak.matchers.TestPartitionMatcher.testParallelSlowLog_output_1591240600,1591241256,1591240875,381
isolation-runs-surefire-combined,JON_106-iso-more-runs_p2_r100_t518400_6M_3d_22h_16m_38s_fluent.fluent-logger-java-da14ec3=org.fluentd.logger.TestFluentLogger.testClose_output_1591240600,1591241221,1591240887,334
isolation-runs-surefire-combined,JON_106-iso-more-runs_p2_r100_t518400_6M_3d_22h_16m_38s_fluent.fluent-logger-java-da14ec3=org.fluentd.logger.TestFluentLogger.testFlushOnClose_output_1591240600,1591241293,1591240887,406
isolation-runs-surefire-combined,JON_106-iso-more-runs_p2_r100_t518400_6M_3d_22h_16m_38s_fluent.fluent-logger-java-da14ec3=org.fluentd.logger.TestFluentLogger.testInMultiThreading_output_1591240600,1591241597,1591240877,720
isolation-runs-surefire-combined,JON_106-iso-more-runs_p2_r100_t518400_6M_3d_22h_16m_38s_fluent.fluent-logger-java-da14ec3=org.fluentd.logger.TestFluentLogger.testNormal01_output_1591240600,1591241442,1591240889,553
isolation-runs-surefire-combined,JON_106-iso-more-runs_p2_r100_t518400_6M_3d_22h_16m_38s_fluent.fluent-logger-java-da14ec3=org.fluentd.logger.TestFluentLogger.testNormal02_output_1591240600,1591241481,1591240884,597
isolation-runs-surefire-combined,JON_106-iso-more-runs_p2_r100_t518400_6M_3d_22h_16m_38s_fluent.fluent-logger-java-da14ec3=org.fluentd.logger.TestFluentLogger.testReconnection_output_1591240600,1591242052,1591240889,1163
isolation-runs-surefire-combined,JON_106-iso-more-runs_p2_r100_t518400_6M_3d_22h_16m_38s_javadelight.delight-nashorn-sandbox-da35edc=delight.nashornsandbox.TestGetFunction.test_output_1591240600,1591241498,1591240887,611
isolation-runs-surefire-combined,JON_106-iso-more-runs_p2_r100_t518400_6M_3d_22h_16m_38s_javadelight.delight-nashorn-sandbox-da35edc=delight.nashornsandbox.TestIssue34.testIssue34_Scenario1_output_1591240600,1591241476,1591240889,587
isolation-runs-surefire-combined,JON_106-iso-more-runs_p2_r100_t518400_6M_3d_22h_16m_38s_javadelight.delight-nashorn-sandbox-da35edc=delight.nashornsandbox.TestMemoryLimit.test_no_abuse_output_1591240600,1591241448,1591240898,550
isolation-runs-surefire-combined,JON_106-iso-more-runs_p2_r100_t518400_6M_3d_22h_16m_38s_kagkarlsson.db-scheduler-4a8a28e=com.github.kagkarlsson.scheduler.compatibility.HsqlCompatibilityTest.test_compatibility_output_1591240600,1591242277,1591240889,1388
isolation-runs-surefire-combined,JON_106-iso-more-runs_p2_r100_t518400_6M_3d_22h_16m_38s_kagkarlsson.db-scheduler-4a8a28e=com.github.kagkarlsson.scheduler.compatibility.HsqlCompatibilityTest.test_jdbc_repository_compatibility_with_data_output_1591240600,1591241311,1591240898,413
isolation-runs-surefire-combined,JON_106-iso-more-runs_p2_r100_t518400_6M_3d_22h_16m_38s_kagkarlsson.db-scheduler-4a8a28e=com.github.kagkarlsson.scheduler.DeadExecutionsTest.scheduler_should_detect_dead_execution_that_never_updated_heartbeat_output_1591240600,1591241273,1591240892,381
isolation-runs-surefire-combined,JON_106-iso-more-runs_p2_r100_t518400_6M_3d_22h_16m_38s_kagkarlsson.db-scheduler-4a8a28e=com.github.kagkarlsson.scheduler.DeadExecutionsTest.scheduler_should_handle_dead_executions_output_1591240600,1591241325,1591240908,417
isolation-runs-surefire-combined,JON_106-iso-more-runs_p2_r100_t518400_6M_3d_22h_16m_38s_kagkarlsson.db-scheduler-4a8a28e=com.github.kagkarlsson.scheduler.SchedulerClientTest.client_should_be_able_to_fetch_executions_for_task_output_1591240600,1591241275,1591240892,383
isolation-runs-surefire-combined,JON_106-iso-more-runs_p2_r100_t518400_6M_3d_22h_16m_38s_kagkarlsson.db-scheduler-4a8a28e=com.github.kagkarlsson.scheduler.SchedulerClientTest.client_should_be_able_to_schedule_executions_output_1591240600,1591241339,1591240911,428
isolation-runs-surefire-combined,JON_106-iso-more-runs_p2_r100_t518400_6M_3d_22h_16m_38s_kagkarlsson.db-scheduler-4a8a28e=com.github.kagkarlsson.scheduler.SchedulerClientTest.should_be_able_to_schedule_other_executions_from_an_executionhandler_output_1591240600,1591241320,1591240901,419
isolation-runs-surefire-combined,JON_106-iso-more-runs_p2_r100_t518400_6M_3d_22h_16m_38s_kagkarlsson.db-scheduler-4a8a28e=com.github.kagkarlsson.scheduler.WaiterTest.should_wait_until_woken_output_1591240600,1591241260,1591240901,359
isolation-runs-surefire-combined,JON_106-iso-more-runs_p2_r100_t518400_6M_3d_22h_16m_38s_nationalsecurityagency.timely-3a8cbd3=timely.store.iterators.TimeSeriesGroupingIteratorTest.testAdditionalTimeSeries_output_1591240600,1591242163,1591240946,1217
isolation-runs-surefire-combined,JON_106-iso-more-runs_p2_r100_t518400_6M_3d_22h_16m_38s_nationalsecurityagency.timely-3a8cbd3=timely.store.iterators.TimeSeriesGroupingIteratorTest.testManySparseTimeSeries_output_1591240600,1591242197,1591240932,1265
isolation-runs-surefire-combined,JON_106-iso-more-runs_p2_r100_t518400_6M_3d_22h_16m_38s_nationalsecurityagency.timely-3a8cbd3=timely.store.iterators.TimeSeriesGroupingIteratorTest.testMultipleTimeSeriesMovingAverage_output_1591240600,1591242216,1591240920,1296
isolation-runs-surefire-combined,JON_106-iso-more-runs_p2_r100_t518400_6M_3d_22h_16m_38s_nationalsecurityagency.timely-3a8cbd3=timely.store.iterators.TimeSeriesGroupingIteratorTest.testTimeSeriesDropOff_output_1591240600,1591242223,1591240914,1309
isolation-runs-surefire-combined,JON_106-iso-more-runs_p2_r100_t518400_6M_3d_22h_16m_38s_oracle.oci-java-sdk-2e9982f=com.oracle.bmc.objectstorage.transfer.ProgressTrackerTest.singleUploadProgressTrackerFactory_resetProgressTracker_output_1591240600,1591241717,1591240951,766
isolation-runs-surefire-combined,JON_106-iso-more-runs_p2_r100_t518400_6M_3d_22h_19m_38s_alibaba.fastjson-e05e9c5=com.alibaba.json.bvt.issue_1200.Issue1298.test_for_issue_1_output_1591240779,1591241464,1591241000,464
isolation-runs-surefire-combined,JON_106-iso-more-runs_p2_r100_t518400_6M_3d_22h_19m_38s_alibaba.fastjson-e05e9c5=com.alibaba.json.bvt.issue_1200.Issue1298.test_for_issue_output_1591240779,1591241503,1591241015,488
isolation-runs-surefire-combined,JON_106-iso-more-runs_p2_r100_t518400_6M_3d_22h_19m_38s_alibaba.fastjson-e05e9c5=com.alibaba.json.bvt.parser.DefaultExtJSONParser_parseArray.test_7_output_1591240779,1591241470,1591240999,471
isolation-runs-surefire-combined,JON_106-iso-more-runs_p2_r100_t518400_6M_3d_22h_19m_38s_alibaba.fastjson-e05e9c5=com.alibaba.json.bvt.parser.DefaultExtJSONParser_parseArray.test_8_output_1591240779,1591241510,1591241018,492
isolation-runs-surefire-combined,JON_106-iso-more-runs_p2_r100_t518400_6M_3d_22h_19m_38s_alibaba.fastjson-e05e9c5=com.alibaba.json.bvt.serializer.ConcurrentHashMapTest5.test_concurrentHashmap_output_1591240779,1591241455,1591241018,437
isolation-runs-surefire-combined,JON_106-iso-more-runs_p2_r100_t518400_6M_3d_22h_19m_38s_alibaba.fastjson-e05e9c5=com.alibaba.json.bvt.serializer.ConcurrentHashMapTest6.test_concurrentHashmap_output_1591240779,1591241478,1591241006,472
isolation-runs-surefire-combined,JON_106-iso-more-runs_p2_r100_t518400_6M_3d_22h_19m_38s_apache.incubator-dubbo-737f7a7=org.apache.dubbo.remoting.exchange.support.header.HeartbeatHandlerTest.testHeartbeat_output_1591240779,1591242951,1591241024,1927
isolation-runs-surefire-combined,JON_106-iso-more-runs_p2_r100_t518400_6M_3d_22h_19m_38s_apache.incubator-dubbo-737f7a7=org.apache.dubbo.remoting.transport.netty.ClientReconnectTest.testReconnectWarnLog_output_1591240779,1591242006,1591241021,985
isolation-runs-surefire-combined,JON_106-iso-more-runs_p2_r100_t518400_6M_3d_22h_19m_38s_apache.incubator-dubbo-737f7a7=org.apache.dubbo.remoting.transport.netty.ThreadNameTest.testThreadName_output_1591240779,1591242376,1591241018,1358
isolation-runs-surefire-combined,JON_106-iso-more-runs_p2_r100_t518400_6M_3d_22h_19m_38s_apache.incubator-dubbo-737f7a7=org.apache.dubbo.rpc.protocol.dubbo.ExplicitCallbackTest.TestCallbackMultiInstans_output_1591240779,1591242161,1591241039,1122
isolation-runs-surefire-combined,JON_106-iso-more-runs_p2_r100_t518400_6M_3d_22h_19m_38s_apache.incubator-dubbo-737f7a7=org.apache.dubbo.rpc.protocol.dubbo.telnet.ChangeTelnetHandlerTest.testChangePath_output_1591240779,1591241986,1591241041,945
isolation-runs-surefire-combined,JON_106-iso-more-runs_p2_r100_t518400_6M_3d_22h_19m_38s_apache.incubator-dubbo-737f7a7=org.apache.dubbo.rpc.protocol.dubbo.telnet.InvokerTelnetHandlerTest.testInvokeAutoFindMethod_output_1591240779,1591241931,1591241035,896
isolation-runs-surefire-combined,JON_106-iso-more-runs_p2_r100_t518400_6M_3d_22h_19m_38s_apache.incubator-dubbo-737f7a7=org.apache.dubbo.rpc.protocol.dubbo.telnet.InvokerTelnetHandlerTest.testInvokeByPassingNullValue_output_1591240779,1591241992,1591241029,963
isolation-runs-surefire-combined,JON_106-iso-more-runs_p2_r100_t518400_6M_3d_22h_19m_38s_apache.incubator-dubbo-737f7a7=org.apache.dubbo.rpc.protocol.dubbo.telnet.InvokerTelnetHandlerTest.testInvokeDefaultSService_output_1591240779,1591241880,1591241029,851
isolation-runs-surefire-combined,JON_106-iso-more-runs_p2_r100_t518400_6M_3d_22h_19m_38s_apache.incubator-dubbo-737f7a7=org.apache.dubbo.rpc.protocol.dubbo.telnet.ListTelnetHandlerTest.testList_output_1591240779,1591241959,1591240999,960
isolation-runs-surefire-combined,JON_106-iso-more-runs_p2_r100_t518400_6M_3d_22h_19m_38s_apache.incubator-dubbo-737f7a7=org.apache.dubbo.rpc.protocol.dubbo.telnet.ListTelnetHandlerTest.testListService_output_1591240779,1591241960,1591241032,928
isolation-runs-surefire-combined,JON_106-iso-more-runs_p2_r100_t518400_6M_3d_22h_19m_38s_apache.incubator-dubbo-737f7a7=org.apache.dubbo.rpc.protocol.dubbo.telnet.PortTelnetHandlerTest.testListAllPort_output_1591240779,1591241984,1591241038,946
isolation-runs-surefire-combined,JON_106-iso-more-runs_p2_r100_t518400_6M_3d_22h_19m_38s_apache.incubator-dubbo-737f7a7=org.apache.dubbo.rpc.protocol.dubbo.telnet.PortTelnetHandlerTest.testListDetail_output_1591240779,1591241931,1591241027,904
isolation-runs-surefire-combined,JON_106-iso-more-runs_p2_r100_t518400_6M_3d_22h_19m_38s_c2mon.c2mon-d80687b=cern.c2mon.daq.filter.dynamic.DiffMovingAverageTest.testAverage_output_1591240779,1591241424,1591241041,383
isolation-runs-surefire-combined,JON_106-iso-more-runs_p2_r100_t518400_6M_3d_22h_19m_38s_c2mon.c2mon-d80687b=cern.c2mon.server.common.republisher.RepublisherImplTest.testMultipleExceptions_output_1591240779,1591241543,1591241041,502
isolation-runs-surefire-combined,JON_106-iso-more-runs_p2_r100_t518400_6M_3d_22h_19m_38s_c2mon.c2mon-d80687b=cern.c2mon.server.common.republisher.RepublisherImplTest.testMultiplePublicationsWithExceptions_output_1591240779,1591241519,1591241041,478
isolation-runs-surefire-combined,JON_106-iso-more-runs_p2_r100_t518400_6M_3d_22h_19m_38s_codingchili.excelastic-6bb7884=com.codingchili.TestWriter.shouldWriteToElasticPort_output_1591240779,1591241644,1591241047,597
isolation-runs-surefire-combined,JON_106-iso-more-runs_p2_r100_t518400_6M_3d_22h_19m_38s_davidmoten.rxjava2-extras-d0315b6=com.github.davidmoten.rx2.buffertofile.FlowableOnBackpressureBufferToFileTest.testCancelObservable_output_1591240779,1591241608,1591241012,596
isolation-runs-surefire-combined,JON_106-iso-more-runs_p2_r100_t518400_6M_3d_22h_19m_38s_looly.hutool-91565d0=cn.hutool.cron.test.CronTest.matchAllTest_output_1591240779,1591241455,1591241071,384
isolation-runs-surefire-combined,JON_106-iso-more-runs_p2_r100_t518400_6M_3d_22h_19m_38s_davidmoten.rxjava2-extras-d0315b6=com.github.davidmoten.rx2.buffertofile.FlowableOnBackpressureBufferToFileTest.testCancel_output_1591240779,1591241585,1591241047,538
isolation-runs-surefire-combined,JON_106-iso-more-runs_p2_r100_t518400_6M_3d_22h_19m_38s_davidmoten.rxjava2-extras-d0315b6=com.github.davidmoten.rx2.internal.flowable.FlowableServerSocketTest.testLoad_output_1591240779,1591242729,1591241044,1685
isolation-runs-surefire-combined,JON_106-iso-more-runs_p2_r100_t518400_6M_3d_22h_19m_38s_elasticjob.elastic-job-lite-b022898=io.elasticjob.lite.internal.failover.FailoverServiceTest.assertGetLocalFailoverItemsIfShutdown_output_1591240779,1591241596,1591241044,552
isolation-runs-surefire-combined,JON_106-iso-more-runs_p2_r100_t518400_6M_3d_22h_19m_38s_espertechinc.esper-590fa9c=com.espertech.esper.example.rfidassetzone.TestLRMovingSimMain.testSim_output_1591240779,1591242253,1591241048,1205
isolation-runs-surefire-combined,JON_106-iso-more-runs_p2_r100_t518400_6M_3d_22h_19m_38s_feroult.yawp-b3bcf9c=io.yawp.testing.appengine.pipes.flow.FlowDropsTest.testFlowDropsToSameSink_output_1591240779,1591241807,1591241044,763
isolation-runs-surefire-combined,JON_106-iso-more-runs_p2_r100_t518400_6M_3d_22h_19m_38s_flaxsearch.luwak-c27ec08=uk.co.flax.luwak.matchers.TestParallelMatcher.testParallelSlowLog_output_1591240779,1591241472,1591241057,415
isolation-runs-surefire-combined,JON_106-iso-more-runs_p2_r100_t518400_6M_3d_22h_19m_38s_flaxsearch.luwak-c27ec08=uk.co.flax.luwak.matchers.TestPartitionMatcher.testParallelSlowLog_output_1591240779,1591241488,1591241047,441
isolation-runs-surefire-combined,JON_106-iso-more-runs_p2_r100_t518400_6M_3d_22h_19m_38s_fluent.fluent-logger-java-da14ec3=org.fluentd.logger.TestFluentLogger.testClose_output_1591240779,1591241377,1591241051,326
isolation-runs-surefire-combined,JON_106-iso-more-runs_p2_r100_t518400_6M_3d_22h_19m_38s_fluent.fluent-logger-java-da14ec3=org.fluentd.logger.TestFluentLogger.testFlushOnClose_output_1591240779,1591241442,1591241057,385
isolation-runs-surefire-combined,JON_106-iso-more-runs_p2_r100_t518400_6M_3d_22h_19m_38s_fluent.fluent-logger-java-da14ec3=org.fluentd.logger.TestFluentLogger.testInMultiThreading_output_1591240779,1591241800,1591241048,752
isolation-runs-surefire-combined,JON_106-iso-more-runs_p2_r100_t518400_6M_3d_22h_19m_38s_fluent.fluent-logger-java-da14ec3=org.fluentd.logger.TestFluentLogger.testNormal01_output_1591240779,1591241615,1591241048,567
isolation-runs-surefire-combined,JON_106-iso-more-runs_p2_r100_t518400_6M_3d_22h_19m_38s_fluent.fluent-logger-java-da14ec3=org.fluentd.logger.TestFluentLogger.testNormal02_output_1591240779,1591241621,1591241054,567
isolation-runs-surefire-combined,JON_106-iso-more-runs_p2_r100_t518400_6M_3d_22h_19m_38s_fluent.fluent-logger-java-da14ec3=org.fluentd.logger.TestFluentLogger.testReconnection_output_1591240779,1591242218,1591241051,1167
isolation-runs-surefire-combined,JON_106-iso-more-runs_p2_r100_t518400_6M_3d_22h_19m_38s_javadelight.delight-nashorn-sandbox-da35edc=delight.nashornsandbox.TestGetFunction.test_output_1591240779,1591241668,1591241057,611
isolation-runs-surefire-combined,JON_106-iso-more-runs_p2_r100_t518400_6M_3d_22h_19m_38s_javadelight.delight-nashorn-sandbox-da35edc=delight.nashornsandbox.TestIssue34.testIssue34_Scenario1_output_1591240779,1591241715,1591241068,647
isolation-runs-surefire-combined,JON_106-iso-more-runs_p2_r100_t518400_6M_3d_22h_19m_38s_javadelight.delight-nashorn-sandbox-da35edc=delight.nashornsandbox.TestMemoryLimit.test_no_abuse_output_1591240779,1591241652,1591241051,601
isolation-runs-surefire-combined,JON_106-iso-more-runs_p2_r100_t518400_6M_3d_22h_19m_38s_kagkarlsson.db-scheduler-4a8a28e=com.github.kagkarlsson.scheduler.compatibility.HsqlCompatibilityTest.test_compatibility_output_1591240779,1591242530,1591241060,1470
isolation-runs-surefire-combined,JON_106-iso-more-runs_p2_r100_t518400_6M_3d_22h_19m_38s_kagkarlsson.db-scheduler-4a8a28e=com.github.kagkarlsson.scheduler.compatibility.HsqlCompatibilityTest.test_jdbc_repository_compatibility_with_data_output_1591240779,1591241508,1591241080,428
isolation-runs-surefire-combined,JON_106-iso-more-runs_p2_r100_t518400_6M_3d_22h_19m_38s_kagkarlsson.db-scheduler-4a8a28e=com.github.kagkarlsson.scheduler.DeadExecutionsTest.scheduler_should_detect_dead_execution_that_never_updated_heartbeat_output_1591240779,1591241477,1591241057,420
isolation-runs-surefire-combined,JON_106-iso-more-runs_p2_r100_t518400_6M_3d_22h_19m_38s_kagkarlsson.db-scheduler-4a8a28e=com.github.kagkarlsson.scheduler.DeadExecutionsTest.scheduler_should_handle_dead_executions_output_1591240779,1591241447,1591241057,390
isolation-runs-surefire-combined,JON_106-iso-more-runs_p2_r100_t518400_6M_3d_22h_19m_38s_kagkarlsson.db-scheduler-4a8a28e=com.github.kagkarlsson.scheduler.SchedulerClientTest.client_should_be_able_to_fetch_executions_for_task_output_1591240779,1591241484,1591241068,416
isolation-runs-surefire-combined,JON_106-iso-more-runs_p2_r100_t518400_6M_3d_22h_19m_38s_kagkarlsson.db-scheduler-4a8a28e=com.github.kagkarlsson.scheduler.SchedulerClientTest.client_should_be_able_to_schedule_executions_output_1591240779,1591241392,1591241012,380
isolation-runs-surefire-combined,JON_106-iso-more-runs_p2_r100_t518400_6M_3d_22h_19m_38s_kagkarlsson.db-scheduler-4a8a28e=com.github.kagkarlsson.scheduler.SchedulerClientTest.should_be_able_to_schedule_other_executions_from_an_executionhandler_output_1591240779,1591241461,1591241057,404
isolation-runs-surefire-combined,JON_106-iso-more-runs_p2_r100_t518400_6M_3d_22h_19m_38s_kagkarlsson.db-scheduler-4a8a28e=com.github.kagkarlsson.scheduler.WaiterTest.should_wait_until_woken_output_1591240779,1591241503,1591241086,417
isolation-runs-surefire-combined,JON_106-iso-more-runs_p2_r100_t518400_6M_3d_22h_19m_38s_nationalsecurityagency.timely-3a8cbd3=timely.store.iterators.TimeSeriesGroupingIteratorTest.testAdditionalTimeSeries_output_1591240779,1591242321,1591241080,1241
isolation-runs-surefire-combined,JON_106-iso-more-runs_p2_r100_t518400_6M_3d_22h_19m_38s_nationalsecurityagency.timely-3a8cbd3=timely.store.iterators.TimeSeriesGroupingIteratorTest.testManySparseTimeSeries_output_1591240779,1591242425,1591241077,1348
isolation-runs-surefire-combined,JON_106-iso-more-runs_p2_r100_t518400_6M_3d_22h_19m_38s_nationalsecurityagency.timely-3a8cbd3=timely.store.iterators.TimeSeriesGroupingIteratorTest.testMultipleTimeSeriesMovingAverage_output_1591240779,1591242204,1591241077,1127
isolation-runs-surefire-combined,JON_106-iso-more-runs_p2_r100_t518400_6M_3d_22h_19m_38s_nationalsecurityagency.timely-3a8cbd3=timely.store.iterators.TimeSeriesGroupingIteratorTest.testTimeSeriesDropOff_output_1591240779,1591242222,1591241092,1130
isolation-runs-surefire-combined,JON_106-iso-more-runs_p2_r100_t518400_6M_3d_22h_19m_38s_oracle.oci-java-sdk-2e9982f=com.oracle.bmc.objectstorage.transfer.ProgressTrackerTest.singleUploadProgressTrackerFactory_resetProgressTracker_output_1591240779,1591241712,1591241082,630
isolation-runs-surefire-combined,JON_106-iso-more-runs_p2_r100_t518400_6M_3d_22h_1m_38s_alibaba.fastjson-e05e9c5=com.alibaba.json.bvt.issue_1200.Issue1298.test_for_issue_1_output_1591239699,1591240373,1591239951,422
isolation-runs-surefire-combined,JON_106-iso-more-runs_p2_r100_t518400_6M_3d_22h_1m_38s_alibaba.fastjson-e05e9c5=com.alibaba.json.bvt.issue_1200.Issue1298.test_for_issue_output_1591239699,1591240287,1591239957,330
isolation-runs-surefire-combined,JON_106-iso-more-runs_p2_r100_t518400_6M_3d_22h_1m_38s_alibaba.fastjson-e05e9c5=com.alibaba.json.bvt.parser.DefaultExtJSONParser_parseArray.test_7_output_1591239699,1591240285,1591239946,339
isolation-runs-surefire-combined,JON_106-iso-more-runs_p2_r100_t518400_6M_3d_22h_1m_38s_alibaba.fastjson-e05e9c5=com.alibaba.json.bvt.parser.DefaultExtJSONParser_parseArray.test_8_output_1591239699,1591240285,1591239948,337
isolation-runs-surefire-combined,JON_106-iso-more-runs_p2_r100_t518400_6M_3d_22h_1m_38s_alibaba.fastjson-e05e9c5=com.alibaba.json.bvt.serializer.ConcurrentHashMapTest5.test_concurrentHashmap_output_1591239699,1591240458,1591239954,504
isolation-runs-surefire-combined,JON_106-iso-more-runs_p2_r100_t518400_6M_3d_22h_1m_38s_alibaba.fastjson-e05e9c5=com.alibaba.json.bvt.serializer.ConcurrentHashMapTest6.test_concurrentHashmap_output_1591239699,1591240341,1591239948,393
isolation-runs-surefire-combined,JON_106-iso-more-runs_p2_r100_t518400_6M_3d_22h_1m_38s_apache.incubator-dubbo-737f7a7=org.apache.dubbo.remoting.exchange.support.header.HeartbeatHandlerTest.testHeartbeat_output_1591239699,1591241587,1591239960,1627
isolation-runs-surefire-combined,JON_106-iso-more-runs_p2_r100_t518400_6M_3d_22h_1m_38s_apache.incubator-dubbo-737f7a7=org.apache.dubbo.remoting.transport.netty.ClientReconnectTest.testReconnectWarnLog_output_1591239699,1591240885,1591239981,904
isolation-runs-surefire-combined,JON_106-iso-more-runs_p2_r100_t518400_6M_3d_22h_1m_38s_apache.incubator-dubbo-737f7a7=org.apache.dubbo.remoting.transport.netty.ThreadNameTest.testThreadName_output_1591239699,1591241089,1591239957,1132
isolation-runs-surefire-combined,JON_106-iso-more-runs_p2_r100_t518400_6M_3d_22h_1m_38s_apache.incubator-dubbo-737f7a7=org.apache.dubbo.rpc.protocol.dubbo.ExplicitCallbackTest.TestCallbackMultiInstans_output_1591239699,1591240926,1591240002,924
isolation-runs-surefire-combined,JON_106-iso-more-runs_p2_r100_t518400_6M_3d_22h_1m_38s_apache.incubator-dubbo-737f7a7=org.apache.dubbo.rpc.protocol.dubbo.telnet.ChangeTelnetHandlerTest.testChangePath_output_1591239699,1591240772,1591239996,776
isolation-runs-surefire-combined,JON_106-iso-more-runs_p2_r100_t518400_6M_3d_22h_1m_38s_apache.incubator-dubbo-737f7a7=org.apache.dubbo.rpc.protocol.dubbo.telnet.InvokerTelnetHandlerTest.testInvokeAutoFindMethod_output_1591239699,1591241147,1591239996,1151
isolation-runs-surefire-combined,JON_106-iso-more-runs_p2_r100_t518400_6M_3d_22h_1m_38s_apache.incubator-dubbo-737f7a7=org.apache.dubbo.rpc.protocol.dubbo.telnet.InvokerTelnetHandlerTest.testInvokeByPassingNullValue_output_1591239699,1591240751,1591239968,783
isolation-runs-surefire-combined,JON_106-iso-more-runs_p2_r100_t518400_6M_3d_22h_1m_38s_apache.incubator-dubbo-737f7a7=org.apache.dubbo.rpc.protocol.dubbo.telnet.InvokerTelnetHandlerTest.testInvokeDefaultSService_output_1591239699,1591240735,1591239999,736
isolation-runs-surefire-combined,JON_106-iso-more-runs_p2_r100_t518400_6M_3d_22h_1m_38s_apache.incubator-dubbo-737f7a7=org.apache.dubbo.rpc.protocol.dubbo.telnet.ListTelnetHandlerTest.testList_output_1591239699,1591240853,1591239999,854
isolation-runs-surefire-combined,JON_106-iso-more-runs_p2_r100_t518400_6M_3d_22h_1m_38s_apache.incubator-dubbo-737f7a7=org.apache.dubbo.rpc.protocol.dubbo.telnet.ListTelnetHandlerTest.testListService_output_1591239699,1591240943,1591239969,974
isolation-runs-surefire-combined,JON_106-iso-more-runs_p2_r100_t518400_6M_3d_22h_1m_38s_apache.incubator-dubbo-737f7a7=org.apache.dubbo.rpc.protocol.dubbo.telnet.PortTelnetHandlerTest.testListAllPort_output_1591239699,1591240799,1591240002,797
isolation-runs-surefire-combined,JON_106-iso-more-runs_p2_r100_t518400_6M_3d_22h_1m_38s_apache.incubator-dubbo-737f7a7=org.apache.dubbo.rpc.protocol.dubbo.telnet.PortTelnetHandlerTest.testListDetail_output_1591239699,1591240965,1591239987,978
isolation-runs-surefire-combined,JON_106-iso-more-runs_p2_r100_t518400_6M_3d_22h_1m_38s_c2mon.c2mon-d80687b=cern.c2mon.daq.filter.dynamic.DiffMovingAverageTest.testAverage_output_1591239699,1591240370,1591240002,368
isolation-runs-surefire-combined,JON_106-iso-more-runs_p2_r100_t518400_6M_3d_22h_1m_38s_c2mon.c2mon-d80687b=cern.c2mon.server.common.republisher.RepublisherImplTest.testMultipleExceptions_output_1591239699,1591240346,1591239951,395
isolation-runs-surefire-combined,JON_106-iso-more-runs_p2_r100_t518400_6M_3d_22h_1m_38s_c2mon.c2mon-d80687b=cern.c2mon.server.common.republisher.RepublisherImplTest.testMultiplePublicationsWithExceptions_output_1591239699,1591240385,1591239999,386
isolation-runs-surefire-combined,JON_106-iso-more-runs_p2_r100_t518400_6M_3d_22h_1m_38s_codingchili.excelastic-6bb7884=com.codingchili.TestWriter.shouldWriteToElasticPort_output_1591239699,1591240554,1591239999,555
isolation-runs-surefire-combined,JON_106-iso-more-runs_p2_r100_t518400_6M_3d_22h_1m_38s_davidmoten.rxjava2-extras-d0315b6=com.github.davidmoten.rx2.buffertofile.FlowableOnBackpressureBufferToFileTest.testCancelObservable_output_1591239699,1591240522,1591240011,511
isolation-runs-surefire-combined,JON_106-iso-more-runs_p2_r100_t518400_6M_3d_22h_1m_38s_davidmoten.rxjava2-extras-d0315b6=com.github.davidmoten.rx2.buffertofile.FlowableOnBackpressureBufferToFileTest.testCancel_output_1591239699,1591240534,1591240002,532
isolation-runs-surefire-combined,JON_106-iso-more-runs_p2_r100_t518400_6M_3d_22h_1m_38s_davidmoten.rxjava2-extras-d0315b6=com.github.davidmoten.rx2.internal.flowable.FlowableServerSocketTest.testLoad_output_1591239699,1591241448,1591240005,1443
isolation-runs-surefire-combined,JON_106-iso-more-runs_p2_r100_t518400_6M_3d_22h_1m_38s_elasticjob.elastic-job-lite-b022898=io.elasticjob.lite.internal.failover.FailoverServiceTest.assertGetLocalFailoverItemsIfShutdown_output_1591239699,1591240486,1591240013,473
isolation-runs-surefire-combined,JON_106-iso-more-runs_p2_r100_t518400_6M_3d_22h_1m_38s_espertechinc.esper-590fa9c=com.espertech.esper.example.rfidassetzone.TestLRMovingSimMain.testSim_output_1591239699,1591241058,1591240013,1045
isolation-runs-surefire-combined,JON_106-iso-more-runs_p2_r100_t518400_6M_3d_22h_1m_38s_feroult.yawp-b3bcf9c=io.yawp.testing.appengine.pipes.flow.FlowDropsTest.testFlowDropsToSameSink_output_1591239699,1591240626,1591240013,613
isolation-runs-surefire-combined,JON_106-iso-more-runs_p2_r100_t518400_6M_3d_22h_1m_38s_flaxsearch.luwak-c27ec08=uk.co.flax.luwak.matchers.TestParallelMatcher.testParallelSlowLog_output_1591239699,1591240361,1591240013,348
isolation-runs-surefire-combined,JON_106-iso-more-runs_p2_r100_t518400_6M_3d_22h_1m_38s_flaxsearch.luwak-c27ec08=uk.co.flax.luwak.matchers.TestPartitionMatcher.testParallelSlowLog_output_1591239699,1591240409,1591240011,398
isolation-runs-surefire-combined,JON_106-iso-more-runs_p2_r100_t518400_6M_3d_22h_1m_38s_fluent.fluent-logger-java-da14ec3=org.fluentd.logger.TestFluentLogger.testClose_output_1591239699,1591240292,1591240016,276
isolation-runs-surefire-combined,JON_106-iso-more-runs_p2_r100_t518400_6M_3d_22h_1m_38s_fluent.fluent-logger-java-da14ec3=org.fluentd.logger.TestFluentLogger.testFlushOnClose_output_1591239699,1591240361,1591240038,323
isolation-runs-surefire-combined,JON_106-iso-more-runs_p2_r100_t518400_6M_3d_22h_1m_38s_fluent.fluent-logger-java-da14ec3=org.fluentd.logger.TestFluentLogger.testInMultiThreading_output_1591239699,1591240728,1591240017,711
isolation-runs-surefire-combined,JON_106-iso-more-runs_p2_r100_t518400_6M_3d_22h_1m_38s_fluent.fluent-logger-java-da14ec3=org.fluentd.logger.TestFluentLogger.testNormal01_output_1591239699,1591240519,1591240026,493
isolation-runs-surefire-combined,JON_106-iso-more-runs_p2_r100_t518400_6M_3d_22h_1m_38s_fluent.fluent-logger-java-da14ec3=org.fluentd.logger.TestFluentLogger.testNormal02_output_1591239699,1591240522,1591240020,502
isolation-runs-surefire-combined,JON_106-iso-more-runs_p2_r100_t518400_6M_3d_22h_1m_38s_fluent.fluent-logger-java-da14ec3=org.fluentd.logger.TestFluentLogger.testReconnection_output_1591239699,1591241114,1591240023,1091
isolation-runs-surefire-combined,JON_106-iso-more-runs_p2_r100_t518400_6M_3d_22h_1m_38s_javadelight.delight-nashorn-sandbox-da35edc=delight.nashornsandbox.TestGetFunction.test_output_1591239699,1591240514,1591240029,485
isolation-runs-surefire-combined,JON_106-iso-more-runs_p2_r100_t518400_6M_3d_22h_1m_38s_javadelight.delight-nashorn-sandbox-da35edc=delight.nashornsandbox.TestIssue34.testIssue34_Scenario1_output_1591239699,1591240574,1591240038,536
isolation-runs-surefire-combined,JON_106-iso-more-runs_p2_r100_t518400_6M_3d_22h_1m_38s_javadelight.delight-nashorn-sandbox-da35edc=delight.nashornsandbox.TestMemoryLimit.test_no_abuse_output_1591239699,1591240577,1591240020,557
isolation-runs-surefire-combined,JON_106-iso-more-runs_p2_r100_t518400_6M_3d_22h_1m_38s_kagkarlsson.db-scheduler-4a8a28e=com.github.kagkarlsson.scheduler.compatibility.HsqlCompatibilityTest.test_compatibility_output_1591239699,1591241413,1591240029,1384
isolation-runs-surefire-combined,JON_106-iso-more-runs_p2_r100_t518400_6M_3d_22h_1m_38s_kagkarlsson.db-scheduler-4a8a28e=com.github.kagkarlsson.scheduler.compatibility.HsqlCompatibilityTest.test_jdbc_repository_compatibility_with_data_output_1591239699,1591240378,1591240038,340
isolation-runs-surefire-combined,JON_106-iso-more-runs_p2_r100_t518400_6M_3d_22h_1m_38s_kagkarlsson.db-scheduler-4a8a28e=com.github.kagkarlsson.scheduler.DeadExecutionsTest.scheduler_should_detect_dead_execution_that_never_updated_heartbeat_output_1591239699,1591240413,1591240026,387
isolation-runs-surefire-combined,JON_106-iso-more-runs_p2_r100_t518400_6M_3d_22h_1m_38s_kagkarlsson.db-scheduler-4a8a28e=com.github.kagkarlsson.scheduler.DeadExecutionsTest.scheduler_should_handle_dead_executions_output_1591239699,1591240408,1591240038,370
isolation-runs-surefire-combined,JON_106-iso-more-runs_p2_r100_t518400_6M_3d_22h_1m_38s_kagkarlsson.db-scheduler-4a8a28e=com.github.kagkarlsson.scheduler.SchedulerClientTest.client_should_be_able_to_fetch_executions_for_task_output_1591239699,1591240371,1591240043,328
isolation-runs-surefire-combined,JON_106-iso-more-runs_p2_r100_t518400_6M_3d_22h_1m_38s_kagkarlsson.db-scheduler-4a8a28e=com.github.kagkarlsson.scheduler.SchedulerClientTest.client_should_be_able_to_schedule_executions_output_1591239699,1591240413,1591240041,372
isolation-runs-surefire-combined,JON_106-iso-more-runs_p2_r100_t518400_6M_3d_22h_1m_38s_kagkarlsson.db-scheduler-4a8a28e=com.github.kagkarlsson.scheduler.SchedulerClientTest.should_be_able_to_schedule_other_executions_from_an_executionhandler_output_1591239699,1591240413,1591240032,381
isolation-runs-surefire-combined,JON_106-iso-more-runs_p2_r100_t518400_6M_3d_22h_1m_38s_kagkarlsson.db-scheduler-4a8a28e=com.github.kagkarlsson.scheduler.WaiterTest.should_wait_until_woken_output_1591239699,1591240337,1591240032,305
isolation-runs-surefire-combined,JON_106-iso-more-runs_p2_r100_t518400_6M_3d_22h_1m_38s_looly.hutool-91565d0=cn.hutool.cron.test.CronTest.matchAllTest_output_1591239699,1591240422,1591240043,379
isolation-runs-surefire-combined,JON_106-iso-more-runs_p2_r100_t518400_6M_3d_22h_1m_38s_nationalsecurityagency.timely-3a8cbd3=timely.store.iterators.TimeSeriesGroupingIteratorTest.testAdditionalTimeSeries_output_1591239699,1591240888,1591239954,934
isolation-runs-surefire-combined,JON_106-iso-more-runs_p2_r100_t518400_6M_3d_22h_1m_38s_nationalsecurityagency.timely-3a8cbd3=timely.store.iterators.TimeSeriesGroupingIteratorTest.testManySparseTimeSeries_output_1591239699,1591240968,1591240046,922
isolation-runs-surefire-combined,JON_106-iso-more-runs_p2_r100_t518400_6M_3d_22h_1m_38s_nationalsecurityagency.timely-3a8cbd3=timely.store.iterators.TimeSeriesGroupingIteratorTest.testMultipleTimeSeriesMovingAverage_output_1591239699,1591241066,1591240029,1037
isolation-runs-surefire-combined,JON_106-iso-more-runs_p2_r100_t518400_6M_3d_22h_1m_38s_nationalsecurityagency.timely-3a8cbd3=timely.store.iterators.TimeSeriesGroupingIteratorTest.testTimeSeriesDropOff_output_1591239699,1591241072,1591240032,1040
isolation-runs-surefire-combined,JON_106-iso-more-runs_p2_r100_t518400_6M_3d_22h_1m_38s_oracle.oci-java-sdk-2e9982f=com.oracle.bmc.objectstorage.transfer.ProgressTrackerTest.singleUploadProgressTrackerFactory_resetProgressTracker_output_1591239699,1591240532,1591240046,486
isolation-runs-surefire-combined,JON_106-iso-more-runs_p2_r100_t518400_6M_3d_22h_22m_38s_alibaba.fastjson-e05e9c5=com.alibaba.json.bvt.issue_1200.Issue1298.test_for_issue_1_output_1591240960,1591241647,1591241261,386
isolation-runs-surefire-combined,JON_106-iso-more-runs_p2_r100_t518400_6M_3d_22h_22m_38s_alibaba.fastjson-e05e9c5=com.alibaba.json.bvt.issue_1200.Issue1298.test_for_issue_output_1591240960,1591241686,1591241264,422
isolation-runs-surefire-combined,JON_106-iso-more-runs_p2_r100_t518400_6M_3d_22h_22m_38s_alibaba.fastjson-e05e9c5=com.alibaba.json.bvt.parser.DefaultExtJSONParser_parseArray.test_7_output_1591240960,1591241675,1591241178,497
isolation-runs-surefire-combined,JON_106-iso-more-runs_p2_r100_t518400_6M_3d_22h_22m_38s_alibaba.fastjson-e05e9c5=com.alibaba.json.bvt.parser.DefaultExtJSONParser_parseArray.test_8_output_1591240960,1591241637,1591241193,444
isolation-runs-surefire-combined,JON_106-iso-more-runs_p2_r100_t518400_6M_3d_22h_22m_38s_alibaba.fastjson-e05e9c5=com.alibaba.json.bvt.serializer.ConcurrentHashMapTest5.test_concurrentHashmap_output_1591240960,1591241695,1591241208,487
isolation-runs-surefire-combined,JON_106-iso-more-runs_p2_r100_t518400_6M_3d_22h_22m_38s_alibaba.fastjson-e05e9c5=com.alibaba.json.bvt.serializer.ConcurrentHashMapTest6.test_concurrentHashmap_output_1591240960,1591241652,1591241185,467
isolation-runs-surefire-combined,JON_106-iso-more-runs_p2_r100_t518400_6M_3d_22h_22m_38s_apache.incubator-dubbo-737f7a7=org.apache.dubbo.remoting.exchange.support.header.HeartbeatHandlerTest.testHeartbeat_output_1591240960,1591243004,1591241268,1736
isolation-runs-surefire-combined,JON_106-iso-more-runs_p2_r100_t518400_6M_3d_22h_22m_38s_apache.incubator-dubbo-737f7a7=org.apache.dubbo.remoting.transport.netty.ClientReconnectTest.testReconnectWarnLog_output_1591240960,1591242232,1591241268,964
isolation-runs-surefire-combined,JON_106-iso-more-runs_p2_r100_t518400_6M_3d_22h_22m_38s_apache.incubator-dubbo-737f7a7=org.apache.dubbo.remoting.transport.netty.ThreadNameTest.testThreadName_output_1591240960,1591242548,1591241264,1284
isolation-runs-surefire-combined,JON_106-iso-more-runs_p2_r100_t518400_6M_3d_22h_22m_38s_apache.incubator-dubbo-737f7a7=org.apache.dubbo.rpc.protocol.dubbo.ExplicitCallbackTest.TestCallbackMultiInstans_output_1591240960,1591242316,1591241300,1016
isolation-runs-surefire-combined,JON_106-iso-more-runs_p2_r100_t518400_6M_3d_22h_22m_38s_apache.incubator-dubbo-737f7a7=org.apache.dubbo.rpc.protocol.dubbo.telnet.ChangeTelnetHandlerTest.testChangePath_output_1591240960,1591242179,1591241274,905
isolation-runs-surefire-combined,JON_106-iso-more-runs_p2_r100_t518400_6M_3d_22h_22m_38s_apache.incubator-dubbo-737f7a7=org.apache.dubbo.rpc.protocol.dubbo.telnet.InvokerTelnetHandlerTest.testInvokeAutoFindMethod_output_1591240960,1591242117,1591241274,843
isolation-runs-surefire-combined,JON_106-iso-more-runs_p2_r100_t518400_6M_3d_22h_22m_38s_apache.incubator-dubbo-737f7a7=org.apache.dubbo.rpc.protocol.dubbo.telnet.InvokerTelnetHandlerTest.testInvokeByPassingNullValue_output_1591240960,1591241999,1591241274,725
isolation-runs-surefire-combined,JON_106-iso-more-runs_p2_r100_t518400_6M_3d_22h_22m_38s_apache.incubator-dubbo-737f7a7=org.apache.dubbo.rpc.protocol.dubbo.telnet.InvokerTelnetHandlerTest.testInvokeDefaultSService_output_1591240960,1591242209,1591241274,935
isolation-runs-surefire-combined,JON_106-iso-more-runs_p2_r100_t518400_6M_3d_22h_22m_38s_apache.incubator-dubbo-737f7a7=org.apache.dubbo.rpc.protocol.dubbo.telnet.ListTelnetHandlerTest.testList_output_1591240960,1591242179,1591241274,905
isolation-runs-surefire-combined,JON_106-iso-more-runs_p2_r100_t518400_6M_3d_22h_22m_38s_apache.incubator-dubbo-737f7a7=org.apache.dubbo.rpc.protocol.dubbo.telnet.ListTelnetHandlerTest.testListService_output_1591240960,1591242062,1591241211,851
isolation-runs-surefire-combined,JON_106-iso-more-runs_p2_r100_t518400_6M_3d_22h_22m_38s_apache.incubator-dubbo-737f7a7=org.apache.dubbo.rpc.protocol.dubbo.telnet.PortTelnetHandlerTest.testListAllPort_output_1591240960,1591242213,1591241277,936
isolation-runs-surefire-combined,JON_106-iso-more-runs_p2_r100_t518400_6M_3d_22h_22m_38s_apache.incubator-dubbo-737f7a7=org.apache.dubbo.rpc.protocol.dubbo.telnet.PortTelnetHandlerTest.testListDetail_output_1591240960,1591242132,1591241271,861
isolation-runs-surefire-combined,JON_106-iso-more-runs_p2_r100_t518400_6M_3d_22h_22m_38s_c2mon.c2mon-d80687b=cern.c2mon.daq.filter.dynamic.DiffMovingAverageTest.testAverage_output_1591240960,1591241638,1591241280,358
isolation-runs-surefire-combined,JON_106-iso-more-runs_p2_r100_t518400_6M_3d_22h_22m_38s_c2mon.c2mon-d80687b=cern.c2mon.server.common.republisher.RepublisherImplTest.testMultipleExceptions_output_1591240960,1591241720,1591241289,431
isolation-runs-surefire-combined,JON_106-iso-more-runs_p2_r100_t518400_6M_3d_22h_22m_38s_c2mon.c2mon-d80687b=cern.c2mon.server.common.republisher.RepublisherImplTest.testMultiplePublicationsWithExceptions_output_1591240960,1591241728,1591241277,451
isolation-runs-surefire-combined,JON_106-iso-more-runs_p2_r100_t518400_6M_3d_22h_22m_38s_codingchili.excelastic-6bb7884=com.codingchili.TestWriter.shouldWriteToElasticPort_output_1591240960,1591241808,1591241280,528
isolation-runs-surefire-combined,JON_106-iso-more-runs_p2_r100_t518400_6M_3d_22h_22m_38s_davidmoten.rxjava2-extras-d0315b6=com.github.davidmoten.rx2.buffertofile.FlowableOnBackpressureBufferToFileTest.testCancelObservable_output_1591240960,1591241786,1591241258,528
isolation-runs-surefire-combined,JON_106-iso-more-runs_p2_r100_t518400_6M_3d_22h_22m_38s_davidmoten.rxjava2-extras-d0315b6=com.github.davidmoten.rx2.buffertofile.FlowableOnBackpressureBufferToFileTest.testCancel_output_1591240960,1591241839,1591241280,559
isolation-runs-surefire-combined,JON_106-iso-more-runs_p2_r100_t518400_6M_3d_22h_22m_38s_davidmoten.rxjava2-extras-d0315b6=com.github.davidmoten.rx2.internal.flowable.FlowableServerSocketTest.testLoad_output_1591240960,1591242950,1591241333,1617
isolation-runs-surefire-combined,JON_106-iso-more-runs_p2_r100_t518400_6M_3d_22h_22m_38s_elasticjob.elastic-job-lite-b022898=io.elasticjob.lite.internal.failover.FailoverServiceTest.assertGetLocalFailoverItemsIfShutdown_output_1591240960,1591241796,1591241291,505
isolation-runs-surefire-combined,JON_106-iso-more-runs_p2_r100_t518400_6M_3d_22h_22m_38s_espertechinc.esper-590fa9c=com.espertech.esper.example.rfidassetzone.TestLRMovingSimMain.testSim_output_1591240960,1591242375,1591241294,1081
isolation-runs-surefire-combined,JON_106-iso-more-runs_p2_r100_t518400_6M_3d_22h_22m_38s_feroult.yawp-b3bcf9c=io.yawp.testing.appengine.pipes.flow.FlowDropsTest.testFlowDropsToSameSink_output_1591240960,1591241983,1591241300,683
isolation-runs-surefire-combined,JON_106-iso-more-runs_p2_r100_t518400_6M_3d_22h_22m_38s_flaxsearch.luwak-c27ec08=uk.co.flax.luwak.matchers.TestParallelMatcher.testParallelSlowLog_output_1591240960,1591241663,1591241291,372
isolation-runs-surefire-combined,JON_106-iso-more-runs_p2_r100_t518400_6M_3d_22h_22m_38s_flaxsearch.luwak-c27ec08=uk.co.flax.luwak.matchers.TestPartitionMatcher.testParallelSlowLog_output_1591240960,1591241693,1591241300,393
isolation-runs-surefire-combined,JON_106-iso-more-runs_p2_r100_t518400_6M_3d_22h_22m_38s_fluent.fluent-logger-java-da14ec3=org.fluentd.logger.TestFluentLogger.testClose_output_1591240960,1591241575,1591241291,284
isolation-runs-surefire-combined,JON_106-iso-more-runs_p2_r100_t518400_6M_3d_22h_22m_38s_fluent.fluent-logger-java-da14ec3=org.fluentd.logger.TestFluentLogger.testFlushOnClose_output_1591240960,1591241621,1591241327,294
isolation-runs-surefire-combined,JON_106-iso-more-runs_p2_r100_t518400_6M_3d_22h_22m_38s_fluent.fluent-logger-java-da14ec3=org.fluentd.logger.TestFluentLogger.testInMultiThreading_output_1591240960,1591241986,1591241294,692
isolation-runs-surefire-combined,JON_106-iso-more-runs_p2_r100_t518400_6M_3d_22h_22m_38s_fluent.fluent-logger-java-da14ec3=org.fluentd.logger.TestFluentLogger.testNormal01_output_1591240960,1591241847,1591241307,540
isolation-runs-surefire-combined,JON_106-iso-more-runs_p2_r100_t518400_6M_3d_22h_22m_38s_fluent.fluent-logger-java-da14ec3=org.fluentd.logger.TestFluentLogger.testNormal02_output_1591240960,1591241868,1591241303,565
isolation-runs-surefire-combined,JON_106-iso-more-runs_p2_r100_t518400_6M_3d_22h_22m_38s_fluent.fluent-logger-java-da14ec3=org.fluentd.logger.TestFluentLogger.testReconnection_output_1591240960,1591242446,1591241343,1103
isolation-runs-surefire-combined,JON_106-iso-more-runs_p2_r100_t518400_6M_3d_22h_22m_38s_javadelight.delight-nashorn-sandbox-da35edc=delight.nashornsandbox.TestGetFunction.test_output_1591240960,1591241829,1591241330,499
isolation-runs-surefire-combined,JON_106-iso-more-runs_p2_r100_t518400_6M_3d_22h_22m_38s_javadelight.delight-nashorn-sandbox-da35edc=delight.nashornsandbox.TestIssue34.testIssue34_Scenario1_output_1591240960,1591241837,1591241336,501
isolation-runs-surefire-combined,JON_106-iso-more-runs_p2_r100_t518400_6M_3d_22h_22m_38s_javadelight.delight-nashorn-sandbox-da35edc=delight.nashornsandbox.TestMemoryLimit.test_no_abuse_output_1591240960,1591241849,1591241307,542
isolation-runs-surefire-combined,JON_106-iso-more-runs_p2_r100_t518400_6M_3d_22h_22m_38s_kagkarlsson.db-scheduler-4a8a28e=com.github.kagkarlsson.scheduler.compatibility.HsqlCompatibilityTest.test_compatibility_output_1591240960,1591242657,1591241336,1321
isolation-runs-surefire-combined,JON_106-iso-more-runs_p2_r100_t518400_6M_3d_22h_22m_38s_kagkarlsson.db-scheduler-4a8a28e=com.github.kagkarlsson.scheduler.compatibility.HsqlCompatibilityTest.test_jdbc_repository_compatibility_with_data_output_1591240960,1591241704,1591241343,361
isolation-runs-surefire-combined,JON_106-iso-more-runs_p2_r100_t518400_6M_3d_22h_22m_38s_kagkarlsson.db-scheduler-4a8a28e=com.github.kagkarlsson.scheduler.DeadExecutionsTest.scheduler_should_detect_dead_execution_that_never_updated_heartbeat_output_1591240960,1591241686,1591241336,350
isolation-runs-surefire-combined,JON_106-iso-more-runs_p2_r100_t518400_6M_3d_22h_22m_38s_kagkarlsson.db-scheduler-4a8a28e=com.github.kagkarlsson.scheduler.DeadExecutionsTest.scheduler_should_handle_dead_executions_output_1591240960,1591241701,1591241340,361
isolation-runs-surefire-combined,JON_106-iso-more-runs_p2_r100_t518400_6M_3d_22h_22m_38s_kagkarlsson.db-scheduler-4a8a28e=com.github.kagkarlsson.scheduler.SchedulerClientTest.client_should_be_able_to_fetch_executions_for_task_output_1591240960,1591241684,1591241340,344
isolation-runs-surefire-combined,JON_106-iso-more-runs_p2_r100_t518400_6M_3d_22h_22m_38s_kagkarlsson.db-scheduler-4a8a28e=com.github.kagkarlsson.scheduler.SchedulerClientTest.client_should_be_able_to_schedule_executions_output_1591240960,1591241615,1591241258,357
isolation-runs-surefire-combined,JON_106-iso-more-runs_p2_r100_t518400_6M_3d_22h_22m_38s_kagkarlsson.db-scheduler-4a8a28e=com.github.kagkarlsson.scheduler.SchedulerClientTest.should_be_able_to_schedule_other_executions_from_an_executionhandler_output_1591240960,1591241700,1591241336,364
isolation-runs-surefire-combined,JON_106-iso-more-runs_p2_r100_t518400_6M_3d_22h_22m_38s_kagkarlsson.db-scheduler-4a8a28e=com.github.kagkarlsson.scheduler.WaiterTest.should_wait_until_woken_output_1591240960,1591241674,1591241343,331
isolation-runs-surefire-combined,JON_106-iso-more-runs_p2_r100_t518400_6M_3d_22h_22m_38s_looly.hutool-91565d0=cn.hutool.cron.test.CronTest.matchAllTest_output_1591240960,1591241736,1591241352,384
isolation-runs-surefire-combined,JON_106-iso-more-runs_p2_r100_t518400_6M_3d_22h_22m_38s_nationalsecurityagency.timely-3a8cbd3=timely.store.iterators.TimeSeriesGroupingIteratorTest.testAdditionalTimeSeries_output_1591240960,1591242456,1591241355,1101
isolation-runs-surefire-combined,JON_106-iso-more-runs_p2_r100_t518400_6M_3d_22h_22m_38s_nationalsecurityagency.timely-3a8cbd3=timely.store.iterators.TimeSeriesGroupingIteratorTest.testManySparseTimeSeries_output_1591240960,1591242511,1591241376,1135
isolation-runs-surefire-combined,JON_106-iso-more-runs_p2_r100_t518400_6M_3d_22h_22m_38s_nationalsecurityagency.timely-3a8cbd3=timely.store.iterators.TimeSeriesGroupingIteratorTest.testMultipleTimeSeriesMovingAverage_output_1591240960,1591242501,1591241346,1155
isolation-runs-surefire-combined,JON_106-iso-more-runs_p2_r100_t518400_6M_3d_22h_22m_38s_nationalsecurityagency.timely-3a8cbd3=timely.store.iterators.TimeSeriesGroupingIteratorTest.testTimeSeriesDropOff_output_1591240960,1591242366,1591241346,1020
isolation-runs-surefire-combined,JON_106-iso-more-runs_p2_r100_t518400_6M_3d_22h_22m_38s_oracle.oci-java-sdk-2e9982f=com.oracle.bmc.objectstorage.transfer.ProgressTrackerTest.singleUploadProgressTrackerFactory_resetProgressTracker_output_1591240960,1591241919,1591241370,549
isolation-runs-surefire-combined,JON_106-iso-more-runs_p2_r100_t518400_6M_3d_22h_25m_38s_alibaba.fastjson-e05e9c5=com.alibaba.json.bvt.issue_1200.Issue1298.test_for_issue_1_output_1591241140,1591241795,1591241403,392
isolation-runs-surefire-combined,JON_106-iso-more-runs_p2_r100_t518400_6M_3d_22h_25m_38s_alibaba.fastjson-e05e9c5=com.alibaba.json.bvt.issue_1200.Issue1298.test_for_issue_output_1591241140,1591241805,1591241406,399
isolation-runs-surefire-combined,JON_106-iso-more-runs_p2_r100_t518400_6M_3d_22h_25m_38s_alibaba.fastjson-e05e9c5=com.alibaba.json.bvt.parser.DefaultExtJSONParser_parseArray.test_7_output_1591241140,1591241807,1591241394,413
isolation-runs-surefire-combined,JON_106-iso-more-runs_p2_r100_t518400_6M_3d_22h_25m_38s_alibaba.fastjson-e05e9c5=com.alibaba.json.bvt.parser.DefaultExtJSONParser_parseArray.test_8_output_1591241140,1591241806,1591241403,403
isolation-runs-surefire-combined,JON_106-iso-more-runs_p2_r100_t518400_6M_3d_22h_25m_38s_alibaba.fastjson-e05e9c5=com.alibaba.json.bvt.serializer.ConcurrentHashMapTest5.test_concurrentHashmap_output_1591241140,1591241817,1591241412,405
isolation-runs-surefire-combined,JON_106-iso-more-runs_p2_r100_t518400_6M_3d_22h_25m_38s_alibaba.fastjson-e05e9c5=com.alibaba.json.bvt.serializer.ConcurrentHashMapTest6.test_concurrentHashmap_output_1591241140,1591241752,1591241397,355
isolation-runs-surefire-combined,JON_106-iso-more-runs_p2_r100_t518400_6M_3d_22h_25m_38s_apache.incubator-dubbo-737f7a7=org.apache.dubbo.remoting.exchange.support.header.HeartbeatHandlerTest.testHeartbeat_output_1591241140,1591243156,1591241415,1741
isolation-runs-surefire-combined,JON_106-iso-more-runs_p2_r100_t518400_6M_3d_22h_25m_38s_apache.incubator-dubbo-737f7a7=org.apache.dubbo.remoting.transport.netty.ClientReconnectTest.testReconnectWarnLog_output_1591241140,1591242286,1591241415,871
isolation-runs-surefire-combined,JON_106-iso-more-runs_p2_r100_t518400_6M_3d_22h_25m_38s_apache.incubator-dubbo-737f7a7=org.apache.dubbo.remoting.transport.netty.ThreadNameTest.testThreadName_output_1591241140,1591242654,1591241412,1242
isolation-runs-surefire-combined,JON_106-iso-more-runs_p2_r100_t518400_6M_3d_22h_25m_38s_apache.incubator-dubbo-737f7a7=org.apache.dubbo.rpc.protocol.dubbo.ExplicitCallbackTest.TestCallbackMultiInstans_output_1591241140,1591242466,1591241418,1048
isolation-runs-surefire-combined,JON_106-iso-more-runs_p2_r100_t518400_6M_3d_22h_25m_38s_apache.incubator-dubbo-737f7a7=org.apache.dubbo.rpc.protocol.dubbo.telnet.ChangeTelnetHandlerTest.testChangePath_output_1591241140,1591242326,1591241418,908
isolation-runs-surefire-combined,JON_106-iso-more-runs_p2_r100_t518400_6M_3d_22h_25m_38s_apache.incubator-dubbo-737f7a7=org.apache.dubbo.rpc.protocol.dubbo.telnet.InvokerTelnetHandlerTest.testInvokeAutoFindMethod_output_1591241140,1591242212,1591241418,794
isolation-runs-surefire-combined,JON_106-iso-more-runs_p2_r100_t518400_6M_3d_22h_25m_38s_apache.incubator-dubbo-737f7a7=org.apache.dubbo.rpc.protocol.dubbo.telnet.InvokerTelnetHandlerTest.testInvokeByPassingNullValue_output_1591241140,1591242356,1591241418,938
isolation-runs-surefire-combined,JON_106-iso-more-runs_p2_r100_t518400_6M_3d_22h_25m_38s_apache.incubator-dubbo-737f7a7=org.apache.dubbo.rpc.protocol.dubbo.telnet.InvokerTelnetHandlerTest.testInvokeDefaultSService_output_1591241140,1591242154,1591241415,739
isolation-runs-surefire-combined,JON_106-iso-more-runs_p2_r100_t518400_6M_3d_22h_25m_38s_apache.incubator-dubbo-737f7a7=org.apache.dubbo.rpc.protocol.dubbo.telnet.ListTelnetHandlerTest.testList_output_1591241140,1591242256,1591241418,838
isolation-runs-surefire-combined,JON_106-iso-more-runs_p2_r100_t518400_6M_3d_22h_25m_38s_apache.incubator-dubbo-737f7a7=org.apache.dubbo.rpc.protocol.dubbo.telnet.ListTelnetHandlerTest.testListService_output_1591241140,1591242262,1591241418,844
isolation-runs-surefire-combined,JON_106-iso-more-runs_p2_r100_t518400_6M_3d_22h_25m_38s_apache.incubator-dubbo-737f7a7=org.apache.dubbo.rpc.protocol.dubbo.telnet.PortTelnetHandlerTest.testListAllPort_output_1591241140,1591242338,1591241418,920
isolation-runs-surefire-combined,JON_106-iso-more-runs_p2_r100_t518400_6M_3d_22h_25m_38s_apache.incubator-dubbo-737f7a7=org.apache.dubbo.rpc.protocol.dubbo.telnet.PortTelnetHandlerTest.testListDetail_output_1591241140,1591242295,1591241418,877
isolation-runs-surefire-combined,JON_106-iso-more-runs_p2_r100_t518400_6M_3d_22h_25m_38s_c2mon.c2mon-d80687b=cern.c2mon.daq.filter.dynamic.DiffMovingAverageTest.testAverage_output_1591241140,1591241769,1591241423,346
isolation-runs-surefire-combined,JON_106-iso-more-runs_p2_r100_t518400_6M_3d_22h_25m_38s_c2mon.c2mon-d80687b=cern.c2mon.server.common.republisher.RepublisherImplTest.testMultipleExceptions_output_1591241140,1591241834,1591241418,416
isolation-runs-surefire-combined,JON_106-iso-more-runs_p2_r100_t518400_6M_3d_22h_25m_38s_c2mon.c2mon-d80687b=cern.c2mon.server.common.republisher.RepublisherImplTest.testMultiplePublicationsWithExceptions_output_1591241140,1591241881,1591241421,460
isolation-runs-surefire-combined,JON_106-iso-more-runs_p2_r100_t518400_6M_3d_22h_25m_38s_codingchili.excelastic-6bb7884=com.codingchili.TestWriter.shouldWriteToElasticPort_output_1591241140,1591241993,1591241421,572
isolation-runs-surefire-combined,JON_106-iso-more-runs_p2_r100_t518400_6M_3d_22h_25m_38s_davidmoten.rxjava2-extras-d0315b6=com.github.davidmoten.rx2.buffertofile.FlowableOnBackpressureBufferToFileTest.testCancelObservable_output_1591241140,1591241880,1591241421,459
isolation-runs-surefire-combined,JON_106-iso-more-runs_p2_r100_t518400_6M_3d_22h_25m_38s_davidmoten.rxjava2-extras-d0315b6=com.github.davidmoten.rx2.buffertofile.FlowableOnBackpressureBufferToFileTest.testCancel_output_1591241140,1591241912,1591241422,490
isolation-runs-surefire-combined,JON_106-iso-more-runs_p2_r100_t518400_6M_3d_22h_25m_38s_davidmoten.rxjava2-extras-d0315b6=com.github.davidmoten.rx2.internal.flowable.FlowableServerSocketTest.testLoad_output_1591241140,1591243011,1591241400,1611
isolation-runs-surefire-combined,JON_106-iso-more-runs_p2_r100_t518400_6M_3d_22h_25m_38s_elasticjob.elastic-job-lite-b022898=io.elasticjob.lite.internal.failover.FailoverServiceTest.assertGetLocalFailoverItemsIfShutdown_output_1591241140,1591241911,1591241397,514
isolation-runs-surefire-combined,JON_106-iso-more-runs_p2_r100_t518400_6M_3d_22h_25m_38s_espertechinc.esper-590fa9c=com.espertech.esper.example.rfidassetzone.TestLRMovingSimMain.testSim_output_1591241140,1591242518,1591241421,1097
isolation-runs-surefire-combined,JON_106-iso-more-runs_p2_r100_t518400_6M_3d_22h_25m_38s_feroult.yawp-b3bcf9c=io.yawp.testing.appengine.pipes.flow.FlowDropsTest.testFlowDropsToSameSink_output_1591241140,1591242060,1591241421,639
isolation-runs-surefire-combined,JON_106-iso-more-runs_p2_r100_t518400_6M_3d_22h_25m_38s_flaxsearch.luwak-c27ec08=uk.co.flax.luwak.matchers.TestParallelMatcher.testParallelSlowLog_output_1591241140,1591241816,1591241423,393
isolation-runs-surefire-combined,JON_106-iso-more-runs_p2_r100_t518400_6M_3d_22h_25m_38s_flaxsearch.luwak-c27ec08=uk.co.flax.luwak.matchers.TestPartitionMatcher.testParallelSlowLog_output_1591241140,1591241815,1591241423,392
isolation-runs-surefire-combined,JON_106-iso-more-runs_p2_r100_t518400_6M_3d_22h_25m_38s_fluent.fluent-logger-java-da14ec3=org.fluentd.logger.TestFluentLogger.testClose_output_1591241140,1591241734,1591241433,301
isolation-runs-surefire-combined,JON_106-iso-more-runs_p2_r100_t518400_6M_3d_22h_25m_38s_fluent.fluent-logger-java-da14ec3=org.fluentd.logger.TestFluentLogger.testFlushOnClose_output_1591241140,1591241784,1591241430,354
isolation-runs-surefire-combined,JON_106-iso-more-runs_p2_r100_t518400_6M_3d_22h_25m_38s_fluent.fluent-logger-java-da14ec3=org.fluentd.logger.TestFluentLogger.testInMultiThreading_output_1591241140,1591242137,1591241423,714
isolation-runs-surefire-combined,JON_106-iso-more-runs_p2_r100_t518400_6M_3d_22h_25m_38s_fluent.fluent-logger-java-da14ec3=org.fluentd.logger.TestFluentLogger.testNormal01_output_1591241140,1591241976,1591241430,546
isolation-runs-surefire-combined,JON_106-iso-more-runs_p2_r100_t518400_6M_3d_22h_25m_38s_fluent.fluent-logger-java-da14ec3=org.fluentd.logger.TestFluentLogger.testNormal02_output_1591241140,1591241948,1591241424,524
isolation-runs-surefire-combined,JON_106-iso-more-runs_p2_r100_t518400_6M_3d_22h_25m_38s_fluent.fluent-logger-java-da14ec3=org.fluentd.logger.TestFluentLogger.testReconnection_output_1591241140,1591242499,1591241424,1075
isolation-runs-surefire-combined,JON_106-iso-more-runs_p2_r100_t518400_6M_3d_22h_25m_38s_javadelight.delight-nashorn-sandbox-da35edc=delight.nashornsandbox.TestGetFunction.test_output_1591241140,1591241944,1591241433,511
isolation-runs-surefire-combined,JON_106-iso-more-runs_p2_r100_t518400_6M_3d_22h_25m_38s_javadelight.delight-nashorn-sandbox-da35edc=delight.nashornsandbox.TestIssue34.testIssue34_Scenario1_output_1591241140,1591241953,1591241436,517
isolation-runs-surefire-combined,JON_106-iso-more-runs_p2_r100_t518400_6M_3d_22h_25m_38s_javadelight.delight-nashorn-sandbox-da35edc=delight.nashornsandbox.TestMemoryLimit.test_no_abuse_output_1591241140,1591241977,1591241433,544
isolation-runs-surefire-combined,JON_106-iso-more-runs_p2_r100_t518400_6M_3d_22h_25m_38s_kagkarlsson.db-scheduler-4a8a28e=com.github.kagkarlsson.scheduler.compatibility.HsqlCompatibilityTest.test_compatibility_output_1591241140,1591242821,1591241433,1388
isolation-runs-surefire-combined,JON_106-iso-more-runs_p2_r100_t518400_6M_3d_22h_25m_38s_kagkarlsson.db-scheduler-4a8a28e=com.github.kagkarlsson.scheduler.compatibility.HsqlCompatibilityTest.test_jdbc_repository_compatibility_with_data_output_1591241140,1591241817,1591241460,357
isolation-runs-surefire-combined,JON_106-iso-more-runs_p2_r100_t518400_6M_3d_22h_25m_38s_kagkarlsson.db-scheduler-4a8a28e=com.github.kagkarlsson.scheduler.DeadExecutionsTest.scheduler_should_detect_dead_execution_that_never_updated_heartbeat_output_1591241140,1591241806,1591241433,373
isolation-runs-surefire-combined,JON_106-iso-more-runs_p2_r100_t518400_6M_3d_22h_25m_38s_kagkarlsson.db-scheduler-4a8a28e=com.github.kagkarlsson.scheduler.DeadExecutionsTest.scheduler_should_handle_dead_executions_output_1591241140,1591241809,1591241442,367
isolation-runs-surefire-combined,JON_106-iso-more-runs_p2_r100_t518400_6M_3d_22h_25m_38s_kagkarlsson.db-scheduler-4a8a28e=com.github.kagkarlsson.scheduler.SchedulerClientTest.client_should_be_able_to_fetch_executions_for_task_output_1591241140,1591241805,1591241454,351
isolation-runs-surefire-combined,JON_106-iso-more-runs_p2_r100_t518400_6M_3d_22h_25m_38s_kagkarlsson.db-scheduler-4a8a28e=com.github.kagkarlsson.scheduler.SchedulerClientTest.client_should_be_able_to_schedule_executions_output_1591241140,1591241813,1591241442,371
isolation-runs-surefire-combined,JON_106-iso-more-runs_p2_r100_t518400_6M_3d_22h_25m_38s_kagkarlsson.db-scheduler-4a8a28e=com.github.kagkarlsson.scheduler.SchedulerClientTest.should_be_able_to_schedule_other_executions_from_an_executionhandler_output_1591241140,1591241760,1591241430,330
isolation-runs-surefire-combined,JON_106-iso-more-runs_p2_r100_t518400_6M_3d_22h_25m_38s_kagkarlsson.db-scheduler-4a8a28e=com.github.kagkarlsson.scheduler.WaiterTest.should_wait_until_woken_output_1591241140,1591241766,1591241436,330
isolation-runs-surefire-combined,JON_106-iso-more-runs_p2_r100_t518400_6M_3d_22h_25m_38s_looly.hutool-91565d0=cn.hutool.cron.test.CronTest.matchAllTest_output_1591241140,1591241841,1591241464,377
isolation-runs-surefire-combined,JON_106-iso-more-runs_p2_r100_t518400_6M_3d_22h_25m_38s_nationalsecurityagency.timely-3a8cbd3=timely.store.iterators.TimeSeriesGroupingIteratorTest.testAdditionalTimeSeries_output_1591241140,1591242557,1591241463,1094
isolation-runs-surefire-combined,JON_106-iso-more-runs_p2_r100_t518400_6M_3d_22h_28m_38s_alibaba.fastjson-e05e9c5=com.alibaba.json.bvt.issue_1200.Issue1298.test_for_issue_1_output_1591241320,1591241989,1591241573,416
isolation-runs-surefire-combined,JON_106-iso-more-runs_p2_r100_t518400_6M_3d_22h_25m_38s_nationalsecurityagency.timely-3a8cbd3=timely.store.iterators.TimeSeriesGroupingIteratorTest.testManySparseTimeSeries_output_1591241140,1591242602,1591241457,1145
isolation-runs-surefire-combined,JON_106-iso-more-runs_p2_r100_t518400_6M_3d_22h_25m_38s_nationalsecurityagency.timely-3a8cbd3=timely.store.iterators.TimeSeriesGroupingIteratorTest.testMultipleTimeSeriesMovingAverage_output_1591241140,1591242622,1591241463,1159
isolation-runs-surefire-combined,JON_106-iso-more-runs_p2_r100_t518400_6M_3d_22h_25m_38s_nationalsecurityagency.timely-3a8cbd3=timely.store.iterators.TimeSeriesGroupingIteratorTest.testTimeSeriesDropOff_output_1591241140,1591242576,1591241463,1113
isolation-runs-surefire-combined,JON_106-iso-more-runs_p2_r100_t518400_6M_3d_22h_25m_38s_oracle.oci-java-sdk-2e9982f=com.oracle.bmc.objectstorage.transfer.ProgressTrackerTest.singleUploadProgressTrackerFactory_resetProgressTracker_output_1591241140,1591242024,1591241457,567
isolation-runs-surefire-combined,JON_106-iso-more-runs_p2_r100_t518400_6M_3d_22h_28m_38s_alibaba.fastjson-e05e9c5=com.alibaba.json.bvt.issue_1200.Issue1298.test_for_issue_output_1591241320,1591241983,1591241576,407
isolation-runs-surefire-combined,JON_106-iso-more-runs_p2_r100_t518400_6M_3d_22h_28m_38s_alibaba.fastjson-e05e9c5=com.alibaba.json.bvt.parser.DefaultExtJSONParser_parseArray.test_7_output_1591241320,1591241926,1591241567,359
isolation-runs-surefire-combined,JON_106-iso-more-runs_p2_r100_t518400_6M_3d_22h_28m_38s_alibaba.fastjson-e05e9c5=com.alibaba.json.bvt.parser.DefaultExtJSONParser_parseArray.test_8_output_1591241320,1591241963,1591241576,387
isolation-runs-surefire-combined,JON_106-iso-more-runs_p2_r100_t518400_6M_3d_22h_28m_38s_alibaba.fastjson-e05e9c5=com.alibaba.json.bvt.serializer.ConcurrentHashMapTest5.test_concurrentHashmap_output_1591241320,1591241942,1591241570,372
isolation-runs-surefire-combined,JON_106-iso-more-runs_p2_r100_t518400_6M_3d_22h_28m_38s_alibaba.fastjson-e05e9c5=com.alibaba.json.bvt.serializer.ConcurrentHashMapTest6.test_concurrentHashmap_output_1591241320,1591241994,1591241570,424
isolation-runs-surefire-combined,JON_106-iso-more-runs_p2_r100_t518400_6M_3d_22h_28m_38s_apache.incubator-dubbo-737f7a7=org.apache.dubbo.remoting.exchange.support.header.HeartbeatHandlerTest.testHeartbeat_output_1591241320,1591243340,1591241576,1764
isolation-runs-surefire-combined,JON_106-iso-more-runs_p2_r100_t518400_6M_3d_22h_28m_38s_apache.incubator-dubbo-737f7a7=org.apache.dubbo.remoting.transport.netty.ClientReconnectTest.testReconnectWarnLog_output_1591241320,1591242577,1591241576,1001
isolation-runs-surefire-combined,JON_106-iso-more-runs_p2_r100_t518400_6M_3d_22h_28m_38s_apache.incubator-dubbo-737f7a7=org.apache.dubbo.remoting.transport.netty.ThreadNameTest.testThreadName_output_1591241320,1591242763,1591241576,1187
isolation-runs-surefire-combined,JON_106-iso-more-runs_p2_r100_t518400_6M_3d_22h_28m_38s_apache.incubator-dubbo-737f7a7=org.apache.dubbo.rpc.protocol.dubbo.ExplicitCallbackTest.TestCallbackMultiInstans_output_1591241320,1591242534,1591241591,943
isolation-runs-surefire-combined,JON_106-iso-more-runs_p2_r100_t518400_6M_3d_22h_28m_38s_apache.incubator-dubbo-737f7a7=org.apache.dubbo.rpc.protocol.dubbo.telnet.ChangeTelnetHandlerTest.testChangePath_output_1591241320,1591242417,1591241579,838
isolation-runs-surefire-combined,JON_106-iso-more-runs_p2_r100_t518400_6M_3d_22h_28m_38s_apache.incubator-dubbo-737f7a7=org.apache.dubbo.rpc.protocol.dubbo.telnet.InvokerTelnetHandlerTest.testInvokeAutoFindMethod_output_1591241320,1591242538,1591241579,959
isolation-runs-surefire-combined,JON_106-iso-more-runs_p2_r100_t518400_6M_3d_22h_28m_38s_apache.incubator-dubbo-737f7a7=org.apache.dubbo.rpc.protocol.dubbo.telnet.InvokerTelnetHandlerTest.testInvokeByPassingNullValue_output_1591241320,1591242365,1591241573,792
isolation-runs-surefire-combined,JON_106-iso-more-runs_p2_r100_t518400_6M_3d_22h_28m_38s_apache.incubator-dubbo-737f7a7=org.apache.dubbo.rpc.protocol.dubbo.telnet.InvokerTelnetHandlerTest.testInvokeDefaultSService_output_1591241320,1591242539,1591241582,957
isolation-runs-surefire-combined,JON_106-iso-more-runs_p2_r100_t518400_6M_3d_22h_28m_38s_apache.incubator-dubbo-737f7a7=org.apache.dubbo.rpc.protocol.dubbo.telnet.ListTelnetHandlerTest.testList_output_1591241320,1591242414,1591241585,829
isolation-runs-surefire-combined,JON_106-iso-more-runs_p2_r100_t518400_6M_3d_22h_28m_38s_apache.incubator-dubbo-737f7a7=org.apache.dubbo.rpc.protocol.dubbo.telnet.ListTelnetHandlerTest.testListService_output_1591241320,1591242483,1591241576,907
isolation-runs-surefire-combined,JON_106-iso-more-runs_p2_r100_t518400_6M_3d_22h_28m_38s_apache.incubator-dubbo-737f7a7=org.apache.dubbo.rpc.protocol.dubbo.telnet.PortTelnetHandlerTest.testListAllPort_output_1591241320,1591242557,1591241582,975
isolation-runs-surefire-combined,JON_106-iso-more-runs_p2_r100_t518400_6M_3d_22h_28m_38s_apache.incubator-dubbo-737f7a7=org.apache.dubbo.rpc.protocol.dubbo.telnet.PortTelnetHandlerTest.testListDetail_output_1591241320,1591242509,1591241579,930
isolation-runs-surefire-combined,JON_106-iso-more-runs_p2_r100_t518400_6M_3d_22h_28m_38s_c2mon.c2mon-d80687b=cern.c2mon.daq.filter.dynamic.DiffMovingAverageTest.testAverage_output_1591241320,1591241953,1591241594,359
isolation-runs-surefire-combined,JON_106-iso-more-runs_p2_r100_t518400_6M_3d_22h_28m_38s_c2mon.c2mon-d80687b=cern.c2mon.server.common.republisher.RepublisherImplTest.testMultipleExceptions_output_1591241320,1591242145,1591241676,469
isolation-runs-surefire-combined,JON_106-iso-more-runs_p2_r100_t518400_6M_3d_22h_28m_38s_c2mon.c2mon-d80687b=cern.c2mon.server.common.republisher.RepublisherImplTest.testMultiplePublicationsWithExceptions_output_1591241320,1591242041,1591241582,459
isolation-runs-surefire-combined,JON_106-iso-more-runs_p2_r100_t518400_6M_3d_22h_28m_38s_codingchili.excelastic-6bb7884=com.codingchili.TestWriter.shouldWriteToElasticPort_output_1591241320,1591242130,1591241606,524
isolation-runs-surefire-combined,JON_106-iso-more-runs_p2_r100_t518400_6M_3d_22h_28m_38s_davidmoten.rxjava2-extras-d0315b6=com.github.davidmoten.rx2.buffertofile.FlowableOnBackpressureBufferToFileTest.testCancelObservable_output_1591241320,1591242151,1591241606,545
isolation-runs-surefire-combined,JON_106-iso-more-runs_p2_r100_t518400_6M_3d_22h_28m_38s_davidmoten.rxjava2-extras-d0315b6=com.github.davidmoten.rx2.buffertofile.FlowableOnBackpressureBufferToFileTest.testCancel_output_1591241320,1591242114,1591241591,523
isolation-runs-surefire-combined,JON_106-iso-more-runs_p2_r100_t518400_6M_3d_22h_28m_38s_davidmoten.rxjava2-extras-d0315b6=com.github.davidmoten.rx2.internal.flowable.FlowableServerSocketTest.testLoad_output_1591241320,1591243341,1591241612,1729
isolation-runs-surefire-combined,JON_106-iso-more-runs_p2_r100_t518400_6M_3d_22h_28m_38s_elasticjob.elastic-job-lite-b022898=io.elasticjob.lite.internal.failover.FailoverServiceTest.assertGetLocalFailoverItemsIfShutdown_output_1591241320,1591242131,1591241630,501
isolation-runs-surefire-combined,JON_106-iso-more-runs_p2_r100_t518400_6M_3d_22h_28m_38s_espertechinc.esper-590fa9c=com.espertech.esper.example.rfidassetzone.TestLRMovingSimMain.testSim_output_1591241320,1591242660,1591241603,1057
isolation-runs-surefire-combined,JON_106-iso-more-runs_p2_r100_t518400_6M_3d_22h_28m_38s_feroult.yawp-b3bcf9c=io.yawp.testing.appengine.pipes.flow.FlowDropsTest.testFlowDropsToSameSink_output_1591241320,1591242359,1591241612,747
isolation-runs-surefire-combined,JON_106-iso-more-runs_p2_r100_t518400_6M_3d_22h_28m_38s_flaxsearch.luwak-c27ec08=uk.co.flax.luwak.matchers.TestParallelMatcher.testParallelSlowLog_output_1591241320,1591242046,1591241664,382
isolation-runs-surefire-combined,JON_106-iso-more-runs_p2_r100_t518400_6M_3d_22h_28m_38s_flaxsearch.luwak-c27ec08=uk.co.flax.luwak.matchers.TestPartitionMatcher.testParallelSlowLog_output_1591241320,1591242034,1591241633,401
isolation-runs-surefire-combined,JON_106-iso-more-runs_p2_r100_t518400_6M_3d_22h_28m_38s_fluent.fluent-logger-java-da14ec3=org.fluentd.logger.TestFluentLogger.testClose_output_1591241320,1591241943,1591241633,310
isolation-runs-surefire-combined,JON_106-iso-more-runs_p2_r100_t518400_6M_3d_22h_28m_38s_fluent.fluent-logger-java-da14ec3=org.fluentd.logger.TestFluentLogger.testFlushOnClose_output_1591241320,1591241992,1591241642,350
isolation-runs-surefire-combined,JON_106-iso-more-runs_p2_r100_t518400_6M_3d_22h_28m_38s_fluent.fluent-logger-java-da14ec3=org.fluentd.logger.TestFluentLogger.testInMultiThreading_output_1591241320,1591242371,1591241633,738
isolation-runs-surefire-combined,JON_106-iso-more-runs_p2_r100_t518400_6M_3d_22h_28m_38s_fluent.fluent-logger-java-da14ec3=org.fluentd.logger.TestFluentLogger.testNormal01_output_1591241320,1591242170,1591241630,540
isolation-runs-surefire-combined,JON_106-iso-more-runs_p2_r100_t518400_6M_3d_22h_28m_38s_fluent.fluent-logger-java-da14ec3=org.fluentd.logger.TestFluentLogger.testNormal02_output_1591241320,1591242175,1591241633,542
isolation-runs-surefire-combined,JON_106-iso-more-runs_p2_r100_t518400_6M_3d_22h_28m_38s_fluent.fluent-logger-java-da14ec3=org.fluentd.logger.TestFluentLogger.testReconnection_output_1591241320,1591242767,1591241664,1103
isolation-runs-surefire-combined,JON_106-iso-more-runs_p2_r100_t518400_6M_3d_22h_28m_38s_javadelight.delight-nashorn-sandbox-da35edc=delight.nashornsandbox.TestGetFunction.test_output_1591241320,1591242198,1591241674,524
isolation-runs-surefire-combined,JON_106-iso-more-runs_p2_r100_t518400_6M_3d_22h_28m_38s_javadelight.delight-nashorn-sandbox-da35edc=delight.nashornsandbox.TestIssue34.testIssue34_Scenario1_output_1591241320,1591242052,1591241573,479
isolation-runs-surefire-combined,JON_106-iso-more-runs_p2_r100_t518400_6M_3d_22h_28m_38s_javadelight.delight-nashorn-sandbox-da35edc=delight.nashornsandbox.TestMemoryLimit.test_no_abuse_output_1591241320,1591242178,1591241667,511
isolation-runs-surefire-combined,JON_106-iso-more-runs_p2_r100_t518400_6M_3d_22h_28m_38s_kagkarlsson.db-scheduler-4a8a28e=com.github.kagkarlsson.scheduler.compatibility.HsqlCompatibilityTest.test_compatibility_output_1591241320,1591243042,1591241673,1369
isolation-runs-surefire-combined,JON_106-iso-more-runs_p2_r100_t518400_6M_3d_22h_28m_38s_kagkarlsson.db-scheduler-4a8a28e=com.github.kagkarlsson.scheduler.compatibility.HsqlCompatibilityTest.test_jdbc_repository_compatibility_with_data_output_1591241320,1591242048,1591241685,363
isolation-runs-surefire-combined,JON_106-iso-more-runs_p2_r100_t518400_6M_3d_22h_28m_38s_kagkarlsson.db-scheduler-4a8a28e=com.github.kagkarlsson.scheduler.DeadExecutionsTest.scheduler_should_detect_dead_execution_that_never_updated_heartbeat_output_1591241320,1591242042,1591241661,381
isolation-runs-surefire-combined,JON_106-iso-more-runs_p2_r100_t518400_6M_3d_22h_28m_38s_kagkarlsson.db-scheduler-4a8a28e=com.github.kagkarlsson.scheduler.DeadExecutionsTest.scheduler_should_handle_dead_executions_output_1591241320,1591242091,1591241698,393
isolation-runs-surefire-combined,JON_106-iso-more-runs_p2_r100_t518400_6M_3d_22h_28m_38s_kagkarlsson.db-scheduler-4a8a28e=com.github.kagkarlsson.scheduler.SchedulerClientTest.client_should_be_able_to_fetch_executions_for_task_output_1591241320,1591242048,1591241682,366
isolation-runs-surefire-combined,JON_106-iso-more-runs_p2_r100_t518400_6M_3d_22h_28m_38s_kagkarlsson.db-scheduler-4a8a28e=com.github.kagkarlsson.scheduler.SchedulerClientTest.client_should_be_able_to_schedule_executions_output_1591241320,1591242025,1591241682,343
isolation-runs-surefire-combined,JON_106-iso-more-runs_p2_r100_t518400_6M_3d_22h_28m_38s_kagkarlsson.db-scheduler-4a8a28e=com.github.kagkarlsson.scheduler.SchedulerClientTest.should_be_able_to_schedule_other_executions_from_an_executionhandler_output_1591241320,1591242038,1591241673,365
isolation-runs-surefire-combined,JON_106-iso-more-runs_p2_r100_t518400_6M_3d_22h_28m_38s_kagkarlsson.db-scheduler-4a8a28e=com.github.kagkarlsson.scheduler.WaiterTest.should_wait_until_woken_output_1591241320,1591242041,1591241694,347
isolation-runs-surefire-combined,JON_106-iso-more-runs_p2_r100_t518400_6M_3d_22h_28m_38s_looly.hutool-91565d0=cn.hutool.cron.test.CronTest.matchAllTest_output_1591241320,1591242053,1591241688,365
isolation-runs-surefire-combined,JON_106-iso-more-runs_p2_r100_t518400_6M_3d_22h_28m_38s_nationalsecurityagency.timely-3a8cbd3=timely.store.iterators.TimeSeriesGroupingIteratorTest.testAdditionalTimeSeries_output_1591241320,1591242836,1591241710,1126
isolation-runs-surefire-combined,JON_106-iso-more-runs_p2_r100_t518400_6M_3d_22h_28m_38s_nationalsecurityagency.timely-3a8cbd3=timely.store.iterators.TimeSeriesGroupingIteratorTest.testManySparseTimeSeries_output_1591241320,1591242696,1591241576,1120
isolation-runs-surefire-combined,JON_106-iso-more-runs_p2_r100_t518400_6M_3d_22h_28m_38s_nationalsecurityagency.timely-3a8cbd3=timely.store.iterators.TimeSeriesGroupingIteratorTest.testMultipleTimeSeriesMovingAverage_output_1591241320,1591242856,1591241710,1146
isolation-runs-surefire-combined,JON_106-iso-more-runs_p2_r100_t518400_6M_3d_22h_28m_38s_nationalsecurityagency.timely-3a8cbd3=timely.store.iterators.TimeSeriesGroupingIteratorTest.testTimeSeriesDropOff_output_1591241320,1591242764,1591241713,1051
isolation-runs-surefire-combined,JON_106-iso-more-runs_p2_r100_t518400_6M_3d_22h_28m_38s_oracle.oci-java-sdk-2e9982f=com.oracle.bmc.objectstorage.transfer.ProgressTrackerTest.singleUploadProgressTrackerFactory_resetProgressTracker_output_1591241320,1591242277,1591241710,567
isolation-runs-surefire-combined,JON_106-iso-more-runs_p2_r100_t518400_6M_3d_22h_31m_38s_alibaba.fastjson-e05e9c5=com.alibaba.json.bvt.issue_1200.Issue1298.test_for_issue_1_output_1591241500,1591242133,1591241761,372
isolation-runs-surefire-combined,JON_106-iso-more-runs_p2_r100_t518400_6M_3d_22h_31m_38s_alibaba.fastjson-e05e9c5=com.alibaba.json.bvt.issue_1200.Issue1298.test_for_issue_output_1591241500,1591242093,1591241764,329
isolation-runs-surefire-combined,JON_106-iso-more-runs_p2_r100_t518400_6M_3d_22h_31m_38s_alibaba.fastjson-e05e9c5=com.alibaba.json.bvt.parser.DefaultExtJSONParser_parseArray.test_7_output_1591241500,1591242195,1591241733,462
isolation-runs-surefire-combined,JON_106-iso-more-runs_p2_r100_t518400_6M_3d_22h_31m_38s_alibaba.fastjson-e05e9c5=com.alibaba.json.bvt.parser.DefaultExtJSONParser_parseArray.test_8_output_1591241500,1591242097,1591241761,336
isolation-runs-surefire-combined,JON_106-iso-more-runs_p2_r100_t518400_6M_3d_22h_31m_38s_alibaba.fastjson-e05e9c5=com.alibaba.json.bvt.serializer.ConcurrentHashMapTest5.test_concurrentHashmap_output_1591241500,1591242123,1591241761,362
isolation-runs-surefire-combined,JON_106-iso-more-runs_p2_r100_t518400_6M_3d_22h_31m_38s_alibaba.fastjson-e05e9c5=com.alibaba.json.bvt.serializer.ConcurrentHashMapTest6.test_concurrentHashmap_output_1591241500,1591242175,1591241740,435
isolation-runs-surefire-combined,JON_106-iso-more-runs_p2_r100_t518400_6M_3d_22h_31m_38s_apache.incubator-dubbo-737f7a7=org.apache.dubbo.remoting.exchange.support.header.HeartbeatHandlerTest.testHeartbeat_output_1591241500,1591243543,1591241764,1779
isolation-runs-surefire-combined,JON_106-iso-more-runs_p2_r100_t518400_6M_3d_22h_31m_38s_apache.incubator-dubbo-737f7a7=org.apache.dubbo.remoting.transport.netty.ClientReconnectTest.testReconnectWarnLog_output_1591241500,1591242802,1591241743,1059
isolation-runs-surefire-combined,JON_106-iso-more-runs_p2_r100_t518400_6M_3d_22h_31m_38s_apache.incubator-dubbo-737f7a7=org.apache.dubbo.remoting.transport.netty.ThreadNameTest.testThreadName_output_1591241500,1591243139,1591241764,1375
isolation-runs-surefire-combined,JON_106-iso-more-runs_p2_r100_t518400_6M_3d_22h_31m_38s_apache.incubator-dubbo-737f7a7=org.apache.dubbo.rpc.protocol.dubbo.ExplicitCallbackTest.TestCallbackMultiInstans_output_1591241500,1591242812,1591241770,1042
isolation-runs-surefire-combined,JON_106-iso-more-runs_p2_r100_t518400_6M_3d_22h_31m_38s_apache.incubator-dubbo-737f7a7=org.apache.dubbo.rpc.protocol.dubbo.telnet.ChangeTelnetHandlerTest.testChangePath_output_1591241500,1591242636,1591241767,869
isolation-runs-surefire-combined,JON_106-iso-more-runs_p2_r100_t518400_6M_3d_22h_31m_38s_apache.incubator-dubbo-737f7a7=org.apache.dubbo.rpc.protocol.dubbo.telnet.InvokerTelnetHandlerTest.testInvokeAutoFindMethod_output_1591241500,1591242502,1591241767,735
isolation-runs-surefire-combined,JON_106-iso-more-runs_p2_r100_t518400_6M_3d_22h_31m_38s_apache.incubator-dubbo-737f7a7=org.apache.dubbo.rpc.protocol.dubbo.telnet.InvokerTelnetHandlerTest.testInvokeByPassingNullValue_output_1591241500,1591242498,1591241764,734
isolation-runs-surefire-combined,JON_106-iso-more-runs_p2_r100_t518400_6M_3d_22h_31m_38s_apache.incubator-dubbo-737f7a7=org.apache.dubbo.rpc.protocol.dubbo.telnet.InvokerTelnetHandlerTest.testInvokeDefaultSService_output_1591241500,1591242654,1591241764,890
isolation-runs-surefire-combined,JON_106-iso-more-runs_p2_r100_t518400_6M_3d_22h_31m_38s_apache.incubator-dubbo-737f7a7=org.apache.dubbo.rpc.protocol.dubbo.telnet.ListTelnetHandlerTest.testList_output_1591241500,1591242571,1591241767,804
isolation-runs-surefire-combined,JON_106-iso-more-runs_p2_r100_t518400_6M_3d_22h_31m_38s_apache.incubator-dubbo-737f7a7=org.apache.dubbo.rpc.protocol.dubbo.telnet.ListTelnetHandlerTest.testListService_output_1591241500,1591242527,1591241764,763
isolation-runs-surefire-combined,JON_106-iso-more-runs_p2_r100_t518400_6M_3d_22h_31m_38s_apache.incubator-dubbo-737f7a7=org.apache.dubbo.rpc.protocol.dubbo.telnet.PortTelnetHandlerTest.testListAllPort_output_1591241500,1591242557,1591241767,790
isolation-runs-surefire-combined,JON_106-iso-more-runs_p2_r100_t518400_6M_3d_22h_31m_38s_apache.incubator-dubbo-737f7a7=org.apache.dubbo.rpc.protocol.dubbo.telnet.PortTelnetHandlerTest.testListDetail_output_1591241500,1591242565,1591241758,807
isolation-runs-surefire-combined,JON_106-iso-more-runs_p2_r100_t518400_6M_3d_22h_31m_38s_c2mon.c2mon-d80687b=cern.c2mon.daq.filter.dynamic.DiffMovingAverageTest.testAverage_output_1591241500,1591242114,1591241758,356
isolation-runs-surefire-combined,JON_106-iso-more-runs_p2_r100_t518400_6M_3d_22h_31m_38s_c2mon.c2mon-d80687b=cern.c2mon.server.common.republisher.RepublisherImplTest.testMultipleExceptions_output_1591241500,1591242194,1591241776,418
isolation-runs-surefire-combined,JON_106-iso-more-runs_p2_r100_t518400_6M_3d_22h_31m_38s_c2mon.c2mon-d80687b=cern.c2mon.server.common.republisher.RepublisherImplTest.testMultiplePublicationsWithExceptions_output_1591241500,1591242147,1591241761,386
isolation-runs-surefire-combined,JON_106-iso-more-runs_p2_r100_t518400_6M_3d_22h_31m_38s_codingchili.excelastic-6bb7884=com.codingchili.TestWriter.shouldWriteToElasticPort_output_1591241500,1591242333,1591241780,553
isolation-runs-surefire-combined,JON_106-iso-more-runs_p2_r100_t518400_6M_3d_22h_31m_38s_davidmoten.rxjava2-extras-d0315b6=com.github.davidmoten.rx2.buffertofile.FlowableOnBackpressureBufferToFileTest.testCancelObservable_output_1591241500,1591242280,1591241773,507
isolation-runs-surefire-combined,JON_106-iso-more-runs_p2_r100_t518400_6M_3d_22h_31m_38s_davidmoten.rxjava2-extras-d0315b6=com.github.davidmoten.rx2.buffertofile.FlowableOnBackpressureBufferToFileTest.testCancel_output_1591241500,1591242203,1591241773,430
isolation-runs-surefire-combined,JON_106-iso-more-runs_p2_r100_t518400_6M_3d_22h_31m_38s_davidmoten.rxjava2-extras-d0315b6=com.github.davidmoten.rx2.internal.flowable.FlowableServerSocketTest.testLoad_output_1591241500,1591243424,1591241806,1618
isolation-runs-surefire-combined,JON_106-iso-more-runs_p2_r100_t518400_6M_3d_22h_31m_38s_elasticjob.elastic-job-lite-b022898=io.elasticjob.lite.internal.failover.FailoverServiceTest.assertGetLocalFailoverItemsIfShutdown_output_1591241500,1591242277,1591241780,497
isolation-runs-surefire-combined,JON_106-iso-more-runs_p2_r100_t518400_6M_3d_22h_31m_38s_espertechinc.esper-590fa9c=com.espertech.esper.example.rfidassetzone.TestLRMovingSimMain.testSim_output_1591241500,1591242814,1591241810,1004
isolation-runs-surefire-combined,JON_106-iso-more-runs_p2_r100_t518400_6M_3d_22h_31m_38s_feroult.yawp-b3bcf9c=io.yawp.testing.appengine.pipes.flow.FlowDropsTest.testFlowDropsToSameSink_output_1591241500,1591242429,1591241806,623
isolation-runs-surefire-combined,JON_106-iso-more-runs_p2_r100_t518400_6M_3d_22h_31m_38s_flaxsearch.luwak-c27ec08=uk.co.flax.luwak.matchers.TestParallelMatcher.testParallelSlowLog_output_1591241500,1591242143,1591241809,334
isolation-runs-surefire-combined,JON_106-iso-more-runs_p2_r100_t518400_6M_3d_22h_31m_38s_flaxsearch.luwak-c27ec08=uk.co.flax.luwak.matchers.TestPartitionMatcher.testParallelSlowLog_output_1591241500,1591242172,1591241809,363
isolation-runs-surefire-combined,JON_106-iso-more-runs_p2_r100_t518400_6M_3d_22h_31m_38s_fluent.fluent-logger-java-da14ec3=org.fluentd.logger.TestFluentLogger.testClose_output_1591241500,1591242037,1591241809,228
isolation-runs-surefire-combined,JON_106-iso-more-runs_p2_r100_t518400_6M_3d_22h_31m_38s_fluent.fluent-logger-java-da14ec3=org.fluentd.logger.TestFluentLogger.testFlushOnClose_output_1591241500,1591242092,1591241809,283
isolation-runs-surefire-combined,JON_106-iso-more-runs_p2_r100_t518400_6M_3d_22h_31m_38s_fluent.fluent-logger-java-da14ec3=org.fluentd.logger.TestFluentLogger.testInMultiThreading_output_1591241500,1591242437,1591241803,634
isolation-runs-surefire-combined,JON_106-iso-more-runs_p2_r100_t518400_6M_3d_22h_31m_38s_fluent.fluent-logger-java-da14ec3=org.fluentd.logger.TestFluentLogger.testNormal01_output_1591241500,1591242368,1591241825,543
isolation-runs-surefire-combined,JON_106-iso-more-runs_p2_r100_t518400_6M_3d_22h_31m_38s_fluent.fluent-logger-java-da14ec3=org.fluentd.logger.TestFluentLogger.testNormal02_output_1591241500,1591242293,1591241812,481
isolation-runs-surefire-combined,JON_106-iso-more-runs_p2_r100_t518400_6M_3d_22h_31m_38s_fluent.fluent-logger-java-da14ec3=org.fluentd.logger.TestFluentLogger.testReconnection_output_1591241500,1591242889,1591241809,1080
isolation-runs-surefire-combined,JON_106-iso-more-runs_p2_r100_t518400_6M_3d_22h_31m_38s_javadelight.delight-nashorn-sandbox-da35edc=delight.nashornsandbox.TestGetFunction.test_output_1591241500,1591242360,1591241822,538
isolation-runs-surefire-combined,JON_106-iso-more-runs_p2_r100_t518400_6M_3d_22h_31m_38s_javadelight.delight-nashorn-sandbox-da35edc=delight.nashornsandbox.TestIssue34.testIssue34_Scenario1_output_1591241500,1591242232,1591241812,420
isolation-runs-surefire-combined,JON_106-iso-more-runs_p2_r100_t518400_6M_3d_22h_31m_38s_javadelight.delight-nashorn-sandbox-da35edc=delight.nashornsandbox.TestMemoryLimit.test_no_abuse_output_1591241500,1591242231,1591241809,422
isolation-runs-surefire-combined,JON_106-iso-more-runs_p2_r100_t518400_6M_3d_22h_31m_38s_kagkarlsson.db-scheduler-4a8a28e=com.github.kagkarlsson.scheduler.compatibility.HsqlCompatibilityTest.test_compatibility_output_1591241500,1591243136,1591241816,1320
isolation-runs-surefire-combined,JON_106-iso-more-runs_p2_r100_t518400_6M_3d_22h_31m_38s_kagkarlsson.db-scheduler-4a8a28e=com.github.kagkarlsson.scheduler.compatibility.HsqlCompatibilityTest.test_jdbc_repository_compatibility_with_data_output_1591241500,1591242164,1591241822,342
isolation-runs-surefire-combined,JON_106-iso-more-runs_p2_r100_t518400_6M_3d_22h_31m_38s_kagkarlsson.db-scheduler-4a8a28e=com.github.kagkarlsson.scheduler.DeadExecutionsTest.scheduler_should_detect_dead_execution_that_never_updated_heartbeat_output_1591241500,1591242189,1591241813,376
isolation-runs-surefire-combined,JON_106-iso-more-runs_p2_r100_t518400_6M_3d_22h_31m_38s_kagkarlsson.db-scheduler-4a8a28e=com.github.kagkarlsson.scheduler.DeadExecutionsTest.scheduler_should_handle_dead_executions_output_1591241500,1591242168,1591241812,356
isolation-runs-surefire-combined,JON_106-iso-more-runs_p2_r100_t518400_6M_3d_22h_31m_38s_kagkarlsson.db-scheduler-4a8a28e=com.github.kagkarlsson.scheduler.SchedulerClientTest.client_should_be_able_to_fetch_executions_for_task_output_1591241500,1591242189,1591241819,370
isolation-runs-surefire-combined,JON_106-iso-more-runs_p2_r100_t518400_6M_3d_22h_31m_38s_kagkarlsson.db-scheduler-4a8a28e=com.github.kagkarlsson.scheduler.SchedulerClientTest.client_should_be_able_to_schedule_executions_output_1591241500,1591242143,1591241816,327
isolation-runs-surefire-combined,JON_106-iso-more-runs_p2_r100_t518400_6M_3d_22h_31m_38s_kagkarlsson.db-scheduler-4a8a28e=com.github.kagkarlsson.scheduler.SchedulerClientTest.should_be_able_to_schedule_other_executions_from_an_executionhandler_output_1591241500,1591242173,1591241809,364
isolation-runs-surefire-combined,JON_106-iso-more-runs_p2_r100_t518400_6M_3d_22h_31m_38s_kagkarlsson.db-scheduler-4a8a28e=com.github.kagkarlsson.scheduler.WaiterTest.should_wait_until_woken_output_1591241500,1591242075,1591241809,266
isolation-runs-surefire-combined,JON_106-iso-more-runs_p2_r100_t518400_6M_3d_22h_31m_38s_looly.hutool-91565d0=cn.hutool.cron.test.CronTest.matchAllTest_output_1591241500,1591242113,1591241819,294
isolation-runs-surefire-combined,JON_106-iso-more-runs_p2_r100_t518400_6M_3d_22h_31m_38s_nationalsecurityagency.timely-3a8cbd3=timely.store.iterators.TimeSeriesGroupingIteratorTest.testAdditionalTimeSeries_output_1591241500,1591242836,1591241822,1014
isolation-runs-surefire-combined,JON_106-iso-more-runs_p2_r100_t518400_6M_3d_22h_31m_38s_nationalsecurityagency.timely-3a8cbd3=timely.store.iterators.TimeSeriesGroupingIteratorTest.testManySparseTimeSeries_output_1591241500,1591242911,1591241812,1099
isolation-runs-surefire-combined,JON_106-iso-more-runs_p2_r100_t518400_6M_3d_22h_31m_38s_nationalsecurityagency.timely-3a8cbd3=timely.store.iterators.TimeSeriesGroupingIteratorTest.testMultipleTimeSeriesMovingAverage_output_1591241500,1591242820,1591241819,1001
isolation-runs-surefire-combined,JON_106-iso-more-runs_p2_r100_t518400_6M_3d_22h_31m_38s_nationalsecurityagency.timely-3a8cbd3=timely.store.iterators.TimeSeriesGroupingIteratorTest.testTimeSeriesDropOff_output_1591241500,1591242798,1591241812,986
isolation-runs-surefire-combined,JON_106-iso-more-runs_p2_r100_t518400_6M_3d_22h_31m_38s_oracle.oci-java-sdk-2e9982f=com.oracle.bmc.objectstorage.transfer.ProgressTrackerTest.singleUploadProgressTrackerFactory_resetProgressTracker_output_1591241500,1591242378,1591241822,556
isolation-runs-surefire-combined,JON_106-iso-more-runs_p2_r100_t518400_6M_3d_22h_4m_38s_alibaba.fastjson-e05e9c5=com.alibaba.json.bvt.issue_1200.Issue1298.test_for_issue_1_output_1591239880,1591240463,1591240133,330
isolation-runs-surefire-combined,JON_106-iso-more-runs_p2_r100_t518400_6M_3d_22h_4m_38s_alibaba.fastjson-e05e9c5=com.alibaba.json.bvt.issue_1200.Issue1298.test_for_issue_output_1591239880,1591240528,1591240145,383
isolation-runs-surefire-combined,JON_106-iso-more-runs_p2_r100_t518400_6M_3d_22h_4m_38s_alibaba.fastjson-e05e9c5=com.alibaba.json.bvt.parser.DefaultExtJSONParser_parseArray.test_7_output_1591239880,1591240537,1591240127,410
isolation-runs-surefire-combined,JON_106-iso-more-runs_p2_r100_t518400_6M_3d_22h_4m_38s_alibaba.fastjson-e05e9c5=com.alibaba.json.bvt.parser.DefaultExtJSONParser_parseArray.test_8_output_1591239880,1591240523,1591240142,381
isolation-runs-surefire-combined,JON_106-iso-more-runs_p2_r100_t518400_6M_3d_22h_4m_38s_alibaba.fastjson-e05e9c5=com.alibaba.json.bvt.serializer.ConcurrentHashMapTest5.test_concurrentHashmap_output_1591239880,1591240543,1591240145,398
isolation-runs-surefire-combined,JON_106-iso-more-runs_p2_r100_t518400_6M_3d_22h_4m_38s_alibaba.fastjson-e05e9c5=com.alibaba.json.bvt.serializer.ConcurrentHashMapTest6.test_concurrentHashmap_output_1591239880,1591240476,1591240139,337
isolation-runs-surefire-combined,JON_106-iso-more-runs_p2_r100_t518400_6M_3d_22h_4m_38s_apache.incubator-dubbo-737f7a7=org.apache.dubbo.remoting.exchange.support.header.HeartbeatHandlerTest.testHeartbeat_output_1591239880,1591241859,1591240133,1726
isolation-runs-surefire-combined,JON_106-iso-more-runs_p2_r100_t518400_6M_3d_22h_4m_38s_apache.incubator-dubbo-737f7a7=org.apache.dubbo.remoting.transport.netty.ClientReconnectTest.testReconnectWarnLog_output_1591239880,1591240938,1591240148,790
isolation-runs-surefire-combined,JON_106-iso-more-runs_p2_r100_t518400_6M_3d_22h_4m_38s_apache.incubator-dubbo-737f7a7=org.apache.dubbo.remoting.transport.netty.ThreadNameTest.testThreadName_output_1591239880,1591241325,1591240145,1180
isolation-runs-surefire-combined,JON_106-iso-more-runs_p2_r100_t518400_6M_3d_22h_4m_38s_apache.incubator-dubbo-737f7a7=org.apache.dubbo.rpc.protocol.dubbo.ExplicitCallbackTest.TestCallbackMultiInstans_output_1591239880,1591241065,1591240157,908
isolation-runs-surefire-combined,JON_106-iso-more-runs_p2_r100_t518400_6M_3d_22h_4m_38s_apache.incubator-dubbo-737f7a7=org.apache.dubbo.rpc.protocol.dubbo.telnet.ChangeTelnetHandlerTest.testChangePath_output_1591239880,1591240992,1591240154,838
isolation-runs-surefire-combined,JON_106-iso-more-runs_p2_r100_t518400_6M_3d_22h_4m_38s_apache.incubator-dubbo-737f7a7=org.apache.dubbo.rpc.protocol.dubbo.telnet.InvokerTelnetHandlerTest.testInvokeAutoFindMethod_output_1591239880,1591240958,1591240151,807
isolation-runs-surefire-combined,JON_106-iso-more-runs_p2_r100_t518400_6M_3d_22h_4m_38s_apache.incubator-dubbo-737f7a7=org.apache.dubbo.rpc.protocol.dubbo.telnet.InvokerTelnetHandlerTest.testInvokeByPassingNullValue_output_1591239880,1591240906,1591240148,758
isolation-runs-surefire-combined,JON_106-iso-more-runs_p2_r100_t518400_6M_3d_22h_4m_38s_apache.incubator-dubbo-737f7a7=org.apache.dubbo.rpc.protocol.dubbo.telnet.InvokerTelnetHandlerTest.testInvokeDefaultSService_output_1591239880,1591240959,1591240148,811
isolation-runs-surefire-combined,JON_106-iso-more-runs_p2_r100_t518400_6M_3d_22h_4m_38s_c2mon.c2mon-d80687b=cern.c2mon.daq.filter.dynamic.DiffMovingAverageTest.testAverage_output_1591239880,1591240447,1591240154,293
isolation-runs-surefire-combined,JON_106-iso-more-runs_p2_r100_t518400_6M_3d_22h_4m_38s_apache.incubator-dubbo-737f7a7=org.apache.dubbo.rpc.protocol.dubbo.telnet.ListTelnetHandlerTest.testList_output_1591239880,1591241079,1591240154,925
isolation-runs-surefire-combined,JON_106-iso-more-runs_p2_r100_t518400_6M_3d_22h_4m_38s_apache.incubator-dubbo-737f7a7=org.apache.dubbo.rpc.protocol.dubbo.telnet.ListTelnetHandlerTest.testListService_output_1591239880,1591240941,1591240148,793
isolation-runs-surefire-combined,JON_106-iso-more-runs_p2_r100_t518400_6M_3d_22h_4m_38s_apache.incubator-dubbo-737f7a7=org.apache.dubbo.rpc.protocol.dubbo.telnet.PortTelnetHandlerTest.testListAllPort_output_1591239880,1591241040,1591240154,886
isolation-runs-surefire-combined,JON_106-iso-more-runs_p2_r100_t518400_6M_3d_22h_4m_38s_apache.incubator-dubbo-737f7a7=org.apache.dubbo.rpc.protocol.dubbo.telnet.PortTelnetHandlerTest.testListDetail_output_1591239880,1591240919,1591240151,768
isolation-runs-surefire-combined,JON_106-iso-more-runs_p2_r100_t518400_6M_3d_22h_4m_38s_c2mon.c2mon-d80687b=cern.c2mon.server.common.republisher.RepublisherImplTest.testMultipleExceptions_output_1591239880,1591240547,1591240157,390
isolation-runs-surefire-combined,JON_106-iso-more-runs_p2_r100_t518400_6M_3d_22h_4m_38s_c2mon.c2mon-d80687b=cern.c2mon.server.common.republisher.RepublisherImplTest.testMultiplePublicationsWithExceptions_output_1591239880,1591240574,1591240154,420
isolation-runs-surefire-combined,JON_106-iso-more-runs_p2_r100_t518400_6M_3d_22h_4m_38s_codingchili.excelastic-6bb7884=com.codingchili.TestWriter.shouldWriteToElasticPort_output_1591239880,1591240721,1591240154,567
isolation-runs-surefire-combined,JON_106-iso-more-runs_p2_r100_t518400_6M_3d_22h_4m_38s_davidmoten.rxjava2-extras-d0315b6=com.github.davidmoten.rx2.buffertofile.FlowableOnBackpressureBufferToFileTest.testCancelObservable_output_1591239880,1591240686,1591240163,523
isolation-runs-surefire-combined,JON_106-iso-more-runs_p2_r100_t518400_6M_3d_22h_4m_38s_davidmoten.rxjava2-extras-d0315b6=com.github.davidmoten.rx2.buffertofile.FlowableOnBackpressureBufferToFileTest.testCancel_output_1591239880,1591240689,1591240157,532
isolation-runs-surefire-combined,JON_106-iso-more-runs_p2_r100_t518400_6M_3d_22h_4m_38s_davidmoten.rxjava2-extras-d0315b6=com.github.davidmoten.rx2.internal.flowable.FlowableServerSocketTest.testLoad_output_1591239880,1591241774,1591240160,1614
isolation-runs-surefire-combined,JON_106-iso-more-runs_p2_r100_t518400_6M_3d_22h_4m_38s_elasticjob.elastic-job-lite-b022898=io.elasticjob.lite.internal.failover.FailoverServiceTest.assertGetLocalFailoverItemsIfShutdown_output_1591239880,1591240651,1591240160,491
isolation-runs-surefire-combined,JON_106-iso-more-runs_p2_r100_t518400_6M_3d_22h_4m_38s_espertechinc.esper-590fa9c=com.espertech.esper.example.rfidassetzone.TestLRMovingSimMain.testSim_output_1591239880,1591241244,1591240160,1084
isolation-runs-surefire-combined,JON_106-iso-more-runs_p2_r100_t518400_6M_3d_22h_4m_38s_feroult.yawp-b3bcf9c=io.yawp.testing.appengine.pipes.flow.FlowDropsTest.testFlowDropsToSameSink_output_1591239880,1591240752,1591240163,589
isolation-runs-surefire-combined,JON_106-iso-more-runs_p2_r100_t518400_6M_3d_22h_4m_38s_flaxsearch.luwak-c27ec08=uk.co.flax.luwak.matchers.TestParallelMatcher.testParallelSlowLog_output_1591239880,1591240555,1591240163,392
isolation-runs-surefire-combined,JON_106-iso-more-runs_p2_r100_t518400_6M_3d_22h_4m_38s_flaxsearch.luwak-c27ec08=uk.co.flax.luwak.matchers.TestPartitionMatcher.testParallelSlowLog_output_1591239880,1591240548,1591240163,385
isolation-runs-surefire-combined,JON_106-iso-more-runs_p2_r100_t518400_6M_3d_22h_4m_38s_fluent.fluent-logger-java-da14ec3=org.fluentd.logger.TestFluentLogger.testClose_output_1591239880,1591240466,1591240163,303
isolation-runs-surefire-combined,JON_106-iso-more-runs_p2_r100_t518400_6M_3d_22h_4m_38s_fluent.fluent-logger-java-da14ec3=org.fluentd.logger.TestFluentLogger.testFlushOnClose_output_1591239880,1591240505,1591240166,339
isolation-runs-surefire-combined,JON_106-iso-more-runs_p2_r100_t518400_6M_3d_22h_4m_38s_fluent.fluent-logger-java-da14ec3=org.fluentd.logger.TestFluentLogger.testInMultiThreading_output_1591239880,1591240877,1591240169,708
isolation-runs-surefire-combined,JON_106-iso-more-runs_p2_r100_t518400_6M_3d_22h_4m_38s_fluent.fluent-logger-java-da14ec3=org.fluentd.logger.TestFluentLogger.testNormal01_output_1591239880,1591240676,1591240163,513
isolation-runs-surefire-combined,JON_106-iso-more-runs_p2_r100_t518400_6M_3d_22h_4m_38s_fluent.fluent-logger-java-da14ec3=org.fluentd.logger.TestFluentLogger.testNormal02_output_1591239880,1591240715,1591240166,549
isolation-runs-surefire-combined,JON_106-iso-more-runs_p2_r100_t518400_6M_3d_22h_4m_38s_fluent.fluent-logger-java-da14ec3=org.fluentd.logger.TestFluentLogger.testReconnection_output_1591239880,1591241194,1591240139,1055
isolation-runs-surefire-combined,JON_106-iso-more-runs_p2_r100_t518400_6M_3d_22h_4m_38s_javadelight.delight-nashorn-sandbox-da35edc=delight.nashornsandbox.TestGetFunction.test_output_1591239880,1591240609,1591240166,443
isolation-runs-surefire-combined,JON_106-iso-more-runs_p2_r100_t518400_6M_3d_22h_4m_38s_javadelight.delight-nashorn-sandbox-da35edc=delight.nashornsandbox.TestIssue34.testIssue34_Scenario1_output_1591239880,1591240672,1591240166,506
isolation-runs-surefire-combined,JON_106-iso-more-runs_p2_r100_t518400_6M_3d_22h_4m_38s_javadelight.delight-nashorn-sandbox-da35edc=delight.nashornsandbox.TestMemoryLimit.test_no_abuse_output_1591239880,1591240705,1591240166,539
isolation-runs-surefire-combined,JON_106-iso-more-runs_p2_r100_t518400_6M_3d_22h_4m_38s_kagkarlsson.db-scheduler-4a8a28e=com.github.kagkarlsson.scheduler.compatibility.HsqlCompatibilityTest.test_compatibility_output_1591239880,1591241506,1591240169,1337
isolation-runs-surefire-combined,JON_106-iso-more-runs_p2_r100_t518400_6M_3d_22h_4m_38s_kagkarlsson.db-scheduler-4a8a28e=com.github.kagkarlsson.scheduler.compatibility.HsqlCompatibilityTest.test_jdbc_repository_compatibility_with_data_output_1591239880,1591240569,1591240175,394
isolation-runs-surefire-combined,JON_106-iso-more-runs_p2_r100_t518400_6M_3d_22h_4m_38s_kagkarlsson.db-scheduler-4a8a28e=com.github.kagkarlsson.scheduler.DeadExecutionsTest.scheduler_should_detect_dead_execution_that_never_updated_heartbeat_output_1591239880,1591240514,1591240166,348
isolation-runs-surefire-combined,JON_106-iso-more-runs_p2_r100_t518400_6M_3d_22h_4m_38s_kagkarlsson.db-scheduler-4a8a28e=com.github.kagkarlsson.scheduler.DeadExecutionsTest.scheduler_should_handle_dead_executions_output_1591239880,1591240614,1591240178,436
isolation-runs-surefire-combined,JON_106-iso-more-runs_p2_r100_t518400_6M_3d_22h_4m_38s_kagkarlsson.db-scheduler-4a8a28e=com.github.kagkarlsson.scheduler.SchedulerClientTest.client_should_be_able_to_fetch_executions_for_task_output_1591239880,1591240506,1591240166,340
isolation-runs-surefire-combined,JON_106-iso-more-runs_p2_r100_t518400_6M_3d_22h_4m_38s_kagkarlsson.db-scheduler-4a8a28e=com.github.kagkarlsson.scheduler.SchedulerClientTest.client_should_be_able_to_schedule_executions_output_1591239880,1591240529,1591240169,360
isolation-runs-surefire-combined,JON_106-iso-more-runs_p2_r100_t518400_6M_3d_22h_4m_38s_kagkarlsson.db-scheduler-4a8a28e=com.github.kagkarlsson.scheduler.SchedulerClientTest.should_be_able_to_schedule_other_executions_from_an_executionhandler_output_1591239880,1591240497,1591240166,331
isolation-runs-surefire-combined,JON_106-iso-more-runs_p2_r100_t518400_6M_3d_22h_4m_38s_kagkarlsson.db-scheduler-4a8a28e=com.github.kagkarlsson.scheduler.WaiterTest.should_wait_until_woken_output_1591239880,1591240486,1591240169,317
isolation-runs-surefire-combined,JON_106-iso-more-runs_p2_r100_t518400_6M_3d_22h_4m_38s_looly.hutool-91565d0=cn.hutool.cron.test.CronTest.matchAllTest_output_1591239880,1591240547,1591240169,378
isolation-runs-surefire-combined,JON_106-iso-more-runs_p2_r100_t518400_6M_3d_22h_4m_38s_nationalsecurityagency.timely-3a8cbd3=timely.store.iterators.TimeSeriesGroupingIteratorTest.testAdditionalTimeSeries_output_1591239880,1591241160,1591240169,991
isolation-runs-surefire-combined,JON_106-iso-more-runs_p2_r100_t518400_6M_3d_22h_4m_38s_nationalsecurityagency.timely-3a8cbd3=timely.store.iterators.TimeSeriesGroupingIteratorTest.testManySparseTimeSeries_output_1591239880,1591241200,1591240169,1031
isolation-runs-surefire-combined,JON_106-iso-more-runs_p2_r100_t518400_6M_3d_22h_4m_38s_nationalsecurityagency.timely-3a8cbd3=timely.store.iterators.TimeSeriesGroupingIteratorTest.testMultipleTimeSeriesMovingAverage_output_1591239880,1591241376,1591240172,1204
isolation-runs-surefire-combined,JON_106-iso-more-runs_p2_r100_t518400_6M_3d_22h_4m_38s_nationalsecurityagency.timely-3a8cbd3=timely.store.iterators.TimeSeriesGroupingIteratorTest.testTimeSeriesDropOff_output_1591239880,1591241177,1591240169,1008
isolation-runs-surefire-combined,JON_106-iso-more-runs_p2_r100_t518400_6M_3d_22h_4m_38s_oracle.oci-java-sdk-2e9982f=com.oracle.bmc.objectstorage.transfer.ProgressTrackerTest.singleUploadProgressTrackerFactory_resetProgressTracker_output_1591239880,1591240726,1591240172,554
isolation-runs-surefire-combined,JON_106-iso-more-runs_p2_r100_t518400_6M_3d_22h_7m_38s_alibaba.fastjson-e05e9c5=com.alibaba.json.bvt.issue_1200.Issue1298.test_for_issue_1_output_1591240060,1591240779,1591240323,456
isolation-runs-surefire-combined,JON_106-iso-more-runs_p2_r100_t518400_6M_3d_22h_7m_38s_alibaba.fastjson-e05e9c5=com.alibaba.json.bvt.issue_1200.Issue1298.test_for_issue_output_1591240060,1591240780,1591240323,457
isolation-runs-surefire-combined,JON_106-iso-more-runs_p2_r100_t518400_6M_3d_22h_7m_38s_alibaba.fastjson-e05e9c5=com.alibaba.json.bvt.parser.DefaultExtJSONParser_parseArray.test_7_output_1591240060,1591240812,1591240277,535
isolation-runs-surefire-combined,JON_106-iso-more-runs_p2_r100_t518400_6M_3d_22h_7m_38s_alibaba.fastjson-e05e9c5=com.alibaba.json.bvt.parser.DefaultExtJSONParser_parseArray.test_8_output_1591240060,1591240775,1591240302,473
isolation-runs-surefire-combined,JON_106-iso-more-runs_p2_r100_t518400_6M_3d_22h_7m_38s_alibaba.fastjson-e05e9c5=com.alibaba.json.bvt.serializer.ConcurrentHashMapTest5.test_concurrentHashmap_output_1591240060,1591240759,1591240289,470
isolation-runs-surefire-combined,JON_106-iso-more-runs_p2_r100_t518400_6M_3d_22h_7m_38s_alibaba.fastjson-e05e9c5=com.alibaba.json.bvt.serializer.ConcurrentHashMapTest6.test_concurrentHashmap_output_1591240060,1591240787,1591240290,497
isolation-runs-surefire-combined,JON_106-iso-more-runs_p2_r100_t518400_6M_3d_22h_7m_38s_apache.incubator-dubbo-737f7a7=org.apache.dubbo.remoting.exchange.support.header.HeartbeatHandlerTest.testHeartbeat_output_1591240060,1591242224,1591240329,1895
isolation-runs-surefire-combined,JON_106-iso-more-runs_p2_r100_t518400_6M_3d_22h_7m_38s_apache.incubator-dubbo-737f7a7=org.apache.dubbo.remoting.transport.netty.ClientReconnectTest.testReconnectWarnLog_output_1591240060,1591241440,1591240329,1111
isolation-runs-surefire-combined,JON_106-iso-more-runs_p2_r100_t518400_6M_3d_22h_7m_38s_apache.incubator-dubbo-737f7a7=org.apache.dubbo.remoting.transport.netty.ThreadNameTest.testThreadName_output_1591240060,1591241673,1591240323,1350
isolation-runs-surefire-combined,JON_106-iso-more-runs_p2_r100_t518400_6M_3d_22h_7m_38s_apache.incubator-dubbo-737f7a7=org.apache.dubbo.rpc.protocol.dubbo.ExplicitCallbackTest.TestCallbackMultiInstans_output_1591240060,1591241452,1591240331,1121
isolation-runs-surefire-combined,JON_106-iso-more-runs_p2_r100_t518400_6M_3d_22h_7m_38s_apache.incubator-dubbo-737f7a7=org.apache.dubbo.rpc.protocol.dubbo.telnet.ChangeTelnetHandlerTest.testChangePath_output_1591240060,1591241431,1591240331,1100
isolation-runs-surefire-combined,JON_106-iso-more-runs_p2_r100_t518400_6M_3d_22h_7m_38s_apache.incubator-dubbo-737f7a7=org.apache.dubbo.rpc.protocol.dubbo.telnet.InvokerTelnetHandlerTest.testInvokeAutoFindMethod_output_1591240060,1591241476,1591240331,1145
isolation-runs-surefire-combined,JON_106-iso-more-runs_p2_r100_t518400_6M_3d_22h_7m_38s_apache.incubator-dubbo-737f7a7=org.apache.dubbo.rpc.protocol.dubbo.telnet.InvokerTelnetHandlerTest.testInvokeByPassingNullValue_output_1591240060,1591241375,1591240329,1046
isolation-runs-surefire-combined,JON_106-iso-more-runs_p2_r100_t518400_6M_3d_22h_7m_38s_apache.incubator-dubbo-737f7a7=org.apache.dubbo.rpc.protocol.dubbo.telnet.InvokerTelnetHandlerTest.testInvokeDefaultSService_output_1591240060,1591241715,1591240332,1383
isolation-runs-surefire-combined,JON_106-iso-more-runs_p2_r100_t518400_6M_3d_22h_7m_38s_apache.incubator-dubbo-737f7a7=org.apache.dubbo.rpc.protocol.dubbo.telnet.ListTelnetHandlerTest.testList_output_1591240060,1591241218,1591240331,887
isolation-runs-surefire-combined,JON_106-iso-more-runs_p2_r100_t518400_6M_3d_22h_7m_38s_apache.incubator-dubbo-737f7a7=org.apache.dubbo.rpc.protocol.dubbo.telnet.ListTelnetHandlerTest.testListService_output_1591240060,1591241340,1591240331,1009
isolation-runs-surefire-combined,JON_106-iso-more-runs_p2_r100_t518400_6M_3d_22h_7m_38s_apache.incubator-dubbo-737f7a7=org.apache.dubbo.rpc.protocol.dubbo.telnet.PortTelnetHandlerTest.testListAllPort_output_1591240060,1591241216,1591240335,881
isolation-runs-surefire-combined,JON_106-iso-more-runs_p2_r100_t518400_6M_3d_22h_7m_38s_apache.incubator-dubbo-737f7a7=org.apache.dubbo.rpc.protocol.dubbo.telnet.PortTelnetHandlerTest.testListDetail_output_1591240060,1591241288,1591240331,957
isolation-runs-surefire-combined,JON_106-iso-more-runs_p2_r100_t518400_6M_3d_22h_7m_38s_c2mon.c2mon-d80687b=cern.c2mon.daq.filter.dynamic.DiffMovingAverageTest.testAverage_output_1591240060,1591240747,1591240334,413
isolation-runs-surefire-combined,JON_106-iso-more-runs_p2_r100_t518400_6M_3d_22h_7m_38s_c2mon.c2mon-d80687b=cern.c2mon.server.common.republisher.RepublisherImplTest.testMultipleExceptions_output_1591240060,1591240805,1591240334,471
isolation-runs-surefire-combined,JON_106-iso-more-runs_p2_r100_t518400_6M_3d_22h_7m_38s_c2mon.c2mon-d80687b=cern.c2mon.server.common.republisher.RepublisherImplTest.testMultiplePublicationsWithExceptions_output_1591240060,1591240855,1591240331,524
isolation-runs-surefire-combined,JON_106-iso-more-runs_p2_r100_t518400_6M_3d_22h_7m_38s_codingchili.excelastic-6bb7884=com.codingchili.TestWriter.shouldWriteToElasticPort_output_1591240060,1591240940,1591240335,605
isolation-runs-surefire-combined,JON_106-iso-more-runs_p2_r100_t518400_6M_3d_22h_7m_38s_davidmoten.rxjava2-extras-d0315b6=com.github.davidmoten.rx2.buffertofile.FlowableOnBackpressureBufferToFileTest.testCancelObservable_output_1591240060,1591240904,1591240317,587
isolation-runs-surefire-combined,JON_106-iso-more-runs_p2_r100_t518400_6M_3d_22h_7m_38s_fluent.fluent-logger-java-da14ec3=org.fluentd.logger.TestFluentLogger.testClose_output_1591240060,1591240657,1591240338,319
isolation-runs-surefire-combined,JON_106-iso-more-runs_p2_r100_t518400_6M_3d_22h_7m_38s_davidmoten.rxjava2-extras-d0315b6=com.github.davidmoten.rx2.buffertofile.FlowableOnBackpressureBufferToFileTest.testCancel_output_1591240060,1591240908,1591240305,603
isolation-runs-surefire-combined,JON_106-iso-more-runs_p2_r100_t518400_6M_3d_22h_7m_38s_davidmoten.rxjava2-extras-d0315b6=com.github.davidmoten.rx2.internal.flowable.FlowableServerSocketTest.testLoad_output_1591240060,1591241941,1591240338,1603
isolation-runs-surefire-combined,JON_106-iso-more-runs_p2_r100_t518400_6M_3d_22h_7m_38s_elasticjob.elastic-job-lite-b022898=io.elasticjob.lite.internal.failover.FailoverServiceTest.assertGetLocalFailoverItemsIfShutdown_output_1591240060,1591240900,1591240334,566
isolation-runs-surefire-combined,JON_106-iso-more-runs_p2_r100_t518400_6M_3d_22h_7m_38s_espertechinc.esper-590fa9c=com.espertech.esper.example.rfidassetzone.TestLRMovingSimMain.testSim_output_1591240060,1591241545,1591240338,1207
isolation-runs-surefire-combined,JON_106-iso-more-runs_p2_r100_t518400_6M_3d_22h_7m_38s_feroult.yawp-b3bcf9c=io.yawp.testing.appengine.pipes.flow.FlowDropsTest.testFlowDropsToSameSink_output_1591240060,1591241073,1591240338,735
isolation-runs-surefire-combined,JON_106-iso-more-runs_p2_r100_t518400_6M_3d_22h_7m_38s_flaxsearch.luwak-c27ec08=uk.co.flax.luwak.matchers.TestParallelMatcher.testParallelSlowLog_output_1591240060,1591240748,1591240338,410
isolation-runs-surefire-combined,JON_106-iso-more-runs_p2_r100_t518400_6M_3d_22h_7m_38s_flaxsearch.luwak-c27ec08=uk.co.flax.luwak.matchers.TestPartitionMatcher.testParallelSlowLog_output_1591240060,1591240766,1591240341,425
isolation-runs-surefire-combined,JON_106-iso-more-runs_p2_r100_t518400_6M_3d_22h_7m_38s_fluent.fluent-logger-java-da14ec3=org.fluentd.logger.TestFluentLogger.testFlushOnClose_output_1591240060,1591240750,1591240347,403
isolation-runs-surefire-combined,JON_106-iso-more-runs_p2_r100_t518400_6M_3d_22h_7m_38s_fluent.fluent-logger-java-da14ec3=org.fluentd.logger.TestFluentLogger.testInMultiThreading_output_1591240060,1591241103,1591240341,762
isolation-runs-surefire-combined,JON_106-iso-more-runs_p2_r100_t518400_6M_3d_22h_7m_38s_fluent.fluent-logger-java-da14ec3=org.fluentd.logger.TestFluentLogger.testNormal01_output_1591240060,1591240926,1591240347,579
isolation-runs-surefire-combined,JON_106-iso-more-runs_p2_r100_t518400_6M_3d_22h_7m_38s_fluent.fluent-logger-java-da14ec3=org.fluentd.logger.TestFluentLogger.testNormal02_output_1591240060,1591240940,1591240350,590
isolation-runs-surefire-combined,JON_106-iso-more-runs_p2_r100_t518400_6M_3d_22h_7m_38s_fluent.fluent-logger-java-da14ec3=org.fluentd.logger.TestFluentLogger.testReconnection_output_1591240060,1591241518,1591240341,1177
isolation-runs-surefire-combined,JON_106-iso-more-runs_p2_r100_t518400_6M_3d_22h_7m_38s_javadelight.delight-nashorn-sandbox-da35edc=delight.nashornsandbox.TestGetFunction.test_output_1591240060,1591240958,1591240344,614
isolation-runs-surefire-combined,JON_106-iso-more-runs_p2_r100_t518400_6M_3d_22h_7m_38s_javadelight.delight-nashorn-sandbox-da35edc=delight.nashornsandbox.TestIssue34.testIssue34_Scenario1_output_1591240060,1591240958,1591240341,617
isolation-runs-surefire-combined,JON_106-iso-more-runs_p2_r100_t518400_6M_3d_22h_7m_38s_javadelight.delight-nashorn-sandbox-da35edc=delight.nashornsandbox.TestMemoryLimit.test_no_abuse_output_1591240060,1591240959,1591240341,618
isolation-runs-surefire-combined,JON_106-iso-more-runs_p2_r100_t518400_6M_3d_22h_7m_38s_kagkarlsson.db-scheduler-4a8a28e=com.github.kagkarlsson.scheduler.compatibility.HsqlCompatibilityTest.test_compatibility_output_1591240060,1591241875,1591240353,1522
isolation-runs-surefire-combined,JON_106-iso-more-runs_p2_r100_t518400_6M_3d_22h_7m_38s_kagkarlsson.db-scheduler-4a8a28e=com.github.kagkarlsson.scheduler.compatibility.HsqlCompatibilityTest.test_jdbc_repository_compatibility_with_data_output_1591240060,1591240746,1591240356,390
isolation-runs-surefire-combined,JON_106-iso-more-runs_p2_r100_t518400_6M_3d_22h_7m_38s_kagkarlsson.db-scheduler-4a8a28e=com.github.kagkarlsson.scheduler.DeadExecutionsTest.scheduler_should_detect_dead_execution_that_never_updated_heartbeat_output_1591240060,1591240794,1591240356,438
isolation-runs-surefire-combined,JON_106-iso-more-runs_p2_r100_t518400_6M_3d_22h_7m_38s_kagkarlsson.db-scheduler-4a8a28e=com.github.kagkarlsson.scheduler.DeadExecutionsTest.scheduler_should_handle_dead_executions_output_1591240060,1591240775,1591240356,419
isolation-runs-surefire-combined,JON_106-iso-more-runs_p2_r100_t518400_6M_3d_22h_7m_38s_kagkarlsson.db-scheduler-4a8a28e=com.github.kagkarlsson.scheduler.SchedulerClientTest.client_should_be_able_to_fetch_executions_for_task_output_1591240060,1591240744,1591240359,385
isolation-runs-surefire-combined,JON_106-iso-more-runs_p2_r100_t518400_6M_3d_22h_7m_38s_kagkarlsson.db-scheduler-4a8a28e=com.github.kagkarlsson.scheduler.SchedulerClientTest.client_should_be_able_to_schedule_executions_output_1591240060,1591240749,1591240353,396
isolation-runs-surefire-combined,JON_106-iso-more-runs_p2_r100_t518400_6M_3d_22h_7m_38s_kagkarlsson.db-scheduler-4a8a28e=com.github.kagkarlsson.scheduler.SchedulerClientTest.should_be_able_to_schedule_other_executions_from_an_executionhandler_output_1591240060,1591240771,1591240353,418
isolation-runs-surefire-combined,JON_106-iso-more-runs_p2_r100_t518400_6M_3d_22h_7m_38s_kagkarlsson.db-scheduler-4a8a28e=com.github.kagkarlsson.scheduler.WaiterTest.should_wait_until_woken_output_1591240060,1591240697,1591240353,344
isolation-runs-surefire-combined,JON_106-iso-more-runs_p2_r100_t518400_6M_3d_22h_7m_38s_looly.hutool-91565d0=cn.hutool.cron.test.CronTest.matchAllTest_output_1591240060,1591240793,1591240359,434
isolation-runs-surefire-combined,JON_106-iso-more-runs_p2_r100_t518400_6M_3d_22h_7m_38s_nationalsecurityagency.timely-3a8cbd3=timely.store.iterators.TimeSeriesGroupingIteratorTest.testAdditionalTimeSeries_output_1591240060,1591241601,1591240359,1242
isolation-runs-surefire-combined,JON_106-iso-more-runs_p2_r100_t518400_6M_3d_22h_7m_38s_nationalsecurityagency.timely-3a8cbd3=timely.store.iterators.TimeSeriesGroupingIteratorTest.testManySparseTimeSeries_output_1591240060,1591241680,1591240362,1318
isolation-runs-surefire-combined,JON_106-iso-more-runs_p2_r100_t518400_6M_3d_22h_7m_38s_nationalsecurityagency.timely-3a8cbd3=timely.store.iterators.TimeSeriesGroupingIteratorTest.testMultipleTimeSeriesMovingAverage_output_1591240060,1591241616,1591240359,1257
isolation-runs-surefire-combined,JON_106-iso-more-runs_p2_r100_t518400_6M_3d_22h_7m_38s_nationalsecurityagency.timely-3a8cbd3=timely.store.iterators.TimeSeriesGroupingIteratorTest.testTimeSeriesDropOff_output_1591240060,1591241665,1591240362,1303
isolation-runs-surefire-combined,JON_106-iso-more-runs_p2_r100_t518400_6M_3d_22h_7m_38s_oracle.oci-java-sdk-2e9982f=com.oracle.bmc.objectstorage.transfer.ProgressTrackerTest.singleUploadProgressTrackerFactory_resetProgressTracker_output_1591240060,1591240990,1591240359,631
isolation-runs-surefire-combined,JON_isolation-apereo-zalando_r100_t518400_6M_5d_18h_43m_42s_apereo.java-cas-client-574b74f=org.jasig.cas.client.validation.AssertionImplTests.testAssertionValidity_output_1591400623,1591400863,1591400840,23
isolation-runs-surefire-combined,JON_isolation-apereo-zalando_r100_t518400_6M_5d_18h_43m_42s_zalando.riptide-8277e11=org.zalando.riptide.failsafe.RetryAfterDelayFunctionTest.shouldRetryWithDynamicDelayDate_output_1591400623,1591401853,1591400865,988
isolation-runs-surefire-combined,JON_isolation-apereo-zalando_r100_t518400_6M_5d_18h_46m_39s_apereo.java-cas-client-574b74f=org.jasig.cas.client.validation.AssertionImplTests.testAssertionValidity_output_1591400800,1591401045,1591401021,24
isolation-runs-surefire-combined,JON_isolation-apereo-zalando_r100_t518400_6M_5d_18h_46m_39s_zalando.riptide-8277e11=org.zalando.riptide.failsafe.RetryAfterDelayFunctionTest.shouldRetryWithDynamicDelayDate_output_1591400800,1591402021,1591401046,975
isolation-runs-surefire-combined,JON_isolation-apereo-zalando_r100_t518400_6M_5d_18h_49m_39s_apereo.java-cas-client-574b74f=org.jasig.cas.client.validation.AssertionImplTests.testAssertionValidity_output_1591400980,1591401231,1591401207,24
isolation-runs-surefire-combined,JON_isolation-apereo-zalando_r100_t518400_6M_5d_18h_49m_39s_zalando.riptide-8277e11=org.zalando.riptide.failsafe.RetryAfterDelayFunctionTest.shouldRetryWithDynamicDelayDate_output_1591400980,1591402205,1591401221,984
isolation-runs-surefire-combined,JON_isolation-apereo-zalando_r100_t518400_6M_5d_18h_52m_39s_apereo.java-cas-client-574b74f=org.jasig.cas.client.validation.AssertionImplTests.testAssertionValidity_output_1591401160,1591401400,1591401378,22
isolation-runs-surefire-combined,JON_isolation-apereo-zalando_r100_t518400_6M_5d_18h_52m_39s_zalando.riptide-8277e11=org.zalando.riptide.failsafe.RetryAfterDelayFunctionTest.shouldRetryWithDynamicDelayDate_output_1591401160,1591402306,1591401382,924
isolation-runs-surefire-combined,JON_isolation-apereo-zalando_r100_t518400_6M_5d_18h_55m_39s_apereo.java-cas-client-574b74f=org.jasig.cas.client.validation.AssertionImplTests.testAssertionValidity_output_1591401340,1591401634,1591401614,20
isolation-runs-surefire-combined,JON_isolation-apereo-zalando_r100_t518400_6M_5d_18h_55m_39s_zalando.riptide-8277e11=org.zalando.riptide.failsafe.RetryAfterDelayFunctionTest.shouldRetryWithDynamicDelayDate_output_1591401340,1591402419,1591401638,781
isolation-runs-surefire-combined,JON_isolation-apereo-zalando_r100_t518400_6M_5d_18h_58m_39s_apereo.java-cas-client-574b74f=org.jasig.cas.client.validation.AssertionImplTests.testAssertionValidity_output_1591401520,1591401762,1591401740,22
isolation-runs-surefire-combined,JON_isolation-apereo-zalando_r100_t518400_6M_5d_18h_58m_39s_zalando.riptide-8277e11=org.zalando.riptide.failsafe.RetryAfterDelayFunctionTest.shouldRetryWithDynamicDelayDate_output_1591401520,1591402644,1591401765,879
isolation-runs-surefire-combined,JON_isolation-apereo-zalando_r100_t518400_6M_5d_19h_10m_39s_apereo.java-cas-client-574b74f=org.jasig.cas.client.validation.AssertionImplTests.testAssertionValidity_output_1591402240,1591402485,1591402462,23
isolation-runs-surefire-combined,JON_isolation-apereo-zalando_r100_t518400_6M_5d_19h_10m_39s_zalando.riptide-8277e11=org.zalando.riptide.failsafe.RetryAfterDelayFunctionTest.shouldRetryWithDynamicDelayDate_output_1591402240,1591403487,1591402478,1009
isolation-runs-surefire-combined,JON_isolation-apereo-zalando_r100_t518400_6M_5d_19h_11m_36s_apereo.java-cas-client-574b74f=org.jasig.cas.client.validation.AssertionImplTests.testAssertionValidity_output_1591402297,1591402532,1591402510,22
isolation-runs-surefire-combined,JON_isolation-apereo-zalando_r100_t518400_6M_5d_19h_11m_36s_zalando.riptide-8277e11=org.zalando.riptide.failsafe.RetryAfterDelayFunctionTest.shouldRetryWithDynamicDelayDate_output_1591402297,1591403390,1591402536,854
isolation-runs-surefire-combined,JON_isolation-apereo-zalando_r100_t518400_6M_5d_19h_12m_36s_apereo.java-cas-client-574b74f=org.jasig.cas.client.validation.AssertionImplTests.testAssertionValidity_output_1591402357,1591402627,1591402603,24
isolation-runs-surefire-combined,JON_isolation-apereo-zalando_r100_t518400_6M_5d_19h_12m_36s_zalando.riptide-8277e11=org.zalando.riptide.failsafe.RetryAfterDelayFunctionTest.shouldRetryWithDynamicDelayDate_output_1591402357,1591403588,1591402629,959
isolation-runs-surefire-combined,JON_isolation-apereo-zalando_r100_t518400_6M_5d_19h_13m_36s_apereo.java-cas-client-574b74f=org.jasig.cas.client.validation.AssertionImplTests.testAssertionValidity_output_1591402417,1591402660,1591402636,24
isolation-runs-surefire-combined,JON_isolation-apereo-zalando_r100_t518400_6M_5d_19h_13m_36s_zalando.riptide-8277e11=org.zalando.riptide.failsafe.RetryAfterDelayFunctionTest.shouldRetryWithDynamicDelayDate_output_1591402417,1591403656,1591402661,995
isolation-runs-surefire-combined,JON_isolation-apereo-zalando_r100_t518400_6M_5d_19h_14m_36s_apereo.java-cas-client-574b74f=org.jasig.cas.client.validation.AssertionImplTests.testAssertionValidity_output_1591402477,1591402721,1591402697,24
isolation-runs-surefire-combined,JON_isolation-apereo-zalando_r100_t518400_6M_5d_19h_14m_36s_zalando.riptide-8277e11=org.zalando.riptide.failsafe.RetryAfterDelayFunctionTest.shouldRetryWithDynamicDelayDate_output_1591402477,1591403629,1591402692,937
isolation-runs-surefire-combined,JON_isolation-apereo-zalando_r100_t518400_6M_5d_19h_15m_36s_apereo.java-cas-client-574b74f=org.jasig.cas.client.validation.AssertionImplTests.testAssertionValidity_output_1591402537,1591402782,1591402758,24
isolation-runs-surefire-combined,JON_isolation-apereo-zalando_r100_t518400_6M_5d_19h_15m_36s_zalando.riptide-8277e11=org.zalando.riptide.failsafe.RetryAfterDelayFunctionTest.shouldRetryWithDynamicDelayDate_output_1591402537,1591403654,1591402751,903
isolation-runs-surefire-combined,JON_isolation-apereo-zalando_r100_t518400_6M_5d_19h_16m_36s_apereo.java-cas-client-574b74f=org.jasig.cas.client.validation.AssertionImplTests.testAssertionValidity_output_1591402597,1591402846,1591402822,24
isolation-runs-surefire-combined,JON_isolation-apereo-zalando_r100_t518400_6M_5d_19h_16m_36s_zalando.riptide-8277e11=org.zalando.riptide.failsafe.RetryAfterDelayFunctionTest.shouldRetryWithDynamicDelayDate_output_1591402597,1591403795,1591402849,946
isolation-runs-surefire-combined,JON_isolation-apereo-zalando_r100_t518400_6M_5d_19h_17m_36s_apereo.java-cas-client-574b74f=org.jasig.cas.client.validation.AssertionImplTests.testAssertionValidity_output_1591402657,1591402935,1591402912,23
isolation-runs-surefire-combined,JON_isolation-apereo-zalando_r100_t518400_6M_5d_19h_17m_36s_zalando.riptide-8277e11=org.zalando.riptide.failsafe.RetryAfterDelayFunctionTest.shouldRetryWithDynamicDelayDate_output_1591402657,1591403903,1591402932,971
isolation-runs-surefire-combined,JON_isolation-apereo-zalando_r100_t518400_6M_5d_19h_18m_36s_apereo.java-cas-client-574b74f=org.jasig.cas.client.validation.AssertionImplTests.testAssertionValidity_output_1591402717,1591403007,1591402983,24
isolation-runs-surefire-combined,JON_isolation-apereo-zalando_r100_t518400_6M_5d_19h_18m_36s_zalando.riptide-8277e11=org.zalando.riptide.failsafe.RetryAfterDelayFunctionTest.shouldRetryWithDynamicDelayDate_output_1591402717,1591403963,1591403007,956
isolation-runs-surefire-combined,JON_isolation-apereo-zalando_r100_t518400_6M_5d_19h_19m_36s_apereo.java-cas-client-574b74f=org.jasig.cas.client.validation.AssertionImplTests.testAssertionValidity_output_1591402777,1591403046,1591403024,22
isolation-runs-surefire-combined,JON_isolation-apereo-zalando_r100_t518400_6M_5d_19h_19m_36s_zalando.riptide-8277e11=org.zalando.riptide.failsafe.RetryAfterDelayFunctionTest.shouldRetryWithDynamicDelayDate_output_1591402777,1591403962,1591403027,935
isolation-runs-surefire-combined,JON_isolation-apereo-zalando_r100_t518400_6M_5d_19h_1m_39s_apereo.java-cas-client-574b74f=org.jasig.cas.client.validation.AssertionImplTests.testAssertionValidity_output_1591401700,1591401928,1591401904,24
isolation-runs-surefire-combined,JON_isolation-apereo-zalando_r100_t518400_6M_5d_19h_1m_39s_zalando.riptide-8277e11=org.zalando.riptide.failsafe.RetryAfterDelayFunctionTest.shouldRetryWithDynamicDelayDate_output_1591401700,1591402907,1591401929,978
isolation-runs-surefire-combined,JON_isolation-apereo-zalando_r100_t518400_6M_5d_19h_20m_36s_apereo.java-cas-client-574b74f=org.jasig.cas.client.validation.AssertionImplTests.testAssertionValidity_output_1591402837,1591403095,1591403073,22
isolation-runs-surefire-combined,JON_isolation-apereo-zalando_r100_t518400_6M_5d_19h_20m_36s_zalando.riptide-8277e11=org.zalando.riptide.failsafe.RetryAfterDelayFunctionTest.shouldRetryWithDynamicDelayDate_output_1591402837,1591403980,1591403075,905
isolation-runs-surefire-combined,JON_isolation-apereo-zalando_r100_t518400_6M_5d_19h_4m_39s_apereo.java-cas-client-574b74f=org.jasig.cas.client.validation.AssertionImplTests.testAssertionValidity_output_1591401880,1591402134,1591402113,21
isolation-runs-surefire-combined,JON_isolation-apereo-zalando_r100_t518400_6M_5d_19h_4m_39s_zalando.riptide-8277e11=org.zalando.riptide.failsafe.RetryAfterDelayFunctionTest.shouldRetryWithDynamicDelayDate_output_1591401880,1591403057,1591402130,927
isolation-runs-surefire-combined,JON_isolation-apereo-zalando_r100_t518400_6M_5d_19h_7m_39s_apereo.java-cas-client-574b74f=org.jasig.cas.client.validation.AssertionImplTests.testAssertionValidity_output_1591402060,1591402271,1591402247,24
isolation-runs-surefire-combined,JON_isolation-apereo-zalando_r100_t518400_6M_5d_19h_7m_39s_zalando.riptide-8277e11=org.zalando.riptide.failsafe.RetryAfterDelayFunctionTest.shouldRetryWithDynamicDelayDate_output_1591402060,1591403224,1591402272,952
