48-no-mods-output,JON_48-no-mods-input_r100_t518400_5M_23d_21h_15m_34s_apache.hbase-801fc05=org.apache.hadoop.hbase.procedure2.TestProcedureSkipPersistence.test_output_1590286536,1590303659,1590286857,16802
48-no-mods-output,JON_48-no-mods-input_r100_t518400_5M_23d_21h_15m_34s_apache.incubator-dubbo-737f7a7=org.apache.dubbo.remoting.exchange.support.header.HeartbeatHandlerTest.testHeartbeat_output_1590286536,1590291919,1590286893,5026
48-no-mods-output,JON_48-no-mods-input_r100_t518400_5M_23d_21h_15m_34s_apache.incubator-dubbo-737f7a7=org.apache.dubbo.rpc.protocol.dubbo.DubboLazyConnectTest.testSticky1_output_1590286536,1590311009,1590286893,24116
48-no-mods-output,JON_48-no-mods-input_r100_t518400_5M_23d_21h_15m_34s_apache.incubator-dubbo-737f7a7=org.apache.dubbo.rpc.protocol.http.HttpProtocolTest.testGenericInvokeWithNativeJava_output_1590286536,1590287787,1590286866,921
48-no-mods-output,JON_48-no-mods-input_r100_t518400_5M_23d_21h_15m_34s_apereo.java-cas-client-574b74f=org.jasig.cas.client.validation.AssertionImplTests.testAssertionValidity_output_1590286536,1590287784,1590286811,973
48-no-mods-output,JON_48-no-mods-input_r100_t518400_5M_23d_21h_15m_34s_c2mon.c2mon-d80687b=cern.c2mon.daq.filter.dynamic.DiffTimeDeadbandActivatorTest.testNoActivationOnFirstRecord_output_1590286536,1590288291,1590286834,1457
48-no-mods-output,JON_48-no-mods-input_r100_t518400_5M_23d_21h_15m_34s_c2mon.c2mon-d80687b=cern.c2mon.server.common.republisher.RepublisherImplTest.testMultipleExceptions_output_1590286536,1590287804,1590286840,964
48-no-mods-output,JON_48-no-mods-input_r100_t518400_5M_23d_21h_15m_34s_cescoffier.vertx-completable-future-011d3cd=me.escoffier.vertx.completablefuture.VertxCompletableFutureTest.testAcceptEitherAsyncWithExecutor_output_1590286536,1590290076,1590286846,3230
48-no-mods-output,JON_48-no-mods-input_r100_t518400_5M_23d_21h_15m_34s_codingchili.excelastic-6bb7884=com.codingchili.TestWriter.shouldWriteToElasticPort_output_1590286536,1590287866,1590286837,1029
48-no-mods-output,JON_48-no-mods-input_r100_t518400_5M_23d_21h_15m_34s_davidmoten.rxjava2-extras-d0315b6=com.github.davidmoten.rx2.SpecializedMspcLinkedQueueTest.testPushPoll_output_1590286536,1590293178,1590286842,6336
48-no-mods-output,JON_48-no-mods-input_r100_t518400_5M_23d_21h_15m_34s_eclipse-ee4j.tyrus-d86e0cb=org.glassfish.tyrus.test.e2e.non_deployable.ServerExecutorsManagementTest.testExecutorServicesGetClosed_output_1590286536,1590288342,1590286842,1500
48-no-mods-output,JON_48-no-mods-input_r100_t518400_5M_23d_21h_15m_34s_elasticjob.elastic-job-lite-b022898=io.elasticjob.lite.event.rdb.JobEventRdbSearchTest.assertFindJobExecutionEventsWithTime_output_1590286536,1590290557,1590286895,3662
48-no-mods-output,JON_48-no-mods-input_r100_t518400_5M_23d_21h_15m_34s_elasticjob.elastic-job-lite-b022898=io.elasticjob.lite.lifecycle.api.JobAPIFactoryTest.assertCreateJobStatisticsAPI_output_1590286536,1590287846,1590286898,948
48-no-mods-output,JON_48-no-mods-input_r100_t518400_5M_23d_21h_15m_34s_espertechinc.esper-590fa9c=com.espertech.esper.example.rfidassetzone.TestLRMovingSimMain.testSim_output_1590286536,1590288107,1590286843,1264
48-no-mods-output,JON_48-no-mods-input_r100_t518400_5M_23d_21h_15m_34s_feroult.yawp-b3bcf9c=io.yawp.testing.appengine.pipes.flow.FlowDropsTest.testFlowDropsToSameSink_output_1590286536,1590287685,1590286843,842
48-no-mods-output,JON_48-no-mods-input_r100_t518400_5M_23d_21h_15m_34s_flaxsearch.luwak-c27ec08=uk.co.flax.luwak.matchers.TestParallelMatcher.testParallelSlowLog_output_1590286536,1590289030,1590286849,2181
48-no-mods-output,JON_48-no-mods-input_r100_t518400_5M_23d_21h_15m_34s_fluent.fluent-logger-java-da14ec3=org.fluentd.logger.TestFluentLogger.testReconnection_output_1590286536,1590290702,1590286849,3853
48-no-mods-output,JON_48-no-mods-input_r100_t518400_5M_23d_21h_15m_34s_fromage.redpipe-0aff891=net.redpipe.discovery.DiscoveryTest.checkWebClient_output_1590286536,1590287423,1590286866,557
48-no-mods-output,JON_48-no-mods-input_r100_t518400_5M_23d_21h_15m_34s_fromage.redpipe-0aff891=net.redpipe.engine.swagger.SwaggerApiTest.checkSwagger_output_1590286536,1590288923,1590286852,2071
48-no-mods-output,JON_48-no-mods-input_r100_t518400_5M_23d_21h_15m_34s_javadelight.delight-nashorn-sandbox-da35edc=delight.nashornsandbox.TestGetFunction.test_output_1590286536,1590290092,1590286873,3219
48-no-mods-output,JON_48-no-mods-input_r100_t518400_5M_23d_21h_15m_34s_kagkarlsson.db-scheduler-4a8a28e=com.github.kagkarlsson.scheduler.SchedulerTest.scheduler_should_execute_rescheduled_task_when_exactly_due_output_1590286536,1590288588,1590286852,1736
48-no-mods-output,JON_48-no-mods-input_r100_t518400_5M_23d_21h_15m_34s_knightliao.disconf-2ac5c82=com.baidu.disconf.client.test.DisconfMgrTestCase.demo_output_1590286536,1590287579,1590286814,765
48-no-mods-output,JON_48-no-mods-input_r100_t518400_5M_23d_21h_15m_34s_lcw2004.one-7b9b249=com.lcw.one.main.EmailServiceTest.sendEmailList_output_1590286536,1590287778,1590286875,903
48-no-mods-output,JON_48-no-mods-input_r100_t518400_5M_23d_21h_15m_34s_looly.hutool-91565d0=cn.hutool.cron.test.CronTest.matchAllTest_output_1590286536,1590287228,1590286820,408
48-no-mods-output,JON_48-no-mods-input_r100_t518400_5M_23d_21h_15m_34s_nationalsecurityagency.timely-3a8cbd3=timely.store.iterators.TimeSeriesGroupingIteratorTest.testMultipleTimeSeriesMovingAverage_output_1590286536,1590289086,1590286793,2293
48-no-mods-output,JON_48-no-mods-input_r100_t518400_5M_23d_21h_15m_34s_odrotbohm.sos-d4ed68a=example.sos.modulith.orders.EmailNotificationTest.completingAnOrderUpdatesInventory_output_1590286536,1590287921,1590286805,1116
48-no-mods-output,JON_48-no-mods-input_r100_t518400_5M_23d_21h_15m_34s_oracle.oci-java-sdk-2e9982f=com.oracle.bmc.objectstorage.transfer.ProgressTrackerTest.multipartUploadProgressTrackerFactory_simulateRealLifeScenario_output_1590286536,1590289266,1590286811,2455
48-no-mods-output,JON_48-no-mods-input_r100_t518400_5M_23d_21h_15m_34s_orbit.orbit-c4904af=cloud.orbit.actors.extensions.test.LengthFieldHandlerTest.randomMessages_output_1590286536,1590288303,1590286904,1399
48-no-mods-output,JON_48-no-mods-input_r100_t518400_5M_23d_21h_15m_34s_oryxproject.oryx-72ae4bb=com.cloudera.oryx.common.io.IOUtilsTest.testDistinctFreePorts_output_1590286536,1590290499,1590286898,3601
48-no-mods-output,JON_48-no-mods-input_r100_t518400_5M_23d_21h_15m_34s_outbrain.aletheia-024a4b7=com.outbrain.aletheia.DatumAuditorStressTest.test_breadcrumbDispatcher_under_load_output_1590286536,1590287756,1590286805,951
48-no-mods-output,JON_48-no-mods-input_r100_t518400_5M_23d_21h_15m_34s_pippo-java.pippo-ae898b6=ro.pippo.session.jedis.JedisSessionDataStorageTest.testDelete_output_1590286536,1590287379,1590286828,551
48-no-mods-output,JON_48-no-mods-input_r100_t518400_5M_23d_21h_15m_34s_pippo-java.pippo-ae898b6=ro.pippo.session.mongodb.MongoDBSessionDataStorageTest.testCreate_output_1590286536,1590287251,1590286820,431
48-no-mods-output,JON_48-no-mods-input_r100_t518400_5M_23d_21h_15m_34s_ppiastucki.recast4j-01d478e=org.recast4j.detour.tilecache.TileCacheTest.testPerformance_output_1590286536,1590289660,1590286831,2829
48-no-mods-output,JON_48-no-mods-input_r100_t518400_5M_23d_21h_15m_34s_querydsl.querydsl-2bf234c=com.querydsl.hibernate.search.SearchQueryTest.count_output_1590286536,1590288127,1590286895,1232
48-no-mods-output,JON_48-no-mods-input_r100_t518400_5M_23d_21h_15m_34s_spinn3r.noxy-d53a494=com.spinn3r.noxy.discovery.zookeeper.ZKTest.testBulkClusterJoining_output_1590286536,1590292290,1590286834,5456
48-no-mods-output,JON_48-no-mods-input_r100_t518400_5M_23d_21h_15m_34s_spotify.helios-aebf68d=com.spotify.helios.testing.HeliosSoloDeploymentTest.testUndeployLeftoverJobs_output_1590286536,1590305052,1590286904,18148
48-no-mods-output,JON_48-no-mods-input_r100_t518400_5M_23d_21h_15m_34s_square.retrofit-ae28c3d=retrofit2.CallTest.cancelOkHttpRequest_output_1590286536,1590287993,1590286901,1092
48-no-mods-output,JON_48-no-mods-input_r100_t518400_5M_23d_21h_15m_34s_tootallnate.java-websocket-fa3909c=org.java_websocket.issues.Issue256Test.runReconnectBlockingScenario0_output_1590286536,1590288594,1590286898,1696
48-no-mods-output,JON_48-no-mods-input_r100_t518400_5M_23d_21h_15m_34s_undertow-io.undertow-d0efffa=io.undertow.websockets.jsr.test.JsrWebSocketServer07Test.testErrorHandling_output_1590286536,1590290690,1590286904,3786
48-no-mods-output,JON_48-no-mods-input_r100_t518400_5M_23d_21h_15m_34s_vert-x3.vertx-rabbitmq-client-7305bcd=io.vertx.rabbitmq.RabbitMQClientReconnectTest.testReconnect_output_1590286536,1590288280,1590286834,1446
48-no-mods-output,JON_48-no-mods-input_r100_t518400_5M_23d_21h_15m_34s_vmware.admiral-e4b0293=com.vmware.admiral.adapter.registry.service.RegistryAdapterServiceProxyTest.testInitWithProxyWithList_output_1590286536,1590291248,1590286834,4414
48-no-mods-output,JON_48-no-mods-input_r100_t518400_5M_23d_21h_15m_34s_wro4j.wro4j-185ab60=ro.isdc.wro.extensions.processor.TestBourbonCssProcessor.shouldBeThreadSafe_output_1590286536,1590294006,1590286904,7102
48-no-mods-output,JON_48-no-mods-input_r100_t518400_5M_23d_21h_15m_34s_wso2.carbon-apimgt-a82213e=org.wso2.carbon.apimgt.throttling.siddhi.extension.ThrottleTimeBatchWindowTestCase.throttleTimeWindowBatchTest1_output_1590286536,1590290153,1590286808,3345
48-no-mods-output,JON_48-no-mods-input_r100_t518400_5M_23d_21h_15m_34s_zalando.riptide-8277e11=org.zalando.riptide.backup.BackupRequestPluginTest.shouldUseBackupRequest_output_1590286536,1590289514,1590286834,2680
48-no-mods-output,JON_48-no-mods-input_r100_t518400_5M_23d_21h_15m_34s_zalando.riptide-8277e11=org.zalando.riptide.failsafe.RetryAfterDelayFunctionTest.shouldRetryOnDemandWithDynamicDelay_output_1590286536,1590289988,1590286837,3151
48-no-mods-output,JON_48-no-mods-input_r100_t518400_5M_23d_21h_25m_34s_apache.hbase-801fc05=org.apache.hadoop.hbase.procedure2.TestProcedureSkipPersistence.test_output_1590287136,1590304748,1590287548,17200
48-no-mods-output,JON_48-no-mods-input_r100_t518400_5M_23d_21h_25m_34s_apache.incubator-dubbo-737f7a7=org.apache.dubbo.remoting.exchange.support.header.HeartbeatHandlerTest.testHeartbeat_output_1590287136,1590292546,1590287609,4937
48-no-mods-output,JON_48-no-mods-input_r100_t518400_5M_23d_21h_25m_34s_apache.incubator-dubbo-737f7a7=org.apache.dubbo.rpc.protocol.dubbo.DubboLazyConnectTest.testSticky1_output_1590287136,1590311618,1590287447,24171
48-no-mods-output,JON_48-no-mods-input_r100_t518400_5M_23d_21h_25m_34s_apache.incubator-dubbo-737f7a7=org.apache.dubbo.rpc.protocol.http.HttpProtocolTest.testGenericInvokeWithNativeJava_output_1590287136,1590288578,1590287552,1026
48-no-mods-output,JON_48-no-mods-input_r100_t518400_5M_23d_21h_25m_34s_apereo.java-cas-client-574b74f=org.jasig.cas.client.validation.AssertionImplTests.testAssertionValidity_output_1590287136,1590288378,1590287507,871
48-no-mods-output,JON_48-no-mods-input_r100_t518400_5M_23d_21h_25m_34s_c2mon.c2mon-d80687b=cern.c2mon.daq.filter.dynamic.DiffTimeDeadbandActivatorTest.testNoActivationOnFirstRecord_output_1590287136,1590288894,1590287531,1363
48-no-mods-output,JON_48-no-mods-input_r100_t518400_5M_23d_21h_25m_34s_c2mon.c2mon-d80687b=cern.c2mon.server.common.republisher.RepublisherImplTest.testMultipleExceptions_output_1590287136,1590288572,1590287528,1044
48-no-mods-output,JON_48-no-mods-input_r100_t518400_5M_23d_21h_25m_34s_cescoffier.vertx-completable-future-011d3cd=me.escoffier.vertx.completablefuture.VertxCompletableFutureTest.testAcceptEitherAsyncWithExecutor_output_1590287136,1590290737,1590287507,3230
48-no-mods-output,JON_48-no-mods-input_r100_t518400_5M_23d_21h_25m_34s_codingchili.excelastic-6bb7884=com.codingchili.TestWriter.shouldWriteToElasticPort_output_1590287136,1590288556,1590287474,1082
48-no-mods-output,JON_48-no-mods-input_r100_t518400_5M_23d_21h_25m_34s_davidmoten.rxjava2-extras-d0315b6=com.github.davidmoten.rx2.SpecializedMspcLinkedQueueTest.testPushPoll_output_1590287136,1590293972,1590287512,6460
48-no-mods-output,JON_48-no-mods-input_r100_t518400_5M_23d_21h_25m_34s_eclipse-ee4j.tyrus-d86e0cb=org.glassfish.tyrus.test.e2e.non_deployable.ServerExecutorsManagementTest.testExecutorServicesGetClosed_output_1590287136,1590288986,1590287525,1461
48-no-mods-output,JON_48-no-mods-input_r100_t518400_5M_23d_21h_25m_34s_elasticjob.elastic-job-lite-b022898=io.elasticjob.lite.event.rdb.JobEventRdbSearchTest.assertFindJobExecutionEventsWithTime_output_1590287136,1590291208,1590287548,3660
48-no-mods-output,JON_48-no-mods-input_r100_t518400_5M_23d_21h_25m_34s_elasticjob.elastic-job-lite-b022898=io.elasticjob.lite.lifecycle.api.JobAPIFactoryTest.assertCreateJobStatisticsAPI_output_1590287136,1590288516,1590287548,968
48-no-mods-output,JON_48-no-mods-input_r100_t518400_5M_23d_21h_25m_34s_espertechinc.esper-590fa9c=com.espertech.esper.example.rfidassetzone.TestLRMovingSimMain.testSim_output_1590287136,1590288836,1590287507,1329
48-no-mods-output,JON_48-no-mods-input_r100_t518400_5M_23d_21h_25m_34s_feroult.yawp-b3bcf9c=io.yawp.testing.appengine.pipes.flow.FlowDropsTest.testFlowDropsToSameSink_output_1590287136,1590288319,1590287522,797
48-no-mods-output,JON_48-no-mods-input_r100_t518400_5M_23d_21h_25m_34s_flaxsearch.luwak-c27ec08=uk.co.flax.luwak.matchers.TestParallelMatcher.testParallelSlowLog_output_1590287136,1590289311,1590287542,1769
48-no-mods-output,JON_48-no-mods-input_r100_t518400_5M_23d_21h_25m_34s_fluent.fluent-logger-java-da14ec3=org.fluentd.logger.TestFluentLogger.testReconnection_output_1590287136,1590291363,1590287522,3841
48-no-mods-output,JON_48-no-mods-input_r100_t518400_5M_23d_21h_25m_34s_fromage.redpipe-0aff891=net.redpipe.discovery.DiscoveryTest.checkWebClient_output_1590287136,1590288103,1590287510,593
48-no-mods-output,JON_48-no-mods-input_r100_t518400_5M_23d_21h_25m_34s_fromage.redpipe-0aff891=net.redpipe.engine.swagger.SwaggerApiTest.checkSwagger_output_1590287136,1590289625,1590287531,2094
48-no-mods-output,JON_48-no-mods-input_r100_t518400_5M_23d_21h_25m_34s_javadelight.delight-nashorn-sandbox-da35edc=delight.nashornsandbox.TestGetFunction.test_output_1590287136,1590290096,1590287531,2565
48-no-mods-output,JON_48-no-mods-input_r100_t518400_5M_23d_21h_25m_34s_kagkarlsson.db-scheduler-4a8a28e=com.github.kagkarlsson.scheduler.SchedulerTest.scheduler_should_execute_rescheduled_task_when_exactly_due_output_1590287136,1590289267,1590287539,1728
48-no-mods-output,JON_48-no-mods-input_r100_t518400_5M_23d_21h_25m_34s_knightliao.disconf-2ac5c82=com.baidu.disconf.client.test.DisconfMgrTestCase.demo_output_1590287136,1590288339,1590287451,888
48-no-mods-output,JON_48-no-mods-input_r100_t518400_5M_23d_21h_25m_34s_lcw2004.one-7b9b249=com.lcw.one.main.EmailServiceTest.sendEmailList_output_1590287136,1590288433,1590287548,885
48-no-mods-output,JON_48-no-mods-input_r100_t518400_5M_23d_21h_25m_34s_looly.hutool-91565d0=cn.hutool.cron.test.CronTest.matchAllTest_output_1590287136,1590287955,1590287549,406
48-no-mods-output,JON_48-no-mods-input_r100_t518400_5M_23d_21h_25m_34s_nationalsecurityagency.timely-3a8cbd3=timely.store.iterators.TimeSeriesGroupingIteratorTest.testMultipleTimeSeriesMovingAverage_output_1590287136,1590290093,1590287441,2652
48-no-mods-output,JON_48-no-mods-input_r100_t518400_5M_23d_21h_25m_34s_odrotbohm.sos-d4ed68a=example.sos.modulith.orders.EmailNotificationTest.completingAnOrderUpdatesInventory_output_1590287136,1590288768,1590287447,1321
48-no-mods-output,JON_48-no-mods-input_r100_t518400_5M_23d_21h_25m_34s_oracle.oci-java-sdk-2e9982f=com.oracle.bmc.objectstorage.transfer.ProgressTrackerTest.multipartUploadProgressTrackerFactory_simulateRealLifeScenario_output_1590287136,1590289856,1590287454,2402
48-no-mods-output,JON_48-no-mods-input_r100_t518400_5M_23d_21h_25m_34s_orbit.orbit-c4904af=cloud.orbit.actors.extensions.test.LengthFieldHandlerTest.randomMessages_output_1590287136,1590289103,1590287561,1542
48-no-mods-output,JON_48-no-mods-input_r100_t518400_5M_23d_21h_25m_34s_oryxproject.oryx-72ae4bb=com.cloudera.oryx.common.io.IOUtilsTest.testDistinctFreePorts_output_1590287136,1590291163,1590287587,3576
48-no-mods-output,JON_48-no-mods-input_r100_t518400_5M_23d_21h_25m_34s_outbrain.aletheia-024a4b7=com.outbrain.aletheia.DatumAuditorStressTest.test_breadcrumbDispatcher_under_load_output_1590287136,1590288286,1590287454,832
48-no-mods-output,JON_48-no-mods-input_r100_t518400_5M_23d_21h_25m_34s_pippo-java.pippo-ae898b6=ro.pippo.session.jedis.JedisSessionDataStorageTest.testDelete_output_1590287136,1590287984,1590287454,530
48-no-mods-output,JON_48-no-mods-input_r100_t518400_5M_23d_21h_25m_34s_pippo-java.pippo-ae898b6=ro.pippo.session.mongodb.MongoDBSessionDataStorageTest.testCreate_output_1590287136,1590287927,1590287454,473
48-no-mods-output,JON_48-no-mods-input_r100_t518400_5M_23d_21h_25m_34s_ppiastucki.recast4j-01d478e=org.recast4j.detour.tilecache.TileCacheTest.testPerformance_output_1590287136,1590290635,1590287456,3179
48-no-mods-output,JON_48-no-mods-input_r100_t518400_5M_23d_21h_25m_34s_querydsl.querydsl-2bf234c=com.querydsl.hibernate.search.SearchQueryTest.count_output_1590287136,1590289154,1590287589,1565
48-no-mods-output,JON_48-no-mods-input_r100_t518400_5M_23d_21h_25m_34s_spinn3r.noxy-d53a494=com.spinn3r.noxy.discovery.zookeeper.ZKTest.testBulkClusterJoining_output_1590287136,1590292384,1590287448,4936
48-no-mods-output,JON_48-no-mods-input_r100_t518400_5M_23d_21h_25m_34s_square.retrofit-ae28c3d=retrofit2.CallTest.cancelOkHttpRequest_output_1590287136,1590288735,1590287608,1127
48-no-mods-output,JON_48-no-mods-input_r100_t518400_5M_23d_21h_25m_34s_tootallnate.java-websocket-fa3909c=org.java_websocket.issues.Issue256Test.runReconnectBlockingScenario0_output_1590287136,1590289089,1590287608,1481
48-no-mods-output,JON_48-no-mods-input_r100_t518400_5M_23d_21h_25m_34s_undertow-io.undertow-d0efffa=io.undertow.websockets.jsr.test.JsrWebSocketServer07Test.testErrorHandling_output_1590287136,1590291449,1590287615,3834
48-no-mods-output,JON_48-no-mods-input_r100_t518400_5M_23d_21h_25m_34s_vert-x3.vertx-rabbitmq-client-7305bcd=io.vertx.rabbitmq.RabbitMQClientReconnectTest.testReconnect_output_1590287136,1590288809,1590287457,1352
48-no-mods-output,JON_48-no-mods-input_r100_t518400_5M_23d_21h_25m_34s_vmware.admiral-e4b0293=com.vmware.admiral.adapter.registry.service.RegistryAdapterServiceProxyTest.testInitWithProxyWithList_output_1590287136,1590291402,1590287507,3895
48-no-mods-output,JON_48-no-mods-input_r100_t518400_5M_23d_21h_25m_34s_wro4j.wro4j-185ab60=ro.isdc.wro.extensions.processor.TestBourbonCssProcessor.shouldBeThreadSafe_output_1590287136,1590295196,1590287623,7573
48-no-mods-output,JON_48-no-mods-input_r100_t518400_5M_23d_21h_25m_34s_wso2.carbon-apimgt-a82213e=org.wso2.carbon.apimgt.throttling.siddhi.extension.ThrottleTimeBatchWindowTestCase.throttleTimeWindowBatchTest1_output_1590287136,1590290712,1590287457,3255
48-no-mods-output,JON_48-no-mods-input_r100_t518400_5M_23d_21h_25m_34s_zalando.riptide-8277e11=org.zalando.riptide.backup.BackupRequestPluginTest.shouldUseBackupRequest_output_1590287136,1590290197,1590287471,2726
48-no-mods-output,JON_48-no-mods-input_r100_t518400_5M_23d_21h_25m_34s_zalando.riptide-8277e11=org.zalando.riptide.failsafe.RetryAfterDelayFunctionTest.shouldRetryOnDemandWithDynamicDelay_output_1590287136,1590290536,1590287471,3065
48-no-mods-output,JON_48-no-mods-input_r100_t518400_5M_23d_21h_35m_34s_apache.hbase-801fc05=org.apache.hadoop.hbase.procedure2.TestProcedureSkipPersistence.test_output_1590287737,1590304321,1590288103,16218
48-no-mods-output,JON_48-no-mods-input_r100_t518400_5M_23d_21h_35m_34s_apache.incubator-dubbo-737f7a7=org.apache.dubbo.remoting.exchange.support.header.HeartbeatHandlerTest.testHeartbeat_output_1590287737,1590293093,1590288103,4990
48-no-mods-output,JON_48-no-mods-input_r100_t518400_5M_23d_21h_35m_34s_apache.incubator-dubbo-737f7a7=org.apache.dubbo.rpc.protocol.dubbo.DubboLazyConnectTest.testSticky1_output_1590287737,1590312087,1590288118,23969
48-no-mods-output,JON_48-no-mods-input_r100_t518400_5M_23d_21h_35m_34s_apache.incubator-dubbo-737f7a7=org.apache.dubbo.rpc.protocol.http.HttpProtocolTest.testGenericInvokeWithNativeJava_output_1590287737,1590289146,1590288119,1027
48-no-mods-output,JON_48-no-mods-input_r100_t518400_5M_23d_21h_35m_34s_apereo.java-cas-client-574b74f=org.jasig.cas.client.validation.AssertionImplTests.testAssertionValidity_output_1590287737,1590288960,1590288056,904
48-no-mods-output,JON_48-no-mods-input_r100_t518400_5M_23d_21h_35m_34s_c2mon.c2mon-d80687b=cern.c2mon.daq.filter.dynamic.DiffTimeDeadbandActivatorTest.testNoActivationOnFirstRecord_output_1590287737,1590289471,1590288053,1418
48-no-mods-output,JON_48-no-mods-input_r100_t518400_5M_23d_21h_35m_34s_c2mon.c2mon-d80687b=cern.c2mon.server.common.republisher.RepublisherImplTest.testMultipleExceptions_output_1590287737,1590289091,1590288056,1035
48-no-mods-output,JON_48-no-mods-input_r100_t518400_5M_23d_21h_35m_34s_cescoffier.vertx-completable-future-011d3cd=me.escoffier.vertx.completablefuture.VertxCompletableFutureTest.testAcceptEitherAsyncWithExecutor_output_1590287737,1590291325,1590288056,3269
48-no-mods-output,JON_48-no-mods-input_r100_t518400_5M_23d_21h_35m_34s_codingchili.excelastic-6bb7884=com.codingchili.TestWriter.shouldWriteToElasticPort_output_1590287737,1590289139,1590288056,1083
48-no-mods-output,JON_48-no-mods-input_r100_t518400_5M_23d_21h_35m_34s_davidmoten.rxjava2-extras-d0315b6=com.github.davidmoten.rx2.SpecializedMspcLinkedQueueTest.testPushPoll_output_1590287737,1590294615,1590288056,6559
48-no-mods-output,JON_48-no-mods-input_r100_t518400_5M_23d_21h_35m_34s_eclipse-ee4j.tyrus-d86e0cb=org.glassfish.tyrus.test.e2e.non_deployable.ServerExecutorsManagementTest.testExecutorServicesGetClosed_output_1590287737,1590289527,1590288056,1471
48-no-mods-output,JON_48-no-mods-input_r100_t518400_5M_23d_21h_35m_34s_elasticjob.elastic-job-lite-b022898=io.elasticjob.lite.event.rdb.JobEventRdbSearchTest.assertFindJobExecutionEventsWithTime_output_1590287737,1590291637,1590288109,3528
48-no-mods-output,JON_48-no-mods-input_r100_t518400_5M_23d_21h_35m_34s_elasticjob.elastic-job-lite-b022898=io.elasticjob.lite.lifecycle.api.JobAPIFactoryTest.assertCreateJobStatisticsAPI_output_1590287737,1590289033,1590288106,927
48-no-mods-output,JON_48-no-mods-input_r100_t518400_5M_23d_21h_35m_34s_fluent.fluent-logger-java-da14ec3=org.fluentd.logger.TestFluentLogger.testReconnection_output_1590287737,1590291848,1590288059,3789
48-no-mods-output,JON_48-no-mods-input_r100_t518400_5M_23d_21h_35m_34s_espertechinc.esper-590fa9c=com.espertech.esper.example.rfidassetzone.TestLRMovingSimMain.testSim_output_1590287737,1590289308,1590288059,1249
48-no-mods-output,JON_48-no-mods-input_r100_t518400_5M_23d_21h_35m_34s_feroult.yawp-b3bcf9c=io.yawp.testing.appengine.pipes.flow.FlowDropsTest.testFlowDropsToSameSink_output_1590287737,1590288780,1590288059,721
48-no-mods-output,JON_48-no-mods-input_r100_t518400_5M_23d_21h_35m_34s_flaxsearch.luwak-c27ec08=uk.co.flax.luwak.matchers.TestParallelMatcher.testParallelSlowLog_output_1590287737,1590289764,1590288059,1705
48-no-mods-output,JON_48-no-mods-input_r100_t518400_5M_23d_21h_35m_34s_fromage.redpipe-0aff891=net.redpipe.discovery.DiscoveryTest.checkWebClient_output_1590287737,1590288623,1590288059,564
48-no-mods-output,JON_48-no-mods-input_r100_t518400_5M_23d_21h_35m_34s_fromage.redpipe-0aff891=net.redpipe.engine.swagger.SwaggerApiTest.checkSwagger_output_1590287737,1590290047,1590288059,1988
48-no-mods-output,JON_48-no-mods-input_r100_t518400_5M_23d_21h_35m_34s_javadelight.delight-nashorn-sandbox-da35edc=delight.nashornsandbox.TestGetFunction.test_output_1590287737,1590290875,1590288062,2813
48-no-mods-output,JON_48-no-mods-input_r100_t518400_5M_23d_21h_35m_34s_kagkarlsson.db-scheduler-4a8a28e=com.github.kagkarlsson.scheduler.SchedulerTest.scheduler_should_execute_rescheduled_task_when_exactly_due_output_1590287737,1590289812,1590288073,1739
48-no-mods-output,JON_48-no-mods-input_r100_t518400_5M_23d_21h_35m_34s_knightliao.disconf-2ac5c82=com.baidu.disconf.client.test.DisconfMgrTestCase.demo_output_1590287737,1590288957,1590288119,838
48-no-mods-output,JON_48-no-mods-input_r100_t518400_5M_23d_21h_35m_34s_lcw2004.one-7b9b249=com.lcw.one.main.EmailServiceTest.sendEmailList_output_1590287737,1590289009,1590288119,890
48-no-mods-output,JON_48-no-mods-input_r100_t518400_5M_23d_21h_35m_34s_looly.hutool-91565d0=cn.hutool.cron.test.CronTest.matchAllTest_output_1590287737,1590288557,1590288121,436
48-no-mods-output,JON_48-no-mods-input_r100_t518400_5M_23d_21h_35m_34s_nationalsecurityagency.timely-3a8cbd3=timely.store.iterators.TimeSeriesGroupingIteratorTest.testMultipleTimeSeriesMovingAverage_output_1590287737,1590290454,1590288014,2440
48-no-mods-output,JON_48-no-mods-input_r100_t518400_5M_23d_21h_35m_34s_odrotbohm.sos-d4ed68a=example.sos.modulith.orders.EmailNotificationTest.completingAnOrderUpdatesInventory_output_1590287737,1590289338,1590288029,1309
48-no-mods-output,JON_48-no-mods-input_r100_t518400_5M_23d_21h_35m_34s_oracle.oci-java-sdk-2e9982f=com.oracle.bmc.objectstorage.transfer.ProgressTrackerTest.multipartUploadProgressTrackerFactory_simulateRealLifeScenario_output_1590287737,1590290482,1590288029,2453
48-no-mods-output,JON_48-no-mods-input_r100_t518400_5M_23d_21h_35m_34s_orbit.orbit-c4904af=cloud.orbit.actors.extensions.test.LengthFieldHandlerTest.randomMessages_output_1590287737,1590289560,1590288121,1439
48-no-mods-output,JON_48-no-mods-input_r100_t518400_5M_23d_21h_35m_34s_oryxproject.oryx-72ae4bb=com.cloudera.oryx.common.io.IOUtilsTest.testDistinctFreePorts_output_1590287737,1590291736,1590288119,3617
48-no-mods-output,JON_48-no-mods-input_r100_t518400_5M_23d_21h_35m_34s_outbrain.aletheia-024a4b7=com.outbrain.aletheia.DatumAuditorStressTest.test_breadcrumbDispatcher_under_load_output_1590287737,1590288861,1590288029,832
48-no-mods-output,JON_48-no-mods-input_r100_t518400_5M_23d_21h_35m_34s_pippo-java.pippo-ae898b6=ro.pippo.session.jedis.JedisSessionDataStorageTest.testDelete_output_1590287737,1590288597,1590288032,565
48-no-mods-output,JON_48-no-mods-input_r100_t518400_5M_23d_21h_35m_34s_pippo-java.pippo-ae898b6=ro.pippo.session.mongodb.MongoDBSessionDataStorageTest.testCreate_output_1590287737,1590288483,1590288032,451
48-no-mods-output,JON_48-no-mods-input_r100_t518400_5M_23d_21h_35m_34s_ppiastucki.recast4j-01d478e=org.recast4j.detour.tilecache.TileCacheTest.testPerformance_output_1590287737,1590290487,1590288037,2450
48-no-mods-output,JON_48-no-mods-input_r100_t518400_5M_23d_21h_35m_34s_querydsl.querydsl-2bf234c=com.querydsl.hibernate.search.SearchQueryTest.count_output_1590287737,1590289474,1590288139,1335
48-no-mods-output,JON_48-no-mods-input_r100_t518400_5M_23d_21h_35m_34s_spinn3r.noxy-d53a494=com.spinn3r.noxy.discovery.zookeeper.ZKTest.testBulkClusterJoining_output_1590287737,1590293141,1590288047,5094
48-no-mods-output,JON_48-no-mods-input_r100_t518400_5M_23d_21h_35m_34s_spotify.helios-aebf68d=com.spotify.helios.testing.HeliosSoloDeploymentTest.testUndeployLeftoverJobs_output_1590287737,1590304478,1590288130,16348
48-no-mods-output,JON_48-no-mods-input_r100_t518400_5M_23d_21h_35m_34s_square.retrofit-ae28c3d=retrofit2.CallTest.cancelOkHttpRequest_output_1590287737,1590289191,1590288133,1058
48-no-mods-output,JON_48-no-mods-input_r100_t518400_5M_23d_21h_35m_34s_tootallnate.java-websocket-fa3909c=org.java_websocket.issues.Issue256Test.runReconnectBlockingScenario0_output_1590287737,1590289580,1590288133,1447
48-no-mods-output,JON_48-no-mods-input_r100_t518400_5M_23d_21h_35m_34s_undertow-io.undertow-d0efffa=io.undertow.websockets.jsr.test.JsrWebSocketServer07Test.testErrorHandling_output_1590287737,1590291896,1590288139,3757
48-no-mods-output,JON_48-no-mods-input_r100_t518400_5M_23d_21h_35m_34s_vert-x3.vertx-rabbitmq-client-7305bcd=io.vertx.rabbitmq.RabbitMQClientReconnectTest.testReconnect_output_1590287737,1590289327,1590288047,1280
48-no-mods-output,JON_48-no-mods-input_r100_t518400_5M_23d_21h_35m_34s_vmware.admiral-e4b0293=com.vmware.admiral.adapter.registry.service.RegistryAdapterServiceProxyTest.testInitWithProxyWithList_output_1590287737,1590292345,1590288050,4295
48-no-mods-output,JON_48-no-mods-input_r100_t518400_5M_23d_21h_35m_34s_wro4j.wro4j-185ab60=ro.isdc.wro.extensions.processor.TestBourbonCssProcessor.shouldBeThreadSafe_output_1590287737,1590295441,1590288136,7305
48-no-mods-output,JON_48-no-mods-input_r100_t518400_5M_23d_21h_35m_34s_wso2.carbon-apimgt-a82213e=org.wso2.carbon.apimgt.throttling.siddhi.extension.ThrottleTimeBatchWindowTestCase.throttleTimeWindowBatchTest1_output_1590287737,1590291322,1590288017,3305
48-no-mods-output,JON_48-no-mods-input_r100_t518400_5M_23d_21h_35m_34s_zalando.riptide-8277e11=org.zalando.riptide.backup.BackupRequestPluginTest.shouldUseBackupRequest_output_1590287737,1590290699,1590288050,2649
48-no-mods-output,JON_48-no-mods-input_r100_t518400_5M_23d_21h_35m_34s_zalando.riptide-8277e11=org.zalando.riptide.failsafe.RetryAfterDelayFunctionTest.shouldRetryOnDemandWithDynamicDelay_output_1590287737,1590291197,1590288050,3147
48-no-mods-output,JON_48-no-mods-input_r100_t518400_5M_23d_21h_45m_34s_apache.hbase-801fc05=org.apache.hadoop.hbase.procedure2.TestProcedureSkipPersistence.test_output_1590288336,1590306129,1590288691,17438
48-no-mods-output,JON_48-no-mods-input_r100_t518400_5M_23d_21h_45m_34s_apache.incubator-dubbo-737f7a7=org.apache.dubbo.remoting.exchange.support.header.HeartbeatHandlerTest.testHeartbeat_output_1590288336,1590293635,1590288643,4992
48-no-mods-output,JON_48-no-mods-input_r100_t518400_5M_23d_21h_45m_34s_apache.incubator-dubbo-737f7a7=org.apache.dubbo.rpc.protocol.dubbo.DubboLazyConnectTest.testSticky1_output_1590288336,1590306507,1590288643,17864
48-no-mods-output,JON_48-no-mods-input_r100_t518400_5M_23d_21h_45m_34s_apache.incubator-dubbo-737f7a7=org.apache.dubbo.rpc.protocol.http.HttpProtocolTest.testGenericInvokeWithNativeJava_output_1590288336,1590289695,1590288676,1019
48-no-mods-output,JON_48-no-mods-input_r100_t518400_5M_23d_21h_45m_34s_apereo.java-cas-client-574b74f=org.jasig.cas.client.validation.AssertionImplTests.testAssertionValidity_output_1590288336,1590289606,1590288640,966
48-no-mods-output,JON_48-no-mods-input_r100_t518400_5M_23d_21h_45m_34s_c2mon.c2mon-d80687b=cern.c2mon.daq.filter.dynamic.DiffTimeDeadbandActivatorTest.testNoActivationOnFirstRecord_output_1590288336,1590290190,1590288617,1573
48-no-mods-output,JON_48-no-mods-input_r100_t518400_5M_23d_21h_45m_34s_c2mon.c2mon-d80687b=cern.c2mon.server.common.republisher.RepublisherImplTest.testMultipleExceptions_output_1590288336,1590289670,1590288623,1047
48-no-mods-output,JON_48-no-mods-input_r100_t518400_5M_23d_21h_45m_34s_cescoffier.vertx-completable-future-011d3cd=me.escoffier.vertx.completablefuture.VertxCompletableFutureTest.testAcceptEitherAsyncWithExecutor_output_1590288336,1590291892,1590288632,3260
48-no-mods-output,JON_48-no-mods-input_r100_t518400_5M_23d_21h_45m_34s_codingchili.excelastic-6bb7884=com.codingchili.TestWriter.shouldWriteToElasticPort_output_1590288336,1590289693,1590288623,1070
48-no-mods-output,JON_48-no-mods-input_r100_t518400_5M_23d_21h_45m_34s_davidmoten.rxjava2-extras-d0315b6=com.github.davidmoten.rx2.SpecializedMspcLinkedQueueTest.testPushPoll_output_1590288336,1590294807,1590288623,6184
48-no-mods-output,JON_48-no-mods-input_r100_t518400_5M_23d_21h_45m_34s_eclipse-ee4j.tyrus-d86e0cb=org.glassfish.tyrus.test.e2e.non_deployable.ServerExecutorsManagementTest.testExecutorServicesGetClosed_output_1590288336,1590290099,1590288643,1456
48-no-mods-output,JON_48-no-mods-input_r100_t518400_5M_23d_21h_45m_34s_elasticjob.elastic-job-lite-b022898=io.elasticjob.lite.event.rdb.JobEventRdbSearchTest.assertFindJobExecutionEventsWithTime_output_1590288336,1590292369,1590288673,3696
48-no-mods-output,JON_48-no-mods-input_r100_t518400_5M_23d_21h_45m_34s_elasticjob.elastic-job-lite-b022898=io.elasticjob.lite.lifecycle.api.JobAPIFactoryTest.assertCreateJobStatisticsAPI_output_1590288336,1590289594,1590288691,903
48-no-mods-output,JON_48-no-mods-input_r100_t518400_5M_23d_21h_45m_34s_espertechinc.esper-590fa9c=com.espertech.esper.example.rfidassetzone.TestLRMovingSimMain.testSim_output_1590288336,1590289875,1590288640,1235
48-no-mods-output,JON_48-no-mods-input_r100_t518400_5M_23d_21h_45m_34s_feroult.yawp-b3bcf9c=io.yawp.testing.appengine.pipes.flow.FlowDropsTest.testFlowDropsToSameSink_output_1590288336,1590289382,1590288643,739
48-no-mods-output,JON_48-no-mods-input_r100_t518400_5M_23d_21h_45m_34s_flaxsearch.luwak-c27ec08=uk.co.flax.luwak.matchers.TestParallelMatcher.testParallelSlowLog_output_1590288336,1590290521,1590288643,1878
48-no-mods-output,JON_48-no-mods-input_r100_t518400_5M_23d_21h_45m_34s_fluent.fluent-logger-java-da14ec3=org.fluentd.logger.TestFluentLogger.testReconnection_output_1590288336,1590292485,1590288637,3848
48-no-mods-output,JON_48-no-mods-input_r100_t518400_5M_23d_21h_45m_34s_fromage.redpipe-0aff891=net.redpipe.discovery.DiscoveryTest.checkWebClient_output_1590288336,1590289258,1590288652,606
48-no-mods-output,JON_48-no-mods-input_r100_t518400_5M_23d_21h_45m_34s_fromage.redpipe-0aff891=net.redpipe.engine.swagger.SwaggerApiTest.checkSwagger_output_1590288336,1590290672,1590288658,2014
48-no-mods-output,JON_48-no-mods-input_r100_t518400_5M_23d_21h_45m_34s_javadelight.delight-nashorn-sandbox-da35edc=delight.nashornsandbox.TestGetFunction.test_output_1590288336,1590291888,1590288655,3233
48-no-mods-output,JON_48-no-mods-input_r100_t518400_5M_23d_21h_45m_34s_kagkarlsson.db-scheduler-4a8a28e=com.github.kagkarlsson.scheduler.SchedulerTest.scheduler_should_execute_rescheduled_task_when_exactly_due_output_1590288336,1590290423,1590288652,1771
48-no-mods-output,JON_48-no-mods-input_r100_t518400_5M_23d_21h_45m_34s_knightliao.disconf-2ac5c82=com.baidu.disconf.client.test.DisconfMgrTestCase.demo_output_1590288336,1590289498,1590288682,816
48-no-mods-output,JON_48-no-mods-input_r100_t518400_5M_23d_21h_45m_34s_lcw2004.one-7b9b249=com.lcw.one.main.EmailServiceTest.sendEmailList_output_1590288336,1590289542,1590288682,860
48-no-mods-output,JON_48-no-mods-input_r100_t518400_5M_23d_21h_45m_34s_looly.hutool-91565d0=cn.hutool.cron.test.CronTest.matchAllTest_output_1590288336,1590289135,1590288705,430
48-no-mods-output,JON_48-no-mods-input_r100_t518400_5M_23d_21h_45m_34s_nationalsecurityagency.timely-3a8cbd3=timely.store.iterators.TimeSeriesGroupingIteratorTest.testMultipleTimeSeriesMovingAverage_output_1590288336,1590290894,1590288590,2304
48-no-mods-output,JON_48-no-mods-input_r100_t518400_5M_23d_21h_45m_34s_odrotbohm.sos-d4ed68a=example.sos.modulith.orders.EmailNotificationTest.completingAnOrderUpdatesInventory_output_1590288336,1590289834,1590288602,1232
48-no-mods-output,JON_48-no-mods-input_r100_t518400_5M_23d_21h_45m_34s_oracle.oci-java-sdk-2e9982f=com.oracle.bmc.objectstorage.transfer.ProgressTrackerTest.multipartUploadProgressTrackerFactory_simulateRealLifeScenario_output_1590288336,1590290931,1590288604,2327
48-no-mods-output,JON_48-no-mods-input_r100_t518400_5M_23d_21h_45m_34s_orbit.orbit-c4904af=cloud.orbit.actors.extensions.test.LengthFieldHandlerTest.randomMessages_output_1590288336,1590290076,1590288679,1397
48-no-mods-output,JON_48-no-mods-input_r100_t518400_5M_23d_21h_45m_34s_oryxproject.oryx-72ae4bb=com.cloudera.oryx.common.io.IOUtilsTest.testDistinctFreePorts_output_1590288336,1590292167,1590288679,3488
48-no-mods-output,JON_48-no-mods-input_r100_t518400_5M_23d_21h_45m_34s_outbrain.aletheia-024a4b7=com.outbrain.aletheia.DatumAuditorStressTest.test_breadcrumbDispatcher_under_load_output_1590288336,1590289402,1590288614,788
48-no-mods-output,JON_48-no-mods-input_r100_t518400_5M_23d_21h_45m_34s_pippo-java.pippo-ae898b6=ro.pippo.session.jedis.JedisSessionDataStorageTest.testDelete_output_1590288336,1590289194,1590288610,584
48-no-mods-output,JON_48-no-mods-input_r100_t518400_5M_23d_21h_45m_34s_pippo-java.pippo-ae898b6=ro.pippo.session.mongodb.MongoDBSessionDataStorageTest.testCreate_output_1590288336,1590289074,1590288629,445
48-no-mods-output,JON_48-no-mods-input_r100_t518400_5M_23d_21h_45m_34s_ppiastucki.recast4j-01d478e=org.recast4j.detour.tilecache.TileCacheTest.testPerformance_output_1590288336,1590291613,1590288608,3005
48-no-mods-output,JON_48-no-mods-input_r100_t518400_5M_23d_21h_45m_34s_querydsl.querydsl-2bf234c=com.querydsl.hibernate.search.SearchQueryTest.count_output_1590288336,1590289853,1590288691,1162
48-no-mods-output,JON_48-no-mods-input_r100_t518400_5M_23d_21h_45m_34s_spinn3r.noxy-d53a494=com.spinn3r.noxy.discovery.zookeeper.ZKTest.testBulkClusterJoining_output_1590288336,1590294448,1590288610,5838
48-no-mods-output,JON_48-no-mods-input_r100_t518400_5M_23d_21h_45m_34s_square.retrofit-ae28c3d=retrofit2.CallTest.cancelOkHttpRequest_output_1590288336,1590289913,1590288691,1222
48-no-mods-output,JON_48-no-mods-input_r100_t518400_5M_23d_21h_45m_34s_tootallnate.java-websocket-fa3909c=org.java_websocket.issues.Issue256Test.runReconnectBlockingScenario0_output_1590288336,1590289869,1590288688,1181
48-no-mods-output,JON_48-no-mods-input_r100_t518400_5M_23d_21h_45m_34s_undertow-io.undertow-d0efffa=io.undertow.websockets.jsr.test.JsrWebSocketServer07Test.testErrorHandling_output_1590288336,1590292343,1590288705,3638
48-no-mods-output,JON_48-no-mods-input_r100_t518400_5M_23d_21h_45m_34s_vert-x3.vertx-rabbitmq-client-7305bcd=io.vertx.rabbitmq.RabbitMQClientReconnectTest.testReconnect_output_1590288336,1590289962,1590288634,1328
48-no-mods-output,JON_48-no-mods-input_r100_t518400_5M_23d_21h_45m_34s_vmware.admiral-e4b0293=com.vmware.admiral.adapter.registry.service.RegistryAdapterServiceProxyTest.testInitWithProxyWithList_output_1590288336,1590293054,1590288610,4444
48-no-mods-output,JON_48-no-mods-input_r100_t518400_5M_23d_21h_45m_34s_wro4j.wro4j-185ab60=ro.isdc.wro.extensions.processor.TestBourbonCssProcessor.shouldBeThreadSafe_output_1590288336,1590295629,1590288699,6930
48-no-mods-output,JON_48-no-mods-input_r100_t518400_5M_23d_21h_45m_34s_wso2.carbon-apimgt-a82213e=org.wso2.carbon.apimgt.throttling.siddhi.extension.ThrottleTimeBatchWindowTestCase.throttleTimeWindowBatchTest1_output_1590288336,1590291874,1590288620,3254
48-no-mods-output,JON_48-no-mods-input_r100_t518400_5M_23d_21h_45m_34s_zalando.riptide-8277e11=org.zalando.riptide.backup.BackupRequestPluginTest.shouldUseBackupRequest_output_1590288336,1590291420,1590288613,2807
48-no-mods-output,JON_48-no-mods-input_r100_t518400_5M_23d_21h_45m_34s_zalando.riptide-8277e11=org.zalando.riptide.failsafe.RetryAfterDelayFunctionTest.shouldRetryOnDemandWithDynamicDelay_output_1590288336,1590291790,1590288634,3156
48-no-mods-output,JON_48-no-mods-input_r100_t518400_5M_23d_21h_55m_34s_apache.hbase-801fc05=org.apache.hadoop.hbase.procedure2.TestProcedureSkipPersistence.test_output_1590288936,1590305280,1590289380,15900
48-no-mods-output,JON_48-no-mods-input_r100_t518400_5M_23d_21h_55m_34s_apache.incubator-dubbo-737f7a7=org.apache.dubbo.remoting.exchange.support.header.HeartbeatHandlerTest.testHeartbeat_output_1590288936,1590294497,1590289360,5137
48-no-mods-output,JON_48-no-mods-input_r100_t518400_5M_23d_21h_55m_34s_apache.incubator-dubbo-737f7a7=org.apache.dubbo.rpc.protocol.dubbo.DubboLazyConnectTest.testSticky1_output_1590288936,1590314324,1590289396,24928
48-no-mods-output,JON_48-no-mods-input_r100_t518400_5M_23d_21h_55m_34s_apache.incubator-dubbo-737f7a7=org.apache.dubbo.rpc.protocol.http.HttpProtocolTest.testGenericInvokeWithNativeJava_output_1590288936,1590290431,1590289394,1037
48-no-mods-output,JON_48-no-mods-input_r100_t518400_5M_23d_21h_55m_34s_apereo.java-cas-client-574b74f=org.jasig.cas.client.validation.AssertionImplTests.testAssertionValidity_output_1590288936,1590290205,1590289325,880
48-no-mods-output,JON_48-no-mods-input_r100_t518400_5M_23d_21h_55m_34s_c2mon.c2mon-d80687b=cern.c2mon.daq.filter.dynamic.DiffTimeDeadbandActivatorTest.testNoActivationOnFirstRecord_output_1590288936,1590290747,1590289342,1405
48-no-mods-output,JON_48-no-mods-input_r100_t518400_5M_23d_21h_55m_34s_c2mon.c2mon-d80687b=cern.c2mon.server.common.republisher.RepublisherImplTest.testMultipleExceptions_output_1590288936,1590290303,1590289337,966
48-no-mods-output,JON_48-no-mods-input_r100_t518400_5M_23d_21h_55m_34s_cescoffier.vertx-completable-future-011d3cd=me.escoffier.vertx.completablefuture.VertxCompletableFutureTest.testAcceptEitherAsyncWithExecutor_output_1590288936,1590292566,1590289342,3224
48-no-mods-output,JON_48-no-mods-input_r100_t518400_5M_23d_21h_55m_34s_codingchili.excelastic-6bb7884=com.codingchili.TestWriter.shouldWriteToElasticPort_output_1590288936,1590290019,1590289333,686
48-no-mods-output,JON_48-no-mods-input_r100_t518400_5M_23d_21h_55m_34s_davidmoten.rxjava2-extras-d0315b6=com.github.davidmoten.rx2.SpecializedMspcLinkedQueueTest.testPushPoll_output_1590288936,1590295663,1590289330,6333
48-no-mods-output,JON_48-no-mods-input_r100_t518400_5M_23d_21h_55m_34s_eclipse-ee4j.tyrus-d86e0cb=org.glassfish.tyrus.test.e2e.non_deployable.ServerExecutorsManagementTest.testExecutorServicesGetClosed_output_1590288936,1590290759,1590289305,1454
48-no-mods-output,JON_48-no-mods-input_r100_t518400_5M_23d_21h_55m_34s_elasticjob.elastic-job-lite-b022898=io.elasticjob.lite.event.rdb.JobEventRdbSearchTest.assertFindJobExecutionEventsWithTime_output_1590288936,1590293060,1590289410,3650
48-no-mods-output,JON_48-no-mods-input_r100_t518400_5M_23d_21h_55m_34s_elasticjob.elastic-job-lite-b022898=io.elasticjob.lite.lifecycle.api.JobAPIFactoryTest.assertCreateJobStatisticsAPI_output_1590288936,1590290392,1590289410,982
48-no-mods-output,JON_48-no-mods-input_r100_t518400_5M_23d_21h_55m_34s_espertechinc.esper-590fa9c=com.espertech.esper.example.rfidassetzone.TestLRMovingSimMain.testSim_output_1590288936,1590290592,1590289346,1246
48-no-mods-output,JON_48-no-mods-input_r100_t518400_5M_23d_21h_55m_34s_feroult.yawp-b3bcf9c=io.yawp.testing.appengine.pipes.flow.FlowDropsTest.testFlowDropsToSameSink_output_1590288936,1590290071,1590289351,720
48-no-mods-output,JON_48-no-mods-input_r100_t518400_5M_23d_21h_55m_34s_flaxsearch.luwak-c27ec08=uk.co.flax.luwak.matchers.TestParallelMatcher.testParallelSlowLog_output_1590288936,1590291272,1590289351,1921
48-no-mods-output,JON_48-no-mods-input_r100_t518400_5M_23d_21h_55m_34s_fluent.fluent-logger-java-da14ec3=org.fluentd.logger.TestFluentLogger.testReconnection_output_1590288936,1590293097,1590289342,3755
48-no-mods-output,JON_48-no-mods-input_r100_t518400_5M_23d_21h_55m_34s_fromage.redpipe-0aff891=net.redpipe.discovery.DiscoveryTest.checkWebClient_output_1590288936,1590289891,1590289347,544
48-no-mods-output,JON_48-no-mods-input_r100_t518400_5M_23d_21h_55m_34s_fromage.redpipe-0aff891=net.redpipe.engine.swagger.SwaggerApiTest.checkSwagger_output_1590288936,1590291451,1590289355,2096
48-no-mods-output,JON_48-no-mods-input_r100_t518400_5M_23d_21h_55m_34s_javadelight.delight-nashorn-sandbox-da35edc=delight.nashornsandbox.TestGetFunction.test_output_1590288936,1590292263,1590289348,2915
48-no-mods-output,JON_48-no-mods-input_r100_t518400_5M_23d_21h_55m_34s_kagkarlsson.db-scheduler-4a8a28e=com.github.kagkarlsson.scheduler.SchedulerTest.scheduler_should_execute_rescheduled_task_when_exactly_due_output_1590288936,1590291124,1590289355,1769
48-no-mods-output,JON_48-no-mods-input_r100_t518400_5M_23d_21h_55m_34s_knightliao.disconf-2ac5c82=com.baidu.disconf.client.test.DisconfMgrTestCase.demo_output_1590288936,1590290216,1590289405,811
48-no-mods-output,JON_48-no-mods-input_r100_t518400_5M_23d_21h_55m_34s_lcw2004.one-7b9b249=com.lcw.one.main.EmailServiceTest.sendEmailList_output_1590288936,1590290263,1590289382,881
48-no-mods-output,JON_48-no-mods-input_r100_t518400_5M_23d_21h_55m_34s_looly.hutool-91565d0=cn.hutool.cron.test.CronTest.matchAllTest_output_1590288936,1590289844,1590289394,450
48-no-mods-output,JON_48-no-mods-input_r100_t518400_5M_23d_21h_55m_34s_nationalsecurityagency.timely-3a8cbd3=timely.store.iterators.TimeSeriesGroupingIteratorTest.testMultipleTimeSeriesMovingAverage_output_1590288936,1590291878,1590289258,2620
48-no-mods-output,JON_48-no-mods-input_r100_t518400_5M_23d_21h_55m_34s_odrotbohm.sos-d4ed68a=example.sos.modulith.orders.EmailNotificationTest.completingAnOrderUpdatesInventory_output_1590288936,1590290527,1590289264,1263
48-no-mods-output,JON_48-no-mods-input_r100_t518400_5M_23d_21h_55m_34s_oracle.oci-java-sdk-2e9982f=com.oracle.bmc.objectstorage.transfer.ProgressTrackerTest.multipartUploadProgressTrackerFactory_simulateRealLifeScenario_output_1590288936,1590291539,1590289271,2268
48-no-mods-output,JON_48-no-mods-input_r100_t518400_5M_23d_21h_55m_34s_orbit.orbit-c4904af=cloud.orbit.actors.extensions.test.LengthFieldHandlerTest.randomMessages_output_1590288936,1590290780,1590289385,1395
48-no-mods-output,JON_48-no-mods-input_r100_t518400_5M_23d_21h_55m_34s_oryxproject.oryx-72ae4bb=com.cloudera.oryx.common.io.IOUtilsTest.testDistinctFreePorts_output_1590288936,1590292969,1590289382,3587
48-no-mods-output,JON_48-no-mods-input_r100_t518400_5M_23d_21h_55m_34s_outbrain.aletheia-024a4b7=com.outbrain.aletheia.DatumAuditorStressTest.test_breadcrumbDispatcher_under_load_output_1590288936,1590289928,1590289275,653
48-no-mods-output,JON_48-no-mods-input_r100_t518400_5M_23d_21h_55m_34s_pippo-java.pippo-ae898b6=ro.pippo.session.jedis.JedisSessionDataStorageTest.testDelete_output_1590288936,1590289815,1590289275,540
48-no-mods-output,JON_48-no-mods-input_r100_t518400_5M_23d_21h_55m_34s_pippo-java.pippo-ae898b6=ro.pippo.session.mongodb.MongoDBSessionDataStorageTest.testCreate_output_1590288936,1590289749,1590289287,462
48-no-mods-output,JON_48-no-mods-input_r100_t518400_5M_23d_21h_55m_34s_ppiastucki.recast4j-01d478e=org.recast4j.detour.tilecache.TileCacheTest.testPerformance_output_1590288936,1590292050,1590289289,2761
48-no-mods-output,JON_48-no-mods-input_r100_t518400_5M_23d_21h_55m_34s_querydsl.querydsl-2bf234c=com.querydsl.hibernate.search.SearchQueryTest.count_output_1590288936,1590290711,1590289406,1305
48-no-mods-output,JON_48-no-mods-input_r100_t518400_5M_23d_21h_55m_34s_spinn3r.noxy-d53a494=com.spinn3r.noxy.discovery.zookeeper.ZKTest.testBulkClusterJoining_output_1590288936,1590295585,1590289314,6271
48-no-mods-output,JON_48-no-mods-input_r100_t518400_5M_23d_21h_55m_34s_spotify.helios-aebf68d=com.spotify.helios.testing.HeliosSoloDeploymentTest.testUndeployLeftoverJobs_output_1590288936,1590305786,1590289407,16379
48-no-mods-output,JON_48-no-mods-input_r100_t518400_5M_23d_21h_55m_34s_square.retrofit-ae28c3d=retrofit2.CallTest.cancelOkHttpRequest_output_1590288936,1590290632,1590289410,1222
48-no-mods-output,JON_48-no-mods-input_r100_t518400_5M_23d_21h_55m_34s_tootallnate.java-websocket-fa3909c=org.java_websocket.issues.Issue256Test.runReconnectBlockingScenario0_output_1590288936,1590290996,1590289412,1584
48-no-mods-output,JON_48-no-mods-input_r100_t518400_5M_23d_21h_55m_34s_undertow-io.undertow-d0efffa=io.undertow.websockets.jsr.test.JsrWebSocketServer07Test.testErrorHandling_output_1590288936,1590293355,1590289421,3934
48-no-mods-output,JON_48-no-mods-input_r100_t518400_5M_23d_21h_55m_34s_vert-x3.vertx-rabbitmq-client-7305bcd=io.vertx.rabbitmq.RabbitMQClientReconnectTest.testReconnect_output_1590288936,1590290729,1590289289,1440
48-no-mods-output,JON_48-no-mods-input_r100_t518400_5M_23d_21h_55m_34s_vmware.admiral-e4b0293=com.vmware.admiral.adapter.registry.service.RegistryAdapterServiceProxyTest.testInitWithProxyWithList_output_1590288936,1590293593,1590289314,4279
48-no-mods-output,JON_48-no-mods-input_r100_t518400_5M_23d_21h_55m_34s_wro4j.wro4j-185ab60=ro.isdc.wro.extensions.processor.TestBourbonCssProcessor.shouldBeThreadSafe_output_1590288936,1590295641,1590289423,6218
48-no-mods-output,JON_48-no-mods-input_r100_t518400_5M_23d_21h_55m_34s_wso2.carbon-apimgt-a82213e=org.wso2.carbon.apimgt.throttling.siddhi.extension.ThrottleTimeBatchWindowTestCase.throttleTimeWindowBatchTest1_output_1590288936,1590292581,1590289317,3264
48-no-mods-output,JON_48-no-mods-input_r100_t518400_5M_23d_21h_55m_34s_zalando.riptide-8277e11=org.zalando.riptide.backup.BackupRequestPluginTest.shouldUseBackupRequest_output_1590288936,1590292013,1590289319,2694
48-no-mods-output,JON_48-no-mods-input_r100_t518400_5M_23d_21h_55m_34s_zalando.riptide-8277e11=org.zalando.riptide.failsafe.RetryAfterDelayFunctionTest.shouldRetryOnDemandWithDynamicDelay_output_1590288936,1590292343,1590289321,3022
48-no-mods-output,JON_48-no-mods-input_r100_t518400_5M_23d_21h_5m_34s_apache.hbase-801fc05=org.apache.hadoop.hbase.procedure2.TestProcedureSkipPersistence.test_output_1590285936,1590302730,1590286289,16441
48-no-mods-output,JON_48-no-mods-input_r100_t518400_5M_23d_21h_5m_34s_apache.incubator-dubbo-737f7a7=org.apache.dubbo.remoting.exchange.support.header.HeartbeatHandlerTest.testHeartbeat_output_1590285936,1590291348,1590286297,5051
48-no-mods-output,JON_48-no-mods-input_r100_t518400_5M_23d_21h_5m_34s_apache.incubator-dubbo-737f7a7=org.apache.dubbo.rpc.protocol.dubbo.DubboLazyConnectTest.testSticky1_output_1590285936,1590306118,1590286289,19829
48-no-mods-output,JON_48-no-mods-input_r100_t518400_5M_23d_21h_5m_34s_apache.incubator-dubbo-737f7a7=org.apache.dubbo.rpc.protocol.http.HttpProtocolTest.testGenericInvokeWithNativeJava_output_1590285936,1590287423,1590286317,1106
48-no-mods-output,JON_48-no-mods-input_r100_t518400_5M_23d_21h_5m_34s_apereo.java-cas-client-574b74f=org.jasig.cas.client.validation.AssertionImplTests.testAssertionValidity_output_1590285936,1590287219,1590286280,939
48-no-mods-output,JON_48-no-mods-input_r100_t518400_5M_23d_21h_5m_34s_c2mon.c2mon-d80687b=cern.c2mon.daq.filter.dynamic.DiffTimeDeadbandActivatorTest.testNoActivationOnFirstRecord_output_1590285936,1590287760,1590286286,1474
48-no-mods-output,JON_48-no-mods-input_r100_t518400_5M_23d_21h_5m_34s_c2mon.c2mon-d80687b=cern.c2mon.server.common.republisher.RepublisherImplTest.testMultipleExceptions_output_1590285936,1590287364,1590286326,1038
48-no-mods-output,JON_48-no-mods-input_r100_t518400_5M_23d_21h_5m_34s_cescoffier.vertx-completable-future-011d3cd=me.escoffier.vertx.completablefuture.VertxCompletableFutureTest.testAcceptEitherAsyncWithExecutor_output_1590285936,1590289556,1590286285,3271
48-no-mods-output,JON_48-no-mods-input_r100_t518400_5M_23d_21h_5m_34s_codingchili.excelastic-6bb7884=com.codingchili.TestWriter.shouldWriteToElasticPort_output_1590285936,1590287356,1590286283,1073
48-no-mods-output,JON_48-no-mods-input_r100_t518400_5M_23d_21h_5m_34s_davidmoten.rxjava2-extras-d0315b6=com.github.davidmoten.rx2.SpecializedMspcLinkedQueueTest.testPushPoll_output_1590285936,1590292428,1590286277,6151
48-no-mods-output,JON_48-no-mods-input_r100_t518400_5M_23d_21h_5m_34s_eclipse-ee4j.tyrus-d86e0cb=org.glassfish.tyrus.test.e2e.non_deployable.ServerExecutorsManagementTest.testExecutorServicesGetClosed_output_1590285936,1590287783,1590286283,1500
48-no-mods-output,JON_48-no-mods-input_r100_t518400_5M_23d_21h_5m_34s_elasticjob.elastic-job-lite-b022898=io.elasticjob.lite.event.rdb.JobEventRdbSearchTest.assertFindJobExecutionEventsWithTime_output_1590285936,1590289966,1590286291,3675
48-no-mods-output,JON_48-no-mods-input_r100_t518400_5M_23d_21h_5m_34s_elasticjob.elastic-job-lite-b022898=io.elasticjob.lite.lifecycle.api.JobAPIFactoryTest.assertCreateJobStatisticsAPI_output_1590285936,1590287213,1590286291,922
48-no-mods-output,JON_48-no-mods-input_r100_t518400_5M_23d_21h_5m_34s_espertechinc.esper-590fa9c=com.espertech.esper.example.rfidassetzone.TestLRMovingSimMain.testSim_output_1590285936,1590287515,1590286286,1229
48-no-mods-output,JON_48-no-mods-input_r100_t518400_5M_23d_21h_5m_34s_feroult.yawp-b3bcf9c=io.yawp.testing.appengine.pipes.flow.FlowDropsTest.testFlowDropsToSameSink_output_1590285936,1590287089,1590286283,806
48-no-mods-output,JON_48-no-mods-input_r100_t518400_5M_23d_21h_5m_34s_flaxsearch.luwak-c27ec08=uk.co.flax.luwak.matchers.TestParallelMatcher.testParallelSlowLog_output_1590285936,1590288225,1590286294,1931
48-no-mods-output,JON_48-no-mods-input_r100_t518400_5M_23d_21h_5m_34s_fluent.fluent-logger-java-da14ec3=org.fluentd.logger.TestFluentLogger.testReconnection_output_1590285936,1590290112,1590286280,3832
48-no-mods-output,JON_48-no-mods-input_r100_t518400_5M_23d_21h_5m_34s_fromage.redpipe-0aff891=net.redpipe.discovery.DiscoveryTest.checkWebClient_output_1590285936,1590286887,1590286286,601
48-no-mods-output,JON_48-no-mods-input_r100_t518400_5M_23d_21h_5m_34s_fromage.redpipe-0aff891=net.redpipe.engine.swagger.SwaggerApiTest.checkSwagger_output_1590285936,1590288236,1590286285,1951
48-no-mods-output,JON_48-no-mods-input_r100_t518400_5M_23d_21h_5m_34s_javadelight.delight-nashorn-sandbox-da35edc=delight.nashornsandbox.TestGetFunction.test_output_1590285936,1590289359,1590286291,3068
48-no-mods-output,JON_48-no-mods-input_r100_t518400_5M_23d_21h_5m_34s_kagkarlsson.db-scheduler-4a8a28e=com.github.kagkarlsson.scheduler.SchedulerTest.scheduler_should_execute_rescheduled_task_when_exactly_due_output_1590285936,1590288064,1590286289,1775
48-no-mods-output,JON_48-no-mods-input_r100_t518400_5M_23d_21h_5m_34s_knightliao.disconf-2ac5c82=com.baidu.disconf.client.test.DisconfMgrTestCase.demo_output_1590285936,1590287185,1590286332,853
48-no-mods-output,JON_48-no-mods-input_r100_t518400_5M_23d_21h_5m_34s_lcw2004.one-7b9b249=com.lcw.one.main.EmailServiceTest.sendEmailList_output_1590285936,1590287192,1590286289,903
48-no-mods-output,JON_48-no-mods-input_r100_t518400_5M_23d_21h_5m_34s_looly.hutool-91565d0=cn.hutool.cron.test.CronTest.matchAllTest_output_1590285936,1590286708,1590286308,400
48-no-mods-output,JON_48-no-mods-input_r100_t518400_5M_23d_21h_5m_34s_nationalsecurityagency.timely-3a8cbd3=timely.store.iterators.TimeSeriesGroupingIteratorTest.testMultipleTimeSeriesMovingAverage_output_1590285936,1590288404,1590286180,2224
48-no-mods-output,JON_48-no-mods-input_r100_t518400_5M_23d_21h_5m_34s_odrotbohm.sos-d4ed68a=example.sos.modulith.orders.EmailNotificationTest.completingAnOrderUpdatesInventory_output_1590285936,1590287462,1590286189,1273
48-no-mods-output,JON_48-no-mods-input_r100_t518400_5M_23d_21h_5m_34s_oracle.oci-java-sdk-2e9982f=com.oracle.bmc.objectstorage.transfer.ProgressTrackerTest.multipartUploadProgressTrackerFactory_simulateRealLifeScenario_output_1590285936,1590288577,1590286205,2372
48-no-mods-output,JON_48-no-mods-input_r100_t518400_5M_23d_21h_5m_34s_orbit.orbit-c4904af=cloud.orbit.actors.extensions.test.LengthFieldHandlerTest.randomMessages_output_1590285936,1590287778,1590286326,1452
48-no-mods-output,JON_48-no-mods-input_r100_t518400_5M_23d_21h_5m_34s_oryxproject.oryx-72ae4bb=com.cloudera.oryx.common.io.IOUtilsTest.testDistinctFreePorts_output_1590285936,1590289926,1590286323,3603
48-no-mods-output,JON_48-no-mods-input_r100_t518400_5M_23d_21h_5m_34s_outbrain.aletheia-024a4b7=com.outbrain.aletheia.DatumAuditorStressTest.test_breadcrumbDispatcher_under_load_output_1590285936,1590287014,1590286189,825
48-no-mods-output,JON_48-no-mods-input_r100_t518400_5M_23d_21h_5m_34s_pippo-java.pippo-ae898b6=ro.pippo.session.jedis.JedisSessionDataStorageTest.testDelete_output_1590285936,1590286755,1590286186,569
48-no-mods-output,JON_48-no-mods-input_r100_t518400_5M_23d_21h_5m_34s_pippo-java.pippo-ae898b6=ro.pippo.session.mongodb.MongoDBSessionDataStorageTest.testCreate_output_1590285936,1590286564,1590286205,359
48-no-mods-output,JON_48-no-mods-input_r100_t518400_5M_23d_21h_5m_34s_ppiastucki.recast4j-01d478e=org.recast4j.detour.tilecache.TileCacheTest.testPerformance_output_1590285936,1590289318,1590286269,3049
48-no-mods-output,JON_48-no-mods-input_r100_t518400_5M_23d_21h_5m_34s_querydsl.querydsl-2bf234c=com.querydsl.hibernate.search.SearchQueryTest.count_output_1590285936,1590287615,1590286317,1298
48-no-mods-output,JON_48-no-mods-input_r100_t518400_5M_23d_21h_5m_34s_spinn3r.noxy-d53a494=com.spinn3r.noxy.discovery.zookeeper.ZKTest.testBulkClusterJoining_output_1590285936,1590292886,1590286277,6609
48-no-mods-output,JON_48-no-mods-input_r100_t518400_5M_23d_21h_5m_34s_spotify.helios-aebf68d=com.spotify.helios.testing.HeliosSoloDeploymentTest.testUndeployLeftoverJobs_output_1590285936,1590301350,1590286318,15032
48-no-mods-output,JON_48-no-mods-input_r100_t518400_5M_23d_21h_5m_34s_square.retrofit-ae28c3d=retrofit2.CallTest.cancelOkHttpRequest_output_1590285936,1590287314,1590286337,977
48-no-mods-output,JON_48-no-mods-input_r100_t518400_5M_23d_21h_5m_34s_tootallnate.java-websocket-fa3909c=org.java_websocket.issues.Issue256Test.runReconnectBlockingScenario0_output_1590285936,1590287585,1590286311,1274
48-no-mods-output,JON_48-no-mods-input_r100_t518400_5M_23d_21h_5m_34s_vert-x3.vertx-rabbitmq-client-7305bcd=io.vertx.rabbitmq.RabbitMQClientReconnectTest.testReconnect_output_1590285936,1590287683,1590286220,1463
48-no-mods-output,JON_48-no-mods-input_r100_t518400_5M_23d_21h_5m_34s_vmware.admiral-e4b0293=com.vmware.admiral.adapter.registry.service.RegistryAdapterServiceProxyTest.testInitWithProxyWithList_output_1590285936,1590291294,1590286237,5057
48-no-mods-output,JON_48-no-mods-input_r100_t518400_5M_23d_21h_5m_34s_wro4j.wro4j-185ab60=ro.isdc.wro.extensions.processor.TestBourbonCssProcessor.shouldBeThreadSafe_output_1590285936,1590292864,1590286315,6549
48-no-mods-output,JON_48-no-mods-input_r100_t518400_5M_23d_21h_5m_34s_wso2.carbon-apimgt-a82213e=org.wso2.carbon.apimgt.throttling.siddhi.extension.ThrottleTimeBatchWindowTestCase.throttleTimeWindowBatchTest1_output_1590285936,1590289550,1590286269,3281
48-no-mods-output,JON_48-no-mods-input_r100_t518400_5M_23d_21h_5m_34s_zalando.riptide-8277e11=org.zalando.riptide.backup.BackupRequestPluginTest.shouldUseBackupRequest_output_1590285936,1590288969,1590286208,2761
48-no-mods-output,JON_48-no-mods-input_r100_t518400_5M_23d_21h_5m_34s_zalando.riptide-8277e11=org.zalando.riptide.failsafe.RetryAfterDelayFunctionTest.shouldRetryOnDemandWithDynamicDelay_output_1590285936,1590289105,1590286266,2839
48-no-mods-output,JON_48-no-mods-input_r100_t518400_5M_23d_22h_15m_34s_apache.hbase-801fc05=org.apache.hadoop.hbase.procedure2.TestProcedureSkipPersistence.test_output_1590290137,1590306756,1590290482,16274
48-no-mods-output,JON_48-no-mods-input_r100_t518400_5M_23d_22h_15m_34s_apache.incubator-dubbo-737f7a7=org.apache.dubbo.remoting.exchange.support.header.HeartbeatHandlerTest.testHeartbeat_output_1590290137,1590295417,1590290482,4935
48-no-mods-output,JON_48-no-mods-input_r100_t518400_5M_23d_22h_15m_34s_apache.incubator-dubbo-737f7a7=org.apache.dubbo.rpc.protocol.dubbo.DubboLazyConnectTest.testSticky1_output_1590290137,1590315356,1590290479,24877
48-no-mods-output,JON_48-no-mods-input_r100_t518400_5M_23d_22h_15m_34s_apache.incubator-dubbo-737f7a7=org.apache.dubbo.rpc.protocol.http.HttpProtocolTest.testGenericInvokeWithNativeJava_output_1590290137,1590291336,1590290480,856
48-no-mods-output,JON_48-no-mods-input_r100_t518400_5M_23d_22h_15m_34s_apereo.java-cas-client-574b74f=org.jasig.cas.client.validation.AssertionImplTests.testAssertionValidity_output_1590290137,1590291404,1590290430,974
48-no-mods-output,JON_48-no-mods-input_r100_t518400_5M_23d_22h_15m_34s_c2mon.c2mon-d80687b=cern.c2mon.daq.filter.dynamic.DiffTimeDeadbandActivatorTest.testNoActivationOnFirstRecord_output_1590290137,1590291939,1590290432,1507
48-no-mods-output,JON_48-no-mods-input_r100_t518400_5M_23d_22h_15m_34s_c2mon.c2mon-d80687b=cern.c2mon.server.common.republisher.RepublisherImplTest.testMultipleExceptions_output_1590290137,1590291396,1590290430,966
48-no-mods-output,JON_48-no-mods-input_r100_t518400_5M_23d_22h_15m_34s_cescoffier.vertx-completable-future-011d3cd=me.escoffier.vertx.completablefuture.VertxCompletableFutureTest.testAcceptEitherAsyncWithExecutor_output_1590290137,1590293746,1590290441,3305
48-no-mods-output,JON_48-no-mods-input_r100_t518400_5M_23d_22h_15m_34s_codingchili.excelastic-6bb7884=com.codingchili.TestWriter.shouldWriteToElasticPort_output_1590290137,1590291115,1590290440,675
48-no-mods-output,JON_48-no-mods-input_r100_t518400_5M_23d_22h_15m_34s_davidmoten.rxjava2-extras-d0315b6=com.github.davidmoten.rx2.SpecializedMspcLinkedQueueTest.testPushPoll_output_1590290137,1590296512,1590290437,6075
48-no-mods-output,JON_48-no-mods-input_r100_t518400_5M_23d_22h_15m_34s_eclipse-ee4j.tyrus-d86e0cb=org.glassfish.tyrus.test.e2e.non_deployable.ServerExecutorsManagementTest.testExecutorServicesGetClosed_output_1590290137,1590291875,1590290439,1436
48-no-mods-output,JON_48-no-mods-input_r100_t518400_5M_23d_22h_15m_34s_elasticjob.elastic-job-lite-b022898=io.elasticjob.lite.event.rdb.JobEventRdbSearchTest.assertFindJobExecutionEventsWithTime_output_1590290137,1590293945,1590290480,3465
48-no-mods-output,JON_48-no-mods-input_r100_t518400_5M_23d_22h_15m_34s_elasticjob.elastic-job-lite-b022898=io.elasticjob.lite.lifecycle.api.JobAPIFactoryTest.assertCreateJobStatisticsAPI_output_1590290137,1590291366,1590290484,882
48-no-mods-output,JON_48-no-mods-input_r100_t518400_5M_23d_22h_15m_34s_espertechinc.esper-590fa9c=com.espertech.esper.example.rfidassetzone.TestLRMovingSimMain.testSim_output_1590290137,1590291656,1590290437,1219
48-no-mods-output,JON_48-no-mods-input_r100_t518400_5M_23d_22h_15m_34s_feroult.yawp-b3bcf9c=io.yawp.testing.appengine.pipes.flow.FlowDropsTest.testFlowDropsToSameSink_output_1590290137,1590291182,1590290441,741
48-no-mods-output,JON_48-no-mods-input_r100_t518400_5M_23d_22h_15m_34s_flaxsearch.luwak-c27ec08=uk.co.flax.luwak.matchers.TestParallelMatcher.testParallelSlowLog_output_1590290137,1590292265,1590290443,1822
48-no-mods-output,JON_48-no-mods-input_r100_t518400_5M_23d_22h_15m_34s_fluent.fluent-logger-java-da14ec3=org.fluentd.logger.TestFluentLogger.testReconnection_output_1590290137,1590294285,1590290443,3842
48-no-mods-output,JON_48-no-mods-input_r100_t518400_5M_23d_22h_15m_34s_fromage.redpipe-0aff891=net.redpipe.discovery.DiscoveryTest.checkWebClient_output_1590290137,1590290961,1590290443,518
48-no-mods-output,JON_48-no-mods-input_r100_t518400_5M_23d_22h_15m_34s_fromage.redpipe-0aff891=net.redpipe.engine.swagger.SwaggerApiTest.checkSwagger_output_1590290137,1590292391,1590290477,1914
48-no-mods-output,JON_48-no-mods-input_r100_t518400_5M_23d_22h_15m_34s_javadelight.delight-nashorn-sandbox-da35edc=delight.nashornsandbox.TestGetFunction.test_output_1590290137,1590293300,1590290441,2859
48-no-mods-output,JON_48-no-mods-input_r100_t518400_5M_23d_22h_15m_34s_knightliao.disconf-2ac5c82=com.baidu.disconf.client.test.DisconfMgrTestCase.demo_output_1590290137,1590291255,1590290423,832
48-no-mods-output,JON_48-no-mods-input_r100_t518400_5M_23d_22h_15m_34s_kagkarlsson.db-scheduler-4a8a28e=com.github.kagkarlsson.scheduler.SchedulerTest.scheduler_should_execute_rescheduled_task_when_exactly_due_output_1590290137,1590292192,1590290441,1751
48-no-mods-output,JON_48-no-mods-input_r100_t518400_5M_23d_22h_15m_34s_lcw2004.one-7b9b249=com.lcw.one.main.EmailServiceTest.sendEmailList_output_1590290137,1590291327,1590290477,850
48-no-mods-output,JON_48-no-mods-input_r100_t518400_5M_23d_22h_15m_34s_looly.hutool-91565d0=cn.hutool.cron.test.CronTest.matchAllTest_output_1590290137,1590290873,1590290484,389
48-no-mods-output,JON_48-no-mods-input_r100_t518400_5M_23d_22h_15m_34s_nationalsecurityagency.timely-3a8cbd3=timely.store.iterators.TimeSeriesGroupingIteratorTest.testMultipleTimeSeriesMovingAverage_output_1590290137,1590292498,1590290401,2097
48-no-mods-output,JON_48-no-mods-input_r100_t518400_5M_23d_22h_15m_34s_odrotbohm.sos-d4ed68a=example.sos.modulith.orders.EmailNotificationTest.completingAnOrderUpdatesInventory_output_1590290137,1590291607,1590290410,1197
48-no-mods-output,JON_48-no-mods-input_r100_t518400_5M_23d_22h_15m_34s_oracle.oci-java-sdk-2e9982f=com.oracle.bmc.objectstorage.transfer.ProgressTrackerTest.multipartUploadProgressTrackerFactory_simulateRealLifeScenario_output_1590290137,1590292758,1590290416,2342
48-no-mods-output,JON_48-no-mods-input_r100_t518400_5M_23d_22h_15m_34s_orbit.orbit-c4904af=cloud.orbit.actors.extensions.test.LengthFieldHandlerTest.randomMessages_output_1590290137,1590291931,1590290486,1445
48-no-mods-output,JON_48-no-mods-input_r100_t518400_5M_23d_22h_15m_34s_oryxproject.oryx-72ae4bb=com.cloudera.oryx.common.io.IOUtilsTest.testDistinctFreePorts_output_1590290137,1590294068,1590290486,3582
48-no-mods-output,JON_48-no-mods-input_r100_t518400_5M_23d_22h_15m_34s_outbrain.aletheia-024a4b7=com.outbrain.aletheia.DatumAuditorStressTest.test_breadcrumbDispatcher_under_load_output_1590290137,1590291215,1590290418,797
48-no-mods-output,JON_48-no-mods-input_r100_t518400_5M_23d_22h_15m_34s_pippo-java.pippo-ae898b6=ro.pippo.session.jedis.JedisSessionDataStorageTest.testDelete_output_1590290137,1590290954,1590290428,526
48-no-mods-output,JON_48-no-mods-input_r100_t518400_5M_23d_22h_15m_34s_pippo-java.pippo-ae898b6=ro.pippo.session.mongodb.MongoDBSessionDataStorageTest.testCreate_output_1590290137,1590290848,1590290424,424
48-no-mods-output,JON_48-no-mods-input_r100_t518400_5M_23d_22h_15m_34s_ppiastucki.recast4j-01d478e=org.recast4j.detour.tilecache.TileCacheTest.testPerformance_output_1590290137,1590293354,1590290426,2928
48-no-mods-output,JON_48-no-mods-input_r100_t518400_5M_23d_22h_15m_34s_querydsl.querydsl-2bf234c=com.querydsl.hibernate.search.SearchQueryTest.count_output_1590290137,1590291871,1590290484,1387
48-no-mods-output,JON_48-no-mods-input_r100_t518400_5M_23d_22h_15m_34s_spinn3r.noxy-d53a494=com.spinn3r.noxy.discovery.zookeeper.ZKTest.testBulkClusterJoining_output_1590290137,1590295982,1590290428,5554
48-no-mods-output,JON_48-no-mods-input_r100_t518400_5M_23d_22h_15m_34s_square.retrofit-ae28c3d=retrofit2.CallTest.cancelOkHttpRequest_output_1590290137,1590291573,1590290486,1087
48-no-mods-output,JON_48-no-mods-input_r100_t518400_5M_23d_22h_15m_34s_tootallnate.java-websocket-fa3909c=org.java_websocket.issues.Issue256Test.runReconnectBlockingScenario0_output_1590290137,1590291952,1590290486,1466
48-no-mods-output,JON_48-no-mods-input_r100_t518400_5M_23d_22h_15m_34s_vert-x3.vertx-rabbitmq-client-7305bcd=io.vertx.rabbitmq.RabbitMQClientReconnectTest.testReconnect_output_1590290137,1590291913,1590290428,1485
48-no-mods-output,JON_48-no-mods-input_r100_t518400_5M_23d_22h_15m_34s_vmware.admiral-e4b0293=com.vmware.admiral.adapter.registry.service.RegistryAdapterServiceProxyTest.testInitWithProxyWithList_output_1590290137,1590294517,1590290435,4082
48-no-mods-output,JON_48-no-mods-input_r100_t518400_5M_23d_22h_15m_34s_wro4j.wro4j-185ab60=ro.isdc.wro.extensions.processor.TestBourbonCssProcessor.shouldBeThreadSafe_output_1590290137,1590297531,1590290489,7042
48-no-mods-output,JON_48-no-mods-input_r100_t518400_5M_23d_22h_15m_34s_wso2.carbon-apimgt-a82213e=org.wso2.carbon.apimgt.throttling.siddhi.extension.ThrottleTimeBatchWindowTestCase.throttleTimeWindowBatchTest1_output_1590290137,1590293726,1590290432,3294
48-no-mods-output,JON_48-no-mods-input_r100_t518400_5M_23d_22h_15m_34s_zalando.riptide-8277e11=org.zalando.riptide.backup.BackupRequestPluginTest.shouldUseBackupRequest_output_1590290137,1590293102,1590290439,2663
48-no-mods-output,JON_48-no-mods-input_r100_t518400_5M_23d_22h_15m_34s_zalando.riptide-8277e11=org.zalando.riptide.failsafe.RetryAfterDelayFunctionTest.shouldRetryOnDemandWithDynamicDelay_output_1590290137,1590293706,1590290435,3271
48-no-mods-output,JON_48-no-mods-input_r100_t518400_5M_23d_22h_25m_34s_apache.hbase-801fc05=org.apache.hadoop.hbase.procedure2.TestProcedureSkipPersistence.test_output_1590290736,1590307144,1590291027,16117
48-no-mods-output,JON_48-no-mods-input_r100_t518400_5M_23d_22h_25m_34s_apache.incubator-dubbo-737f7a7=org.apache.dubbo.remoting.exchange.support.header.HeartbeatHandlerTest.testHeartbeat_output_1590290736,1590296018,1590291030,4988
48-no-mods-output,JON_48-no-mods-input_r100_t518400_5M_23d_22h_25m_34s_apache.incubator-dubbo-737f7a7=org.apache.dubbo.rpc.protocol.dubbo.DubboLazyConnectTest.testSticky1_output_1590290736,1590305922,1590291034,14888
48-no-mods-output,JON_48-no-mods-input_r100_t518400_5M_23d_22h_25m_34s_apache.incubator-dubbo-737f7a7=org.apache.dubbo.rpc.protocol.http.HttpProtocolTest.testGenericInvokeWithNativeJava_output_1590290736,1590291926,1590291027,899
48-no-mods-output,JON_48-no-mods-input_r100_t518400_5M_23d_22h_25m_34s_apereo.java-cas-client-574b74f=org.jasig.cas.client.validation.AssertionImplTests.testAssertionValidity_output_1590290736,1590291880,1590291002,878
48-no-mods-output,JON_48-no-mods-input_r100_t518400_5M_23d_22h_25m_34s_c2mon.c2mon-d80687b=cern.c2mon.daq.filter.dynamic.DiffTimeDeadbandActivatorTest.testNoActivationOnFirstRecord_output_1590290736,1590292406,1590291017,1389
48-no-mods-output,JON_48-no-mods-input_r100_t518400_5M_23d_22h_25m_34s_c2mon.c2mon-d80687b=cern.c2mon.server.common.republisher.RepublisherImplTest.testMultipleExceptions_output_1590290736,1590292046,1590291016,1030
48-no-mods-output,JON_48-no-mods-input_r100_t518400_5M_23d_22h_25m_34s_cescoffier.vertx-completable-future-011d3cd=me.escoffier.vertx.completablefuture.VertxCompletableFutureTest.testAcceptEitherAsyncWithExecutor_output_1590290736,1590294276,1590291021,3255
48-no-mods-output,JON_48-no-mods-input_r100_t518400_5M_23d_22h_25m_34s_codingchili.excelastic-6bb7884=com.codingchili.TestWriter.shouldWriteToElasticPort_output_1590290736,1590292099,1590291016,1083
48-no-mods-output,JON_48-no-mods-input_r100_t518400_5M_23d_22h_25m_34s_davidmoten.rxjava2-extras-d0315b6=com.github.davidmoten.rx2.SpecializedMspcLinkedQueueTest.testPushPoll_output_1590290736,1590297426,1590291019,6407
48-no-mods-output,JON_48-no-mods-input_r100_t518400_5M_23d_22h_25m_34s_eclipse-ee4j.tyrus-d86e0cb=org.glassfish.tyrus.test.e2e.non_deployable.ServerExecutorsManagementTest.testExecutorServicesGetClosed_output_1590290736,1590292518,1590291017,1501
48-no-mods-output,JON_48-no-mods-input_r100_t518400_5M_23d_22h_25m_34s_elasticjob.elastic-job-lite-b022898=io.elasticjob.lite.event.rdb.JobEventRdbSearchTest.assertFindJobExecutionEventsWithTime_output_1590290736,1590294589,1590291031,3558
48-no-mods-output,JON_48-no-mods-input_r100_t518400_5M_23d_22h_25m_34s_elasticjob.elastic-job-lite-b022898=io.elasticjob.lite.lifecycle.api.JobAPIFactoryTest.assertCreateJobStatisticsAPI_output_1590290736,1590291970,1590291029,941
48-no-mods-output,JON_48-no-mods-input_r100_t518400_5M_23d_22h_25m_34s_espertechinc.esper-590fa9c=com.espertech.esper.example.rfidassetzone.TestLRMovingSimMain.testSim_output_1590290736,1590292172,1590291023,1149
48-no-mods-output,JON_48-no-mods-input_r100_t518400_5M_23d_22h_25m_34s_feroult.yawp-b3bcf9c=io.yawp.testing.appengine.pipes.flow.FlowDropsTest.testFlowDropsToSameSink_output_1590290736,1590291848,1590291027,821
48-no-mods-output,JON_48-no-mods-input_r100_t518400_5M_23d_22h_25m_34s_flaxsearch.luwak-c27ec08=uk.co.flax.luwak.matchers.TestParallelMatcher.testParallelSlowLog_output_1590290736,1590292824,1590291027,1797
48-no-mods-output,JON_48-no-mods-input_r100_t518400_5M_23d_22h_25m_34s_fluent.fluent-logger-java-da14ec3=org.fluentd.logger.TestFluentLogger.testReconnection_output_1590290736,1590294836,1590291027,3809
48-no-mods-output,JON_48-no-mods-input_r100_t518400_5M_23d_22h_25m_34s_fromage.redpipe-0aff891=net.redpipe.discovery.DiscoveryTest.checkWebClient_output_1590290736,1590291598,1590291023,575
48-no-mods-output,JON_48-no-mods-input_r100_t518400_5M_23d_22h_25m_34s_fromage.redpipe-0aff891=net.redpipe.engine.swagger.SwaggerApiTest.checkSwagger_output_1590290736,1590293026,1590291026,2000
48-no-mods-output,JON_48-no-mods-input_r100_t518400_5M_23d_22h_25m_34s_lcw2004.one-7b9b249=com.lcw.one.main.EmailServiceTest.sendEmailList_output_1590290736,1590291898,1590291030,868
48-no-mods-output,JON_48-no-mods-input_r100_t518400_5M_23d_22h_25m_34s_javadelight.delight-nashorn-sandbox-da35edc=delight.nashornsandbox.TestGetFunction.test_output_1590290736,1590293762,1590291030,2732
48-no-mods-output,JON_48-no-mods-input_r100_t518400_5M_23d_22h_25m_34s_kagkarlsson.db-scheduler-4a8a28e=com.github.kagkarlsson.scheduler.SchedulerTest.scheduler_should_execute_rescheduled_task_when_exactly_due_output_1590290736,1590292718,1590291025,1693
48-no-mods-output,JON_48-no-mods-input_r100_t518400_5M_23d_22h_25m_34s_knightliao.disconf-2ac5c82=com.baidu.disconf.client.test.DisconfMgrTestCase.demo_output_1590290736,1590291798,1590291031,767
48-no-mods-output,JON_48-no-mods-input_r100_t518400_5M_23d_22h_25m_34s_looly.hutool-91565d0=cn.hutool.cron.test.CronTest.matchAllTest_output_1590290736,1590291396,1590291032,364
48-no-mods-output,JON_48-no-mods-input_r100_t518400_5M_23d_22h_25m_34s_nationalsecurityagency.timely-3a8cbd3=timely.store.iterators.TimeSeriesGroupingIteratorTest.testMultipleTimeSeriesMovingAverage_output_1590290736,1590293303,1590290999,2304
48-no-mods-output,JON_48-no-mods-input_r100_t518400_5M_23d_22h_25m_34s_odrotbohm.sos-d4ed68a=example.sos.modulith.orders.EmailNotificationTest.completingAnOrderUpdatesInventory_output_1590290736,1590292227,1590291000,1227
48-no-mods-output,JON_48-no-mods-input_r100_t518400_5M_23d_22h_25m_34s_oracle.oci-java-sdk-2e9982f=com.oracle.bmc.objectstorage.transfer.ProgressTrackerTest.multipartUploadProgressTrackerFactory_simulateRealLifeScenario_output_1590290736,1590293353,1590291003,2350
48-no-mods-output,JON_48-no-mods-input_r100_t518400_5M_23d_22h_25m_34s_orbit.orbit-c4904af=cloud.orbit.actors.extensions.test.LengthFieldHandlerTest.randomMessages_output_1590290736,1590292444,1590291030,1414
48-no-mods-output,JON_48-no-mods-input_r100_t518400_5M_23d_22h_25m_34s_oryxproject.oryx-72ae4bb=com.cloudera.oryx.common.io.IOUtilsTest.testDistinctFreePorts_output_1590290736,1590294634,1590291034,3600
48-no-mods-output,JON_48-no-mods-input_r100_t518400_5M_23d_22h_25m_34s_outbrain.aletheia-024a4b7=com.outbrain.aletheia.DatumAuditorStressTest.test_breadcrumbDispatcher_under_load_output_1590290736,1590291860,1590291002,858
48-no-mods-output,JON_48-no-mods-input_r100_t518400_5M_23d_22h_25m_34s_pippo-java.pippo-ae898b6=ro.pippo.session.jedis.JedisSessionDataStorageTest.testDelete_output_1590290736,1590291543,1590291003,540
48-no-mods-output,JON_48-no-mods-input_r100_t518400_5M_23d_22h_25m_34s_pippo-java.pippo-ae898b6=ro.pippo.session.mongodb.MongoDBSessionDataStorageTest.testCreate_output_1590290736,1590291426,1590291001,425
48-no-mods-output,JON_48-no-mods-input_r100_t518400_5M_23d_22h_25m_34s_ppiastucki.recast4j-01d478e=org.recast4j.detour.tilecache.TileCacheTest.testPerformance_output_1590290736,1590293412,1590291014,2398
48-no-mods-output,JON_48-no-mods-input_r100_t518400_5M_23d_22h_25m_34s_querydsl.querydsl-2bf234c=com.querydsl.hibernate.search.SearchQueryTest.count_output_1590290736,1590292410,1590291008,1402
48-no-mods-output,JON_48-no-mods-input_r100_t518400_5M_23d_22h_25m_34s_spinn3r.noxy-d53a494=com.spinn3r.noxy.discovery.zookeeper.ZKTest.testBulkClusterJoining_output_1590290736,1590296354,1590291008,5346
48-no-mods-output,JON_48-no-mods-input_r100_t518400_5M_23d_22h_25m_34s_square.retrofit-ae28c3d=retrofit2.CallTest.cancelOkHttpRequest_output_1590290736,1590291987,1590291034,953
48-no-mods-output,JON_48-no-mods-input_r100_t518400_5M_23d_22h_25m_34s_tootallnate.java-websocket-fa3909c=org.java_websocket.issues.Issue256Test.runReconnectBlockingScenario0_output_1590290736,1590292498,1590291032,1466
48-no-mods-output,JON_48-no-mods-input_r100_t518400_5M_23d_22h_25m_34s_vert-x3.vertx-rabbitmq-client-7305bcd=io.vertx.rabbitmq.RabbitMQClientReconnectTest.testReconnect_output_1590290736,1590292452,1590291014,1438
48-no-mods-output,JON_48-no-mods-input_r100_t518400_5M_23d_22h_25m_34s_vmware.admiral-e4b0293=com.vmware.admiral.adapter.registry.service.RegistryAdapterServiceProxyTest.testInitWithProxyWithList_output_1590290736,1590295191,1590291016,4175
48-no-mods-output,JON_48-no-mods-input_r100_t518400_5M_23d_22h_25m_34s_wro4j.wro4j-185ab60=ro.isdc.wro.extensions.processor.TestBourbonCssProcessor.shouldBeThreadSafe_output_1590290736,1590297876,1590291035,6841
48-no-mods-output,JON_48-no-mods-input_r100_t518400_5M_23d_22h_25m_34s_wso2.carbon-apimgt-a82213e=org.wso2.carbon.apimgt.throttling.siddhi.extension.ThrottleTimeBatchWindowTestCase.throttleTimeWindowBatchTest1_output_1590290736,1590294262,1590291014,3248
48-no-mods-output,JON_48-no-mods-input_r100_t518400_5M_23d_22h_25m_34s_zalando.riptide-8277e11=org.zalando.riptide.backup.BackupRequestPluginTest.shouldUseBackupRequest_output_1590290736,1590293602,1590291014,2588
48-no-mods-output,JON_48-no-mods-input_r100_t518400_5M_23d_22h_25m_34s_zalando.riptide-8277e11=org.zalando.riptide.failsafe.RetryAfterDelayFunctionTest.shouldRetryOnDemandWithDynamicDelay_output_1590290736,1590294006,1590291000,3006
48-no-mods-output,JON_48-no-mods-input_r100_t518400_5M_23d_22h_35m_34s_apache.hbase-801fc05=org.apache.hadoop.hbase.procedure2.TestProcedureSkipPersistence.test_output_1590291337,1590308119,1590291668,16451
48-no-mods-output,JON_48-no-mods-input_r100_t518400_5M_23d_22h_35m_34s_apache.incubator-dubbo-737f7a7=org.apache.dubbo.remoting.exchange.support.header.HeartbeatHandlerTest.testHeartbeat_output_1590291337,1590296677,1590291663,5014
48-no-mods-output,JON_48-no-mods-input_r100_t518400_5M_23d_22h_35m_34s_apache.incubator-dubbo-737f7a7=org.apache.dubbo.rpc.protocol.dubbo.DubboLazyConnectTest.testSticky1_output_1590291337,1590306473,1590291663,14810
48-no-mods-output,JON_48-no-mods-input_r100_t518400_5M_23d_22h_35m_34s_apache.incubator-dubbo-737f7a7=org.apache.dubbo.rpc.protocol.http.HttpProtocolTest.testGenericInvokeWithNativeJava_output_1590291337,1590292690,1590291660,1030
48-no-mods-output,JON_48-no-mods-input_r100_t518400_5M_23d_22h_35m_34s_apereo.java-cas-client-574b74f=org.jasig.cas.client.validation.AssertionImplTests.testAssertionValidity_output_1590291337,1590292546,1590291641,905
48-no-mods-output,JON_48-no-mods-input_r100_t518400_5M_23d_22h_35m_34s_c2mon.c2mon-d80687b=cern.c2mon.daq.filter.dynamic.DiffTimeDeadbandActivatorTest.testNoActivationOnFirstRecord_output_1590291337,1590293012,1590291639,1373
48-no-mods-output,JON_48-no-mods-input_r100_t518400_5M_23d_22h_35m_34s_c2mon.c2mon-d80687b=cern.c2mon.server.common.republisher.RepublisherImplTest.testMultipleExceptions_output_1590291337,1590292657,1590291648,1009
48-no-mods-output,JON_48-no-mods-input_r100_t518400_5M_23d_22h_35m_34s_cescoffier.vertx-completable-future-011d3cd=me.escoffier.vertx.completablefuture.VertxCompletableFutureTest.testAcceptEitherAsyncWithExecutor_output_1590291337,1590294927,1590291642,3285
48-no-mods-output,JON_48-no-mods-input_r100_t518400_5M_23d_22h_35m_34s_codingchili.excelastic-6bb7884=com.codingchili.TestWriter.shouldWriteToElasticPort_output_1590291337,1590292676,1590291642,1034
48-no-mods-output,JON_48-no-mods-input_r100_t518400_5M_23d_22h_35m_34s_davidmoten.rxjava2-extras-d0315b6=com.github.davidmoten.rx2.SpecializedMspcLinkedQueueTest.testPushPoll_output_1590291337,1590297844,1590291651,6193
48-no-mods-output,JON_48-no-mods-input_r100_t518400_5M_23d_22h_35m_34s_eclipse-ee4j.tyrus-d86e0cb=org.glassfish.tyrus.test.e2e.non_deployable.ServerExecutorsManagementTest.testExecutorServicesGetClosed_output_1590291337,1590292903,1590291632,1271
48-no-mods-output,JON_48-no-mods-input_r100_t518400_5M_23d_22h_35m_34s_elasticjob.elastic-job-lite-b022898=io.elasticjob.lite.event.rdb.JobEventRdbSearchTest.assertFindJobExecutionEventsWithTime_output_1590291337,1590295095,1590291664,3431
48-no-mods-output,JON_48-no-mods-input_r100_t518400_5M_23d_22h_35m_34s_elasticjob.elastic-job-lite-b022898=io.elasticjob.lite.lifecycle.api.JobAPIFactoryTest.assertCreateJobStatisticsAPI_output_1590291337,1590292493,1590291663,830
48-no-mods-output,JON_48-no-mods-input_r100_t518400_5M_23d_22h_35m_34s_espertechinc.esper-590fa9c=com.espertech.esper.example.rfidassetzone.TestLRMovingSimMain.testSim_output_1590291337,1590292826,1590291651,1175
48-no-mods-output,JON_48-no-mods-input_r100_t518400_5M_23d_22h_35m_34s_feroult.yawp-b3bcf9c=io.yawp.testing.appengine.pipes.flow.FlowDropsTest.testFlowDropsToSameSink_output_1590291337,1590292312,1590291654,658
48-no-mods-output,JON_48-no-mods-input_r100_t518400_5M_23d_22h_35m_34s_flaxsearch.luwak-c27ec08=uk.co.flax.luwak.matchers.TestParallelMatcher.testParallelSlowLog_output_1590291337,1590293675,1590291651,2024
48-no-mods-output,JON_48-no-mods-input_r100_t518400_5M_23d_22h_35m_34s_fluent.fluent-logger-java-da14ec3=org.fluentd.logger.TestFluentLogger.testReconnection_output_1590291337,1590295471,1590291654,3817
48-no-mods-output,JON_48-no-mods-input_r100_t518400_5M_23d_22h_35m_34s_fromage.redpipe-0aff891=net.redpipe.discovery.DiscoveryTest.checkWebClient_output_1590291337,1590292237,1590291659,578
48-no-mods-output,JON_48-no-mods-input_r100_t518400_5M_23d_22h_35m_34s_fromage.redpipe-0aff891=net.redpipe.engine.swagger.SwaggerApiTest.checkSwagger_output_1590291337,1590293678,1590291651,2027
48-no-mods-output,JON_48-no-mods-input_r100_t518400_5M_23d_22h_35m_34s_javadelight.delight-nashorn-sandbox-da35edc=delight.nashornsandbox.TestGetFunction.test_output_1590291337,1590294216,1590291632,2584
48-no-mods-output,JON_48-no-mods-input_r100_t518400_5M_23d_22h_35m_34s_kagkarlsson.db-scheduler-4a8a28e=com.github.kagkarlsson.scheduler.SchedulerTest.scheduler_should_execute_rescheduled_task_when_exactly_due_output_1590291337,1590293284,1590291659,1625
48-no-mods-output,JON_48-no-mods-input_r100_t518400_5M_23d_22h_35m_34s_knightliao.disconf-2ac5c82=com.baidu.disconf.client.test.DisconfMgrTestCase.demo_output_1590291337,1590292433,1590291660,773
48-no-mods-output,JON_48-no-mods-input_r100_t518400_5M_23d_22h_35m_34s_lcw2004.one-7b9b249=com.lcw.one.main.EmailServiceTest.sendEmailList_output_1590291337,1590292473,1590291661,812
48-no-mods-output,JON_48-no-mods-input_r100_t518400_5M_23d_22h_35m_34s_looly.hutool-91565d0=cn.hutool.cron.test.CronTest.matchAllTest_output_1590291337,1590292108,1590291666,442
48-no-mods-output,JON_48-no-mods-input_r100_t518400_5M_23d_22h_35m_34s_nationalsecurityagency.timely-3a8cbd3=timely.store.iterators.TimeSeriesGroupingIteratorTest.testMultipleTimeSeriesMovingAverage_output_1590291337,1590294088,1590291627,2461
48-no-mods-output,JON_48-no-mods-input_r100_t518400_5M_23d_22h_35m_34s_odrotbohm.sos-d4ed68a=example.sos.modulith.orders.EmailNotificationTest.completingAnOrderUpdatesInventory_output_1590291337,1590292664,1590291618,1046
48-no-mods-output,JON_48-no-mods-input_r100_t518400_5M_23d_22h_35m_34s_oracle.oci-java-sdk-2e9982f=com.oracle.bmc.objectstorage.transfer.ProgressTrackerTest.multipartUploadProgressTrackerFactory_simulateRealLifeScenario_output_1590291337,1590293967,1590291630,2337
48-no-mods-output,JON_48-no-mods-input_r100_t518400_5M_23d_22h_35m_34s_orbit.orbit-c4904af=cloud.orbit.actors.extensions.test.LengthFieldHandlerTest.randomMessages_output_1590291337,1590293039,1590291667,1372
48-no-mods-output,JON_48-no-mods-input_r100_t518400_5M_23d_22h_35m_34s_oryxproject.oryx-72ae4bb=com.cloudera.oryx.common.io.IOUtilsTest.testDistinctFreePorts_output_1590291337,1590295154,1590291665,3489
48-no-mods-output,JON_48-no-mods-input_r100_t518400_5M_23d_22h_35m_34s_outbrain.aletheia-024a4b7=com.outbrain.aletheia.DatumAuditorStressTest.test_breadcrumbDispatcher_under_load_output_1590291337,1590292280,1590291630,650
48-no-mods-output,JON_48-no-mods-input_r100_t518400_5M_23d_22h_35m_34s_pippo-java.pippo-ae898b6=ro.pippo.session.jedis.JedisSessionDataStorageTest.testDelete_output_1590291337,1590292178,1590291633,545
48-no-mods-output,JON_48-no-mods-input_r100_t518400_5M_23d_22h_35m_34s_pippo-java.pippo-ae898b6=ro.pippo.session.mongodb.MongoDBSessionDataStorageTest.testCreate_output_1590291337,1590292085,1590291633,452
48-no-mods-output,JON_48-no-mods-input_r100_t518400_5M_23d_22h_35m_34s_ppiastucki.recast4j-01d478e=org.recast4j.detour.tilecache.TileCacheTest.testPerformance_output_1590291337,1590293970,1590291638,2332
48-no-mods-output,JON_48-no-mods-input_r100_t518400_5M_23d_22h_35m_34s_querydsl.querydsl-2bf234c=com.querydsl.hibernate.search.SearchQueryTest.count_output_1590291337,1590292902,1590291665,1237
48-no-mods-output,JON_48-no-mods-input_r100_t518400_5M_23d_22h_35m_34s_spinn3r.noxy-d53a494=com.spinn3r.noxy.discovery.zookeeper.ZKTest.testBulkClusterJoining_output_1590291337,1590296553,1590291640,4913
48-no-mods-output,JON_48-no-mods-input_r100_t518400_5M_23d_22h_35m_34s_square.retrofit-ae28c3d=retrofit2.CallTest.cancelOkHttpRequest_output_1590291337,1590292786,1590291666,1120
48-no-mods-output,JON_48-no-mods-input_r100_t518400_5M_23d_22h_35m_34s_tootallnate.java-websocket-fa3909c=org.java_websocket.issues.Issue256Test.runReconnectBlockingScenario0_output_1590291337,1590293093,1590291666,1427
48-no-mods-output,JON_48-no-mods-input_r100_t518400_5M_23d_22h_35m_34s_vert-x3.vertx-rabbitmq-client-7305bcd=io.vertx.rabbitmq.RabbitMQClientReconnectTest.testReconnect_output_1590291337,1590292936,1590291633,1303
48-no-mods-output,JON_48-no-mods-input_r100_t518400_5M_23d_22h_5m_34s_codingchili.excelastic-6bb7884=com.codingchili.TestWriter.shouldWriteToElasticPort_output_1590289536,1590290489,1590289816,673
48-no-mods-output,JON_48-no-mods-input_r100_t518400_5M_23d_22h_35m_34s_vmware.admiral-e4b0293=com.vmware.admiral.adapter.registry.service.RegistryAdapterServiceProxyTest.testInitWithProxyWithList_output_1590291337,1590295615,1590291639,3976
48-no-mods-output,JON_48-no-mods-input_r100_t518400_5M_23d_22h_35m_34s_wro4j.wro4j-185ab60=ro.isdc.wro.extensions.processor.TestBourbonCssProcessor.shouldBeThreadSafe_output_1590291337,1590298936,1590291668,7268
48-no-mods-output,JON_48-no-mods-input_r100_t518400_5M_23d_22h_35m_34s_wso2.carbon-apimgt-a82213e=org.wso2.carbon.apimgt.throttling.siddhi.extension.ThrottleTimeBatchWindowTestCase.throttleTimeWindowBatchTest1_output_1590291337,1590294936,1590291640,3296
48-no-mods-output,JON_48-no-mods-input_r100_t518400_5M_23d_22h_35m_34s_zalando.riptide-8277e11=org.zalando.riptide.backup.BackupRequestPluginTest.shouldUseBackupRequest_output_1590291337,1590294293,1590291639,2654
48-no-mods-output,JON_48-no-mods-input_r100_t518400_5M_23d_22h_35m_34s_zalando.riptide-8277e11=org.zalando.riptide.failsafe.RetryAfterDelayFunctionTest.shouldRetryOnDemandWithDynamicDelay_output_1590291337,1590294647,1590291639,3008
48-no-mods-output,JON_48-no-mods-input_r100_t518400_5M_23d_22h_5m_34s_apache.hbase-801fc05=org.apache.hadoop.hbase.procedure2.TestProcedureSkipPersistence.test_output_1590289536,1590306155,1590289846,16309
48-no-mods-output,JON_48-no-mods-input_r100_t518400_5M_23d_22h_5m_34s_apache.incubator-dubbo-737f7a7=org.apache.dubbo.remoting.exchange.support.header.HeartbeatHandlerTest.testHeartbeat_output_1590289536,1590294952,1590289864,5088
48-no-mods-output,JON_48-no-mods-input_r100_t518400_5M_23d_22h_5m_34s_apache.incubator-dubbo-737f7a7=org.apache.dubbo.rpc.protocol.dubbo.DubboLazyConnectTest.testSticky1_output_1590289536,1590310733,1590289837,20896
48-no-mods-output,JON_48-no-mods-input_r100_t518400_5M_23d_22h_5m_34s_apache.incubator-dubbo-737f7a7=org.apache.dubbo.rpc.protocol.http.HttpProtocolTest.testGenericInvokeWithNativeJava_output_1590289536,1590290745,1590289858,887
48-no-mods-output,JON_48-no-mods-input_r100_t518400_5M_23d_22h_5m_34s_apereo.java-cas-client-574b74f=org.jasig.cas.client.validation.AssertionImplTests.testAssertionValidity_output_1590289536,1590290748,1590289814,934
48-no-mods-output,JON_48-no-mods-input_r100_t518400_5M_23d_22h_5m_34s_c2mon.c2mon-d80687b=cern.c2mon.daq.filter.dynamic.DiffTimeDeadbandActivatorTest.testNoActivationOnFirstRecord_output_1590289536,1590291276,1590289814,1462
48-no-mods-output,JON_48-no-mods-input_r100_t518400_5M_23d_22h_5m_34s_c2mon.c2mon-d80687b=cern.c2mon.server.common.republisher.RepublisherImplTest.testMultipleExceptions_output_1590289536,1590290840,1590289811,1029
48-no-mods-output,JON_48-no-mods-input_r100_t518400_5M_23d_22h_5m_34s_cescoffier.vertx-completable-future-011d3cd=me.escoffier.vertx.completablefuture.VertxCompletableFutureTest.testAcceptEitherAsyncWithExecutor_output_1590289536,1590293111,1590289814,3297
48-no-mods-output,JON_48-no-mods-input_r100_t518400_5M_23d_22h_5m_34s_davidmoten.rxjava2-extras-d0315b6=com.github.davidmoten.rx2.SpecializedMspcLinkedQueueTest.testPushPoll_output_1590289536,1590296343,1590289816,6527
48-no-mods-output,JON_48-no-mods-input_r100_t518400_5M_23d_22h_5m_34s_eclipse-ee4j.tyrus-d86e0cb=org.glassfish.tyrus.test.e2e.non_deployable.ServerExecutorsManagementTest.testExecutorServicesGetClosed_output_1590289536,1590291282,1590289790,1492
48-no-mods-output,JON_48-no-mods-input_r100_t518400_5M_23d_22h_5m_34s_elasticjob.elastic-job-lite-b022898=io.elasticjob.lite.event.rdb.JobEventRdbSearchTest.assertFindJobExecutionEventsWithTime_output_1590289536,1590293507,1590289858,3649
48-no-mods-output,JON_48-no-mods-input_r100_t518400_5M_23d_22h_5m_34s_elasticjob.elastic-job-lite-b022898=io.elasticjob.lite.lifecycle.api.JobAPIFactoryTest.assertCreateJobStatisticsAPI_output_1590289536,1590290849,1590289870,979
48-no-mods-output,JON_48-no-mods-input_r100_t518400_5M_23d_22h_5m_34s_espertechinc.esper-590fa9c=com.espertech.esper.example.rfidassetzone.TestLRMovingSimMain.testSim_output_1590289536,1590291066,1590289793,1273
48-no-mods-output,JON_48-no-mods-input_r100_t518400_5M_23d_22h_5m_34s_feroult.yawp-b3bcf9c=io.yawp.testing.appengine.pipes.flow.FlowDropsTest.testFlowDropsToSameSink_output_1590289536,1590290600,1590289814,786
48-no-mods-output,JON_48-no-mods-input_r100_t518400_5M_23d_22h_5m_34s_flaxsearch.luwak-c27ec08=uk.co.flax.luwak.matchers.TestParallelMatcher.testParallelSlowLog_output_1590289536,1590291750,1590289816,1934
48-no-mods-output,JON_48-no-mods-input_r100_t518400_5M_23d_22h_5m_34s_fluent.fluent-logger-java-da14ec3=org.fluentd.logger.TestFluentLogger.testReconnection_output_1590289536,1590293659,1590289814,3845
48-no-mods-output,JON_48-no-mods-input_r100_t518400_5M_23d_22h_5m_34s_fromage.redpipe-0aff891=net.redpipe.discovery.DiscoveryTest.checkWebClient_output_1590289536,1590290422,1590289816,606
48-no-mods-output,JON_48-no-mods-input_r100_t518400_5M_23d_22h_5m_34s_fromage.redpipe-0aff891=net.redpipe.engine.swagger.SwaggerApiTest.checkSwagger_output_1590289536,1590291823,1590289816,2007
48-no-mods-output,JON_48-no-mods-input_r100_t518400_5M_23d_22h_5m_34s_javadelight.delight-nashorn-sandbox-da35edc=delight.nashornsandbox.TestGetFunction.test_output_1590289536,1590292806,1590289816,2990
48-no-mods-output,JON_48-no-mods-input_r100_t518400_5M_23d_22h_5m_34s_kagkarlsson.db-scheduler-4a8a28e=com.github.kagkarlsson.scheduler.SchedulerTest.scheduler_should_execute_rescheduled_task_when_exactly_due_output_1590289536,1590291599,1590289816,1783
48-no-mods-output,JON_48-no-mods-input_r100_t518400_5M_23d_22h_5m_34s_knightliao.disconf-2ac5c82=com.baidu.disconf.client.test.DisconfMgrTestCase.demo_output_1590289536,1590290677,1590289875,802
48-no-mods-output,JON_48-no-mods-input_r100_t518400_5M_23d_22h_5m_34s_lcw2004.one-7b9b249=com.lcw.one.main.EmailServiceTest.sendEmailList_output_1590289536,1590290739,1590289852,887
48-no-mods-output,JON_48-no-mods-input_r100_t518400_5M_23d_22h_5m_34s_looly.hutool-91565d0=cn.hutool.cron.test.CronTest.matchAllTest_output_1590289536,1590290296,1590289864,432
48-no-mods-output,JON_48-no-mods-input_r100_t518400_5M_23d_22h_5m_34s_nationalsecurityagency.timely-3a8cbd3=timely.store.iterators.TimeSeriesGroupingIteratorTest.testMultipleTimeSeriesMovingAverage_output_1590289536,1590293405,1590289781,3624
48-no-mods-output,JON_48-no-mods-input_r100_t518400_5M_23d_22h_5m_34s_odrotbohm.sos-d4ed68a=example.sos.modulith.orders.EmailNotificationTest.completingAnOrderUpdatesInventory_output_1590289536,1590291067,1590289787,1280
48-no-mods-output,JON_48-no-mods-input_r100_t518400_5M_23d_22h_5m_34s_oracle.oci-java-sdk-2e9982f=com.oracle.bmc.objectstorage.transfer.ProgressTrackerTest.multipartUploadProgressTrackerFactory_simulateRealLifeScenario_output_1590289536,1590292269,1590289784,2485
48-no-mods-output,JON_48-no-mods-input_r100_t518400_5M_23d_22h_5m_34s_orbit.orbit-c4904af=cloud.orbit.actors.extensions.test.LengthFieldHandlerTest.randomMessages_output_1590289536,1590291293,1590289870,1423
48-no-mods-output,JON_48-no-mods-input_r100_t518400_5M_23d_22h_5m_34s_oryxproject.oryx-72ae4bb=com.cloudera.oryx.common.io.IOUtilsTest.testDistinctFreePorts_output_1590289536,1590293455,1590289870,3585
48-no-mods-output,JON_48-no-mods-input_r100_t518400_5M_23d_22h_5m_34s_outbrain.aletheia-024a4b7=com.outbrain.aletheia.DatumAuditorStressTest.test_breadcrumbDispatcher_under_load_output_1590289536,1590290867,1590289797,1070
48-no-mods-output,JON_48-no-mods-input_r100_t518400_5M_23d_22h_5m_34s_pippo-java.pippo-ae898b6=ro.pippo.session.jedis.JedisSessionDataStorageTest.testDelete_output_1590289536,1590290398,1590289798,600
48-no-mods-output,JON_48-no-mods-input_r100_t518400_5M_23d_22h_5m_34s_pippo-java.pippo-ae898b6=ro.pippo.session.mongodb.MongoDBSessionDataStorageTest.testCreate_output_1590289536,1590290273,1590289801,472
48-no-mods-output,JON_48-no-mods-input_r100_t518400_5M_23d_22h_5m_34s_ppiastucki.recast4j-01d478e=org.recast4j.detour.tilecache.TileCacheTest.testPerformance_output_1590289536,1590292811,1590289790,3021
48-no-mods-output,JON_48-no-mods-input_r100_t518400_5M_23d_22h_5m_34s_querydsl.querydsl-2bf234c=com.querydsl.hibernate.search.SearchQueryTest.count_output_1590289536,1590291320,1590289878,1442
48-no-mods-output,JON_48-no-mods-input_r100_t518400_5M_23d_22h_5m_34s_spinn3r.noxy-d53a494=com.spinn3r.noxy.discovery.zookeeper.ZKTest.testBulkClusterJoining_output_1590289536,1590295227,1590289801,5426
48-no-mods-output,JON_48-no-mods-input_r100_t518400_5M_23d_22h_5m_34s_square.retrofit-ae28c3d=retrofit2.CallTest.cancelOkHttpRequest_output_1590289536,1590290982,1590289870,1112
48-no-mods-output,JON_48-no-mods-input_r100_t518400_5M_23d_22h_5m_34s_tootallnate.java-websocket-fa3909c=org.java_websocket.issues.Issue256Test.runReconnectBlockingScenario0_output_1590289536,1590290954,1590289879,1075
48-no-mods-output,JON_48-no-mods-input_r100_t518400_5M_23d_22h_5m_34s_vert-x3.vertx-rabbitmq-client-7305bcd=io.vertx.rabbitmq.RabbitMQClientReconnectTest.testReconnect_output_1590289536,1590291324,1590289811,1513
48-no-mods-output,JON_48-no-mods-input_r100_t518400_5M_23d_22h_5m_34s_vmware.admiral-e4b0293=com.vmware.admiral.adapter.registry.service.RegistryAdapterServiceProxyTest.testInitWithProxyWithList_output_1590289536,1590294373,1590289805,4568
48-no-mods-output,JON_48-no-mods-input_r100_t518400_5M_23d_22h_5m_34s_wro4j.wro4j-185ab60=ro.isdc.wro.extensions.processor.TestBourbonCssProcessor.shouldBeThreadSafe_output_1590289536,1590296791,1590289870,6921
48-no-mods-output,JON_48-no-mods-input_r100_t518400_5M_23d_22h_5m_34s_wso2.carbon-apimgt-a82213e=org.wso2.carbon.apimgt.throttling.siddhi.extension.ThrottleTimeBatchWindowTestCase.throttleTimeWindowBatchTest1_output_1590289536,1590293117,1590289814,3303
48-no-mods-output,JON_48-no-mods-input_r100_t518400_5M_23d_22h_5m_34s_zalando.riptide-8277e11=org.zalando.riptide.backup.BackupRequestPluginTest.shouldUseBackupRequest_output_1590289536,1590292664,1590289808,2856
48-no-mods-output,JON_48-no-mods-input_r100_t518400_5M_23d_22h_5m_34s_zalando.riptide-8277e11=org.zalando.riptide.failsafe.RetryAfterDelayFunctionTest.shouldRetryOnDemandWithDynamicDelay_output_1590289536,1590292809,1590289814,2995
48-no-mods-output,JON_32-extended-no-mod_r100_t518400_5M_21d_15h_42m_26s_apereo.java-cas-client-574b74f=org.jasig.cas.client.validation.AssertionImplTests.testAssertionValidity_output_1590093748,1590094914,1590094032,882
48-no-mods-output,JON_32-extended-no-mod_r100_t518400_5M_21d_15h_42m_26s_c2mon.c2mon-d80687b=cern.c2mon.daq.filter.dynamic.DiffTimeDeadbandActivatorTest.testNoActivationOnFirstRecord_output_1590093748,1590095524,1590094073,1451
48-no-mods-output,JON_32-extended-no-mod_r100_t518400_5M_21d_15h_42m_26s_c2mon.c2mon-d80687b=cern.c2mon.server.common.republisher.RepublisherImplTest.testMultipleExceptions_output_1590093748,1590095089,1590094054,1035
48-no-mods-output,JON_32-extended-no-mod_r100_t518400_5M_21d_15h_42m_26s_cescoffier.vertx-completable-future-011d3cd=me.escoffier.vertx.completablefuture.VertxCompletableFutureTest.testAcceptEitherAsyncWithExecutor_output_1590093748,1590097358,1590094054,3304
48-no-mods-output,JON_32-extended-no-mod_r100_t518400_5M_21d_15h_42m_26s_codingchili.excelastic-6bb7884=com.codingchili.TestWriter.shouldWriteToElasticPort_output_1590093748,1590094650,1590094011,639
48-no-mods-output,JON_32-extended-no-mod_r100_t518400_5M_21d_15h_42m_26s_davidmoten.rxjava2-extras-d0315b6=com.github.davidmoten.rx2.SpecializedMspcLinkedQueueTest.testPushPoll_output_1590093748,1590100419,1590094085,6334
48-no-mods-output,JON_32-extended-no-mod_r100_t518400_5M_21d_15h_42m_26s_eclipse-ee4j.tyrus-d86e0cb=org.glassfish.tyrus.test.e2e.non_deployable.ServerExecutorsManagementTest.testExecutorServicesGetClosed_output_1590093748,1590095578,1590094060,1518
48-no-mods-output,JON_32-extended-no-mod_r100_t518400_5M_21d_15h_42m_26s_espertechinc.esper-590fa9c=com.espertech.esper.example.rfidassetzone.TestLRMovingSimMain.testSim_output_1590093748,1590095301,1590094097,1204
48-no-mods-output,JON_32-extended-no-mod_r100_t518400_5M_21d_15h_42m_26s_feroult.yawp-b3bcf9c=io.yawp.testing.appengine.pipes.flow.FlowDropsTest.testFlowDropsToSameSink_output_1590093748,1590094851,1590094106,745
48-no-mods-output,JON_32-extended-no-mod_r100_t518400_5M_21d_15h_42m_26s_flaxsearch.luwak-c27ec08=uk.co.flax.luwak.matchers.TestParallelMatcher.testParallelSlowLog_output_1590093748,1590095886,1590094088,1798
48-no-mods-output,JON_32-extended-no-mod_r100_t518400_5M_21d_15h_42m_26s_fluent.fluent-logger-java-da14ec3=org.fluentd.logger.TestFluentLogger.testReconnection_output_1590093748,1590097879,1590094096,3783
48-no-mods-output,JON_32-extended-no-mod_r100_t518400_5M_21d_15h_42m_26s_fromage.redpipe-0aff891=net.redpipe.discovery.DiscoveryTest.checkWebClient_output_1590093748,1590094643,1590094103,540
48-no-mods-output,JON_32-extended-no-mod_r100_t518400_5M_21d_15h_42m_26s_fromage.redpipe-0aff891=net.redpipe.engine.swagger.SwaggerApiTest.checkSwagger_output_1590093748,1590096125,1590094096,2029
48-no-mods-output,JON_32-extended-no-mod_r100_t518400_5M_21d_15h_42m_26s_javadelight.delight-nashorn-sandbox-da35edc=delight.nashornsandbox.TestGetFunction.test_output_1590093748,1590096833,1590094102,2731
48-no-mods-output,JON_32-extended-no-mod_r100_t518400_5M_21d_15h_42m_26s_kagkarlsson.db-scheduler-4a8a28e=com.github.kagkarlsson.scheduler.SchedulerTest.scheduler_should_execute_rescheduled_task_when_exactly_due_output_1590093748,1590095827,1590094124,1703
48-no-mods-output,JON_32-extended-no-mod_r100_t518400_5M_21d_15h_42m_26s_lcw2004.one-7b9b249=com.lcw.one.main.EmailServiceTest.sendEmailList_output_1590093748,1590094963,1590094128,835
48-no-mods-output,JON_32-extended-no-mod_r100_t518400_5M_21d_15h_42m_26s_nationalsecurityagency.timely-3a8cbd3=timely.store.iterators.TimeSeriesGroupingIteratorTest.testMultipleTimeSeriesMovingAverage_output_1590093748,1590096494,1590094005,2489
48-no-mods-output,JON_32-extended-no-mod_r100_t518400_5M_21d_15h_42m_26s_odrotbohm.sos-d4ed68a=example.sos.modulith.orders.EmailNotificationTest.completingAnOrderUpdatesInventory_output_1590093748,1590095239,1590094016,1223
48-no-mods-output,JON_32-extended-no-mod_r100_t518400_5M_21d_15h_42m_26s_oracle.oci-java-sdk-2e9982f=com.oracle.bmc.objectstorage.transfer.ProgressTrackerTest.multipartUploadProgressTrackerFactory_simulateRealLifeScenario_output_1590093748,1590096362,1590094029,2333
48-no-mods-output,JON_32-extended-no-mod_r100_t518400_5M_21d_15h_42m_26s_outbrain.aletheia-024a4b7=com.outbrain.aletheia.DatumAuditorStressTest.test_breadcrumbDispatcher_under_load_output_1590093748,1590094736,1590094026,710
48-no-mods-output,JON_32-extended-no-mod_r100_t518400_5M_21d_15h_42m_26s_pippo-java.pippo-ae898b6=ro.pippo.session.jedis.JedisSessionDataStorageTest.testDelete_output_1590093748,1590094583,1590094026,557
48-no-mods-output,JON_32-extended-no-mod_r100_t518400_5M_21d_15h_42m_26s_pippo-java.pippo-ae898b6=ro.pippo.session.mongodb.MongoDBSessionDataStorageTest.testCreate_output_1590093748,1590094465,1590094029,436
48-no-mods-output,JON_32-extended-no-mod_r100_t518400_5M_21d_15h_42m_26s_ppiastucki.recast4j-01d478e=org.recast4j.detour.tilecache.TileCacheTest.testPerformance_output_1590093748,1590096851,1590094029,2822
48-no-mods-output,JON_32-extended-no-mod_r100_t518400_5M_21d_15h_42m_26s_spinn3r.noxy-d53a494=com.spinn3r.noxy.discovery.zookeeper.ZKTest.testBulkClusterJoining_output_1590093748,1590099919,1590094035,5884
48-no-mods-output,JON_32-extended-no-mod_r100_t518400_5M_21d_15h_42m_26s_vert-x3.vertx-rabbitmq-client-7305bcd=io.vertx.rabbitmq.RabbitMQClientReconnectTest.testReconnect_output_1590093748,1590095497,1590094029,1468
48-no-mods-output,JON_32-extended-no-mod_r100_t518400_5M_21d_15h_42m_26s_vmware.admiral-e4b0293=com.vmware.admiral.adapter.registry.service.RegistryAdapterServiceProxyTest.testInitWithProxyWithList_output_1590093748,1590097997,1590094035,3962
48-no-mods-output,JON_32-extended-no-mod_r100_t518400_5M_21d_15h_42m_26s_wso2.carbon-apimgt-a82213e=org.wso2.carbon.apimgt.throttling.siddhi.extension.ThrottleTimeBatchWindowTestCase.throttleTimeWindowBatchTest1_output_1590093748,1590097410,1590094038,3372
48-no-mods-output,JON_32-extended-no-mod_r100_t518400_5M_21d_15h_42m_26s_zalando.riptide-8277e11=org.zalando.riptide.backup.BackupRequestPluginTest.shouldUseBackupRequest_output_1590093748,1590096706,1590094054,2652
48-no-mods-output,JON_32-extended-no-mod_r100_t518400_5M_21d_15h_42m_26s_zalando.riptide-8277e11=org.zalando.riptide.failsafe.RetryAfterDelayFunctionTest.shouldRetryOnDemandWithDynamicDelay_output_1590093748,1590097012,1590094109,2903
48-no-mods-output,JON_32-extended-no-mod_r100_t518400_5M_21d_15h_50m_54s_apereo.java-cas-client-574b74f=org.jasig.cas.client.validation.AssertionImplTests.testAssertionValidity_output_1590094256,1590095506,1590094541,965
48-no-mods-output,JON_32-extended-no-mod_r100_t518400_5M_21d_15h_50m_54s_c2mon.c2mon-d80687b=cern.c2mon.daq.filter.dynamic.DiffTimeDeadbandActivatorTest.testNoActivationOnFirstRecord_output_1590094256,1590096075,1590094541,1534
48-no-mods-output,JON_32-extended-no-mod_r100_t518400_5M_21d_15h_50m_54s_c2mon.c2mon-d80687b=cern.c2mon.server.common.republisher.RepublisherImplTest.testMultipleExceptions_output_1590094256,1590095584,1590094542,1042
48-no-mods-output,JON_32-extended-no-mod_r100_t518400_5M_21d_15h_50m_54s_cescoffier.vertx-completable-future-011d3cd=me.escoffier.vertx.completablefuture.VertxCompletableFutureTest.testAcceptEitherAsyncWithExecutor_output_1590094256,1590097880,1590094595,3285
48-no-mods-output,JON_32-extended-no-mod_r100_t518400_5M_21d_15h_50m_54s_codingchili.excelastic-6bb7884=com.codingchili.TestWriter.shouldWriteToElasticPort_output_1590094256,1590095699,1590094584,1115
48-no-mods-output,JON_32-extended-no-mod_r100_t518400_5M_21d_15h_50m_54s_davidmoten.rxjava2-extras-d0315b6=com.github.davidmoten.rx2.SpecializedMspcLinkedQueueTest.testPushPoll_output_1590094256,1590101153,1590094586,6567
48-no-mods-output,JON_32-extended-no-mod_r100_t518400_5M_21d_15h_50m_54s_eclipse-ee4j.tyrus-d86e0cb=org.glassfish.tyrus.test.e2e.non_deployable.ServerExecutorsManagementTest.testExecutorServicesGetClosed_output_1590094256,1590096033,1590094543,1490
48-no-mods-output,JON_32-extended-no-mod_r100_t518400_5M_21d_15h_50m_54s_espertechinc.esper-590fa9c=com.espertech.esper.example.rfidassetzone.TestLRMovingSimMain.testSim_output_1590094256,1590095875,1590094555,1320
48-no-mods-output,JON_32-extended-no-mod_r100_t518400_5M_21d_15h_50m_54s_feroult.yawp-b3bcf9c=io.yawp.testing.appengine.pipes.flow.FlowDropsTest.testFlowDropsToSameSink_output_1590094256,1590095384,1590094584,800
48-no-mods-output,JON_32-extended-no-mod_r100_t518400_5M_21d_15h_50m_54s_flaxsearch.luwak-c27ec08=uk.co.flax.luwak.matchers.TestParallelMatcher.testParallelSlowLog_output_1590094256,1590096566,1590094588,1978
48-no-mods-output,JON_32-extended-no-mod_r100_t518400_5M_21d_15h_50m_54s_fluent.fluent-logger-java-da14ec3=org.fluentd.logger.TestFluentLogger.testReconnection_output_1590094256,1590098431,1590094579,3852
48-no-mods-output,JON_32-extended-no-mod_r100_t518400_5M_21d_15h_50m_54s_fromage.redpipe-0aff891=net.redpipe.discovery.DiscoveryTest.checkWebClient_output_1590094256,1590095221,1590094597,624
48-no-mods-output,JON_32-extended-no-mod_r100_t518400_5M_21d_15h_50m_54s_fromage.redpipe-0aff891=net.redpipe.engine.swagger.SwaggerApiTest.checkSwagger_output_1590094256,1590096744,1590094591,2153
48-no-mods-output,JON_32-extended-no-mod_r100_t518400_5M_21d_15h_50m_54s_javadelight.delight-nashorn-sandbox-da35edc=delight.nashornsandbox.TestGetFunction.test_output_1590094256,1590097726,1590094586,3140
48-no-mods-output,JON_32-extended-no-mod_r100_t518400_5M_21d_15h_50m_54s_kagkarlsson.db-scheduler-4a8a28e=com.github.kagkarlsson.scheduler.SchedulerTest.scheduler_should_execute_rescheduled_task_when_exactly_due_output_1590094256,1590096345,1590094596,1749
48-no-mods-output,JON_32-extended-no-mod_r100_t518400_5M_21d_15h_50m_54s_lcw2004.one-7b9b249=com.lcw.one.main.EmailServiceTest.sendEmailList_output_1590094256,1590095558,1590094597,961
48-no-mods-output,JON_32-extended-no-mod_r100_t518400_5M_21d_15h_50m_54s_nationalsecurityagency.timely-3a8cbd3=timely.store.iterators.TimeSeriesGroupingIteratorTest.testMultipleTimeSeriesMovingAverage_output_1590094256,1590097351,1590094529,2822
48-no-mods-output,JON_32-extended-no-mod_r100_t518400_5M_21d_15h_50m_54s_odrotbohm.sos-d4ed68a=example.sos.modulith.orders.EmailNotificationTest.completingAnOrderUpdatesInventory_output_1590094256,1590095813,1590094531,1282
48-no-mods-output,JON_32-extended-no-mod_r100_t518400_5M_21d_15h_50m_54s_oracle.oci-java-sdk-2e9982f=com.oracle.bmc.objectstorage.transfer.ProgressTrackerTest.multipartUploadProgressTrackerFactory_simulateRealLifeScenario_output_1590094256,1590097010,1590094534,2476
48-no-mods-output,JON_32-extended-no-mod_r100_t518400_5M_21d_15h_50m_54s_outbrain.aletheia-024a4b7=com.outbrain.aletheia.DatumAuditorStressTest.test_breadcrumbDispatcher_under_load_output_1590094256,1590095539,1590094534,1005
48-no-mods-output,JON_32-extended-no-mod_r100_t518400_5M_21d_15h_50m_54s_pippo-java.pippo-ae898b6=ro.pippo.session.jedis.JedisSessionDataStorageTest.testDelete_output_1590094256,1590095144,1590094536,608
48-no-mods-output,JON_32-extended-no-mod_r100_t518400_5M_21d_15h_50m_54s_pippo-java.pippo-ae898b6=ro.pippo.session.mongodb.MongoDBSessionDataStorageTest.testCreate_output_1590094256,1590094998,1590094536,462
48-no-mods-output,JON_32-extended-no-mod_r100_t518400_5M_21d_15h_50m_54s_ppiastucki.recast4j-01d478e=org.recast4j.detour.tilecache.TileCacheTest.testPerformance_output_1590094256,1590097387,1590094536,2851
48-no-mods-output,JON_32-extended-no-mod_r100_t518400_5M_21d_15h_50m_54s_spinn3r.noxy-d53a494=com.spinn3r.noxy.discovery.zookeeper.ZKTest.testBulkClusterJoining_output_1590094256,1590100069,1590094541,5528
48-no-mods-output,JON_32-extended-no-mod_r100_t518400_5M_21d_15h_50m_54s_vert-x3.vertx-rabbitmq-client-7305bcd=io.vertx.rabbitmq.RabbitMQClientReconnectTest.testReconnect_output_1590094256,1590096014,1590094541,1473
48-no-mods-output,JON_32-extended-no-mod_r100_t518400_5M_21d_15h_50m_54s_zalando.riptide-8277e11=org.zalando.riptide.backup.BackupRequestPluginTest.shouldUseBackupRequest_output_1590094256,1590097308,1590094543,2765
48-no-mods-output,JON_32-extended-no-mod_r100_t518400_5M_21d_15h_50m_54s_vmware.admiral-e4b0293=com.vmware.admiral.adapter.registry.service.RegistryAdapterServiceProxyTest.testInitWithProxyWithList_output_1590094256,1590098804,1590094536,4268
48-no-mods-output,JON_32-extended-no-mod_r100_t518400_5M_21d_15h_50m_54s_wso2.carbon-apimgt-a82213e=org.wso2.carbon.apimgt.throttling.siddhi.extension.ThrottleTimeBatchWindowTestCase.throttleTimeWindowBatchTest1_output_1590094256,1590097962,1590094542,3420
48-no-mods-output,JON_32-extended-no-mod_r100_t518400_5M_21d_15h_50m_54s_zalando.riptide-8277e11=org.zalando.riptide.failsafe.RetryAfterDelayFunctionTest.shouldRetryOnDemandWithDynamicDelay_output_1590094256,1590097682,1590094543,3139
48-no-mods-output,JON_32-extended-no-mod_r100_t518400_5M_21d_15h_57m_23s_apereo.java-cas-client-574b74f=org.jasig.cas.client.validation.AssertionImplTests.testAssertionValidity_output_1590094645,1590095815,1590094918,897
48-no-mods-output,JON_32-extended-no-mod_r100_t518400_5M_21d_15h_57m_23s_c2mon.c2mon-d80687b=cern.c2mon.daq.filter.dynamic.DiffTimeDeadbandActivatorTest.testNoActivationOnFirstRecord_output_1590094645,1590096328,1590094920,1408
48-no-mods-output,JON_32-extended-no-mod_r100_t518400_5M_21d_15h_57m_23s_c2mon.c2mon-d80687b=cern.c2mon.server.common.republisher.RepublisherImplTest.testMultipleExceptions_output_1590094645,1590095911,1590094920,991
48-no-mods-output,JON_32-extended-no-mod_r100_t518400_5M_21d_15h_57m_23s_cescoffier.vertx-completable-future-011d3cd=me.escoffier.vertx.completablefuture.VertxCompletableFutureTest.testAcceptEitherAsyncWithExecutor_output_1590094645,1590098210,1590094920,3290
48-no-mods-output,JON_32-extended-no-mod_r100_t518400_5M_21d_15h_57m_23s_codingchili.excelastic-6bb7884=com.codingchili.TestWriter.shouldWriteToElasticPort_output_1590094645,1590095951,1590094923,1028
48-no-mods-output,JON_32-extended-no-mod_r100_t518400_5M_21d_15h_57m_23s_davidmoten.rxjava2-extras-d0315b6=com.github.davidmoten.rx2.SpecializedMspcLinkedQueueTest.testPushPoll_output_1590094645,1590101341,1590094923,6418
48-no-mods-output,JON_32-extended-no-mod_r100_t518400_5M_21d_15h_57m_23s_eclipse-ee4j.tyrus-d86e0cb=org.glassfish.tyrus.test.e2e.non_deployable.ServerExecutorsManagementTest.testExecutorServicesGetClosed_output_1590094645,1590096313,1590094920,1393
48-no-mods-output,JON_32-extended-no-mod_r100_t518400_5M_21d_15h_57m_23s_espertechinc.esper-590fa9c=com.espertech.esper.example.rfidassetzone.TestLRMovingSimMain.testSim_output_1590094645,1590096262,1590094929,1333
48-no-mods-output,JON_32-extended-no-mod_r100_t518400_5M_21d_15h_57m_23s_feroult.yawp-b3bcf9c=io.yawp.testing.appengine.pipes.flow.FlowDropsTest.testFlowDropsToSameSink_output_1590094645,1590095639,1590094925,714
48-no-mods-output,JON_32-extended-no-mod_r100_t518400_5M_21d_15h_57m_23s_flaxsearch.luwak-c27ec08=uk.co.flax.luwak.matchers.TestParallelMatcher.testParallelSlowLog_output_1590094645,1590096929,1590094923,2006
48-no-mods-output,JON_32-extended-no-mod_r100_t518400_5M_21d_15h_57m_23s_fluent.fluent-logger-java-da14ec3=org.fluentd.logger.TestFluentLogger.testReconnection_output_1590094645,1590098773,1590094923,3850
48-no-mods-output,JON_32-extended-no-mod_r100_t518400_5M_21d_15h_57m_23s_fromage.redpipe-0aff891=net.redpipe.discovery.DiscoveryTest.checkWebClient_output_1590094645,1590095578,1590094927,651
48-no-mods-output,JON_32-extended-no-mod_r100_t518400_5M_21d_15h_57m_23s_fromage.redpipe-0aff891=net.redpipe.engine.swagger.SwaggerApiTest.checkSwagger_output_1590094645,1590096965,1590094927,2038
48-no-mods-output,JON_32-extended-no-mod_r100_t518400_5M_21d_15h_57m_23s_javadelight.delight-nashorn-sandbox-da35edc=delight.nashornsandbox.TestGetFunction.test_output_1590094645,1590098072,1590094929,3143
48-no-mods-output,JON_32-extended-no-mod_r100_t518400_5M_21d_15h_57m_23s_kagkarlsson.db-scheduler-4a8a28e=com.github.kagkarlsson.scheduler.SchedulerTest.scheduler_should_execute_rescheduled_task_when_exactly_due_output_1590094645,1590096730,1590094929,1801
48-no-mods-output,JON_32-extended-no-mod_r100_t518400_5M_21d_15h_57m_23s_lcw2004.one-7b9b249=com.lcw.one.main.EmailServiceTest.sendEmailList_output_1590094645,1590095860,1590094934,926
48-no-mods-output,JON_32-extended-no-mod_r100_t518400_5M_21d_15h_57m_23s_nationalsecurityagency.timely-3a8cbd3=timely.store.iterators.TimeSeriesGroupingIteratorTest.testMultipleTimeSeriesMovingAverage_output_1590094645,1590097525,1590094890,2635
48-no-mods-output,JON_32-extended-no-mod_r100_t518400_5M_21d_15h_57m_23s_odrotbohm.sos-d4ed68a=example.sos.modulith.orders.EmailNotificationTest.completingAnOrderUpdatesInventory_output_1590094645,1590096129,1590094896,1233
48-no-mods-output,JON_32-extended-no-mod_r100_t518400_5M_21d_15h_57m_23s_oracle.oci-java-sdk-2e9982f=com.oracle.bmc.objectstorage.transfer.ProgressTrackerTest.multipartUploadProgressTrackerFactory_simulateRealLifeScenario_output_1590094645,1590097313,1590094894,2419
48-no-mods-output,JON_32-extended-no-mod_r100_t518400_5M_21d_15h_57m_23s_outbrain.aletheia-024a4b7=com.outbrain.aletheia.DatumAuditorStressTest.test_breadcrumbDispatcher_under_load_output_1590094645,1590095859,1590094896,963
48-no-mods-output,JON_32-extended-no-mod_r100_t518400_5M_21d_15h_57m_23s_pippo-java.pippo-ae898b6=ro.pippo.session.jedis.JedisSessionDataStorageTest.testDelete_output_1590094645,1590095450,1590094901,549
48-no-mods-output,JON_32-extended-no-mod_r100_t518400_5M_21d_15h_57m_23s_pippo-java.pippo-ae898b6=ro.pippo.session.mongodb.MongoDBSessionDataStorageTest.testCreate_output_1590094645,1590095323,1590094899,424
48-no-mods-output,JON_32-extended-no-mod_r100_t518400_5M_21d_15h_57m_23s_ppiastucki.recast4j-01d478e=org.recast4j.detour.tilecache.TileCacheTest.testPerformance_output_1590094645,1590097909,1590094906,3003
48-no-mods-output,JON_32-extended-no-mod_r100_t518400_5M_21d_15h_57m_23s_spinn3r.noxy-d53a494=com.spinn3r.noxy.discovery.zookeeper.ZKTest.testBulkClusterJoining_output_1590094645,1590100562,1590094908,5654
48-no-mods-output,JON_32-extended-no-mod_r100_t518400_5M_21d_15h_57m_23s_vert-x3.vertx-rabbitmq-client-7305bcd=io.vertx.rabbitmq.RabbitMQClientReconnectTest.testReconnect_output_1590094645,1590096396,1590094913,1483
48-no-mods-output,JON_32-extended-no-mod_r100_t518400_5M_21d_15h_57m_23s_vmware.admiral-e4b0293=com.vmware.admiral.adapter.registry.service.RegistryAdapterServiceProxyTest.testInitWithProxyWithList_output_1590094645,1590099303,1590094912,4391
48-no-mods-output,JON_32-extended-no-mod_r100_t518400_5M_21d_15h_57m_23s_wso2.carbon-apimgt-a82213e=org.wso2.carbon.apimgt.throttling.siddhi.extension.ThrottleTimeBatchWindowTestCase.throttleTimeWindowBatchTest1_output_1590094645,1590098254,1590094913,3341
48-no-mods-output,JON_32-extended-no-mod_r100_t518400_5M_21d_15h_57m_23s_zalando.riptide-8277e11=org.zalando.riptide.backup.BackupRequestPluginTest.shouldUseBackupRequest_output_1590094645,1590097653,1590094923,2730
48-no-mods-output,JON_32-extended-no-mod_r100_t518400_5M_21d_15h_57m_23s_zalando.riptide-8277e11=org.zalando.riptide.failsafe.RetryAfterDelayFunctionTest.shouldRetryOnDemandWithDynamicDelay_output_1590094645,1590098066,1590094923,3143
48-no-mods-output,JON_32-extended-no-mod_r100_t518400_5M_21d_16h_12m_42s_apereo.java-cas-client-574b74f=org.jasig.cas.client.validation.AssertionImplTests.testAssertionValidity_output_1590095565,1590096876,1590095843,1033
48-no-mods-output,JON_32-extended-no-mod_r100_t518400_5M_21d_16h_12m_42s_c2mon.c2mon-d80687b=cern.c2mon.daq.filter.dynamic.DiffTimeDeadbandActivatorTest.testNoActivationOnFirstRecord_output_1590095565,1590097410,1590095871,1539
48-no-mods-output,JON_32-extended-no-mod_r100_t518400_5M_21d_16h_12m_42s_c2mon.c2mon-d80687b=cern.c2mon.server.common.republisher.RepublisherImplTest.testMultipleExceptions_output_1590095565,1590096911,1590095841,1070
48-no-mods-output,JON_32-extended-no-mod_r100_t518400_5M_21d_16h_12m_42s_cescoffier.vertx-completable-future-011d3cd=me.escoffier.vertx.completablefuture.VertxCompletableFutureTest.testAcceptEitherAsyncWithExecutor_output_1590095565,1590099171,1590095852,3319
48-no-mods-output,JON_32-extended-no-mod_r100_t518400_5M_21d_16h_12m_42s_codingchili.excelastic-6bb7884=com.codingchili.TestWriter.shouldWriteToElasticPort_output_1590095565,1590096592,1590095906,686
48-no-mods-output,JON_32-extended-no-mod_r100_t518400_5M_21d_16h_12m_42s_davidmoten.rxjava2-extras-d0315b6=com.github.davidmoten.rx2.SpecializedMspcLinkedQueueTest.testPushPoll_output_1590095565,1590102329,1590095906,6423
48-no-mods-output,JON_32-extended-no-mod_r100_t518400_5M_21d_16h_12m_42s_eclipse-ee4j.tyrus-d86e0cb=org.glassfish.tyrus.test.e2e.non_deployable.ServerExecutorsManagementTest.testExecutorServicesGetClosed_output_1590095565,1590097390,1590095881,1509
48-no-mods-output,JON_32-extended-no-mod_r100_t518400_5M_21d_16h_12m_42s_espertechinc.esper-590fa9c=com.espertech.esper.example.rfidassetzone.TestLRMovingSimMain.testSim_output_1590095565,1590097154,1590095913,1241
48-no-mods-output,JON_32-extended-no-mod_r100_t518400_5M_21d_16h_12m_42s_feroult.yawp-b3bcf9c=io.yawp.testing.appengine.pipes.flow.FlowDropsTest.testFlowDropsToSameSink_output_1590095565,1590096690,1590095911,779
48-no-mods-output,JON_32-extended-no-mod_r100_t518400_5M_21d_16h_12m_42s_flaxsearch.luwak-c27ec08=uk.co.flax.luwak.matchers.TestParallelMatcher.testParallelSlowLog_output_1590095565,1590097874,1590095918,1956
48-no-mods-output,JON_32-extended-no-mod_r100_t518400_5M_21d_16h_12m_42s_fluent.fluent-logger-java-da14ec3=org.fluentd.logger.TestFluentLogger.testReconnection_output_1590095565,1590099761,1590095909,3852
48-no-mods-output,JON_32-extended-no-mod_r100_t518400_5M_21d_16h_12m_42s_fromage.redpipe-0aff891=net.redpipe.discovery.DiscoveryTest.checkWebClient_output_1590095565,1590096541,1590095918,623
48-no-mods-output,JON_32-extended-no-mod_r100_t518400_5M_21d_16h_12m_42s_fromage.redpipe-0aff891=net.redpipe.engine.swagger.SwaggerApiTest.checkSwagger_output_1590095565,1590097972,1590095922,2050
48-no-mods-output,JON_32-extended-no-mod_r100_t518400_5M_21d_16h_12m_42s_javadelight.delight-nashorn-sandbox-da35edc=delight.nashornsandbox.TestGetFunction.test_output_1590095565,1590099051,1590095922,3129
48-no-mods-output,JON_32-extended-no-mod_r100_t518400_5M_21d_16h_12m_42s_kagkarlsson.db-scheduler-4a8a28e=com.github.kagkarlsson.scheduler.SchedulerTest.scheduler_should_execute_rescheduled_task_when_exactly_due_output_1590095565,1590097670,1590095922,1748
48-no-mods-output,JON_32-extended-no-mod_r100_t518400_5M_21d_16h_12m_42s_lcw2004.one-7b9b249=com.lcw.one.main.EmailServiceTest.sendEmailList_output_1590095565,1590096809,1590095920,889
48-no-mods-output,JON_32-extended-no-mod_r100_t518400_5M_21d_16h_12m_42s_nationalsecurityagency.timely-3a8cbd3=timely.store.iterators.TimeSeriesGroupingIteratorTest.testMultipleTimeSeriesMovingAverage_output_1590095565,1590098472,1590095810,2662
48-no-mods-output,JON_32-extended-no-mod_r100_t518400_5M_21d_16h_12m_42s_odrotbohm.sos-d4ed68a=example.sos.modulith.orders.EmailNotificationTest.completingAnOrderUpdatesInventory_output_1590095565,1590097037,1590095814,1223
48-no-mods-output,JON_32-extended-no-mod_r100_t518400_5M_21d_16h_12m_42s_oracle.oci-java-sdk-2e9982f=com.oracle.bmc.objectstorage.transfer.ProgressTrackerTest.multipartUploadProgressTrackerFactory_simulateRealLifeScenario_output_1590095565,1590098247,1590095818,2429
48-no-mods-output,JON_32-extended-no-mod_r100_t518400_5M_21d_16h_12m_42s_outbrain.aletheia-024a4b7=com.outbrain.aletheia.DatumAuditorStressTest.test_breadcrumbDispatcher_under_load_output_1590095565,1590096602,1590095818,784
48-no-mods-output,JON_32-extended-no-mod_r100_t518400_5M_21d_16h_12m_42s_pippo-java.pippo-ae898b6=ro.pippo.session.jedis.JedisSessionDataStorageTest.testDelete_output_1590095565,1590096379,1590095820,559
48-no-mods-output,JON_32-extended-no-mod_r100_t518400_5M_21d_16h_12m_42s_pippo-java.pippo-ae898b6=ro.pippo.session.mongodb.MongoDBSessionDataStorageTest.testCreate_output_1590095565,1590096298,1590095827,471
48-no-mods-output,JON_32-extended-no-mod_r100_t518400_5M_21d_16h_12m_42s_ppiastucki.recast4j-01d478e=org.recast4j.detour.tilecache.TileCacheTest.testPerformance_output_1590095565,1590098754,1590095818,2936
48-no-mods-output,JON_32-extended-no-mod_r100_t518400_5M_21d_16h_12m_42s_spinn3r.noxy-d53a494=com.spinn3r.noxy.discovery.zookeeper.ZKTest.testBulkClusterJoining_output_1590095565,1590101784,1590095822,5962
48-no-mods-output,JON_32-extended-no-mod_r100_t518400_5M_21d_16h_12m_42s_vert-x3.vertx-rabbitmq-client-7305bcd=io.vertx.rabbitmq.RabbitMQClientReconnectTest.testReconnect_output_1590095565,1590097246,1590095827,1419
48-no-mods-output,JON_32-extended-no-mod_r100_t518400_5M_21d_16h_12m_42s_vmware.admiral-e4b0293=com.vmware.admiral.adapter.registry.service.RegistryAdapterServiceProxyTest.testInitWithProxyWithList_output_1590095565,1590100245,1590095834,4411
48-no-mods-output,JON_32-extended-no-mod_r100_t518400_5M_21d_16h_12m_42s_wso2.carbon-apimgt-a82213e=org.wso2.carbon.apimgt.throttling.siddhi.extension.ThrottleTimeBatchWindowTestCase.throttleTimeWindowBatchTest1_output_1590095565,1590099217,1590095827,3390
48-no-mods-output,JON_32-extended-no-mod_r100_t518400_5M_21d_16h_12m_42s_zalando.riptide-8277e11=org.zalando.riptide.backup.BackupRequestPluginTest.shouldUseBackupRequest_output_1590095565,1590098575,1590095829,2746
48-no-mods-output,JON_32-extended-no-mod_r100_t518400_5M_21d_16h_12m_42s_zalando.riptide-8277e11=org.zalando.riptide.failsafe.RetryAfterDelayFunctionTest.shouldRetryOnDemandWithDynamicDelay_output_1590095565,1590098868,1590095838,3030
48-no-mods-output,JON_32-extended-no-mod_r100_t518400_5M_21d_16h_18m_37s_apereo.java-cas-client-574b74f=org.jasig.cas.client.validation.AssertionImplTests.testAssertionValidity_output_1590095919,1590097115,1590096163,952
48-no-mods-output,JON_32-extended-no-mod_r100_t518400_5M_21d_16h_18m_37s_c2mon.c2mon-d80687b=cern.c2mon.daq.filter.dynamic.DiffTimeDeadbandActivatorTest.testNoActivationOnFirstRecord_output_1590095919,1590097626,1590096156,1470
48-no-mods-output,JON_32-extended-no-mod_r100_t518400_5M_21d_16h_18m_37s_c2mon.c2mon-d80687b=cern.c2mon.server.common.republisher.RepublisherImplTest.testMultipleExceptions_output_1590095919,1590097218,1590096173,1045
48-no-mods-output,JON_32-extended-no-mod_r100_t518400_5M_21d_16h_18m_37s_cescoffier.vertx-completable-future-011d3cd=me.escoffier.vertx.completablefuture.VertxCompletableFutureTest.testAcceptEitherAsyncWithExecutor_output_1590095919,1590099418,1590096161,3257
48-no-mods-output,JON_32-extended-no-mod_r100_t518400_5M_21d_16h_18m_37s_codingchili.excelastic-6bb7884=com.codingchili.TestWriter.shouldWriteToElasticPort_output_1590095919,1590096799,1590096166,633
48-no-mods-output,JON_32-extended-no-mod_r100_t518400_5M_21d_16h_18m_37s_davidmoten.rxjava2-extras-d0315b6=com.github.davidmoten.rx2.SpecializedMspcLinkedQueueTest.testPushPoll_output_1590095919,1590102261,1590096145,6116
48-no-mods-output,JON_32-extended-no-mod_r100_t518400_5M_21d_16h_18m_37s_eclipse-ee4j.tyrus-d86e0cb=org.glassfish.tyrus.test.e2e.non_deployable.ServerExecutorsManagementTest.testExecutorServicesGetClosed_output_1590095919,1590097677,1590096170,1507
48-no-mods-output,JON_32-extended-no-mod_r100_t518400_5M_21d_16h_18m_37s_espertechinc.esper-590fa9c=com.espertech.esper.example.rfidassetzone.TestLRMovingSimMain.testSim_output_1590095919,1590097503,1590096168,1335
48-no-mods-output,JON_32-extended-no-mod_r100_t518400_5M_21d_16h_18m_37s_feroult.yawp-b3bcf9c=io.yawp.testing.appengine.pipes.flow.FlowDropsTest.testFlowDropsToSameSink_output_1590095919,1590096870,1590096161,709
48-no-mods-output,JON_32-extended-no-mod_r100_t518400_5M_21d_16h_18m_37s_flaxsearch.luwak-c27ec08=uk.co.flax.luwak.matchers.TestParallelMatcher.testParallelSlowLog_output_1590095919,1590098111,1590096170,1941
48-no-mods-output,JON_32-extended-no-mod_r100_t518400_5M_21d_16h_18m_37s_fluent.fluent-logger-java-da14ec3=org.fluentd.logger.TestFluentLogger.testReconnection_output_1590095919,1590100018,1590096168,3850
48-no-mods-output,JON_32-extended-no-mod_r100_t518400_5M_21d_16h_18m_37s_fromage.redpipe-0aff891=net.redpipe.discovery.DiscoveryTest.checkWebClient_output_1590095919,1590096753,1590096173,580
48-no-mods-output,JON_32-extended-no-mod_r100_t518400_5M_21d_16h_18m_37s_fromage.redpipe-0aff891=net.redpipe.engine.swagger.SwaggerApiTest.checkSwagger_output_1590095919,1590098245,1590096174,2071
48-no-mods-output,JON_32-extended-no-mod_r100_t518400_5M_21d_16h_18m_37s_javadelight.delight-nashorn-sandbox-da35edc=delight.nashornsandbox.TestGetFunction.test_output_1590095919,1590099466,1590096183,3283
48-no-mods-output,JON_32-extended-no-mod_r100_t518400_5M_21d_16h_18m_37s_kagkarlsson.db-scheduler-4a8a28e=com.github.kagkarlsson.scheduler.SchedulerTest.scheduler_should_execute_rescheduled_task_when_exactly_due_output_1590095919,1590097881,1590096188,1693
48-no-mods-output,JON_32-extended-no-mod_r100_t518400_5M_21d_16h_18m_37s_lcw2004.one-7b9b249=com.lcw.one.main.EmailServiceTest.sendEmailList_output_1590095919,1590097143,1590096194,949
48-no-mods-output,JON_32-extended-no-mod_r100_t518400_5M_21d_16h_18m_37s_nationalsecurityagency.timely-3a8cbd3=timely.store.iterators.TimeSeriesGroupingIteratorTest.testMultipleTimeSeriesMovingAverage_output_1590095919,1590098996,1590096139,2857
48-no-mods-output,JON_32-extended-no-mod_r100_t518400_5M_21d_16h_18m_37s_odrotbohm.sos-d4ed68a=example.sos.modulith.orders.EmailNotificationTest.completingAnOrderUpdatesInventory_output_1590095919,1590097299,1590096145,1154
48-no-mods-output,JON_32-extended-no-mod_r100_t518400_5M_21d_16h_22m_31s_fromage.redpipe-0aff891=net.redpipe.discovery.DiscoveryTest.checkWebClient_output_1590096154,1590097102,1590096484,618
48-no-mods-output,JON_32-extended-no-mod_r100_t518400_5M_21d_16h_18m_37s_oracle.oci-java-sdk-2e9982f=com.oracle.bmc.objectstorage.transfer.ProgressTrackerTest.multipartUploadProgressTrackerFactory_simulateRealLifeScenario_output_1590095919,1590098525,1590096149,2376
48-no-mods-output,JON_32-extended-no-mod_r100_t518400_5M_21d_16h_18m_37s_outbrain.aletheia-024a4b7=com.outbrain.aletheia.DatumAuditorStressTest.test_breadcrumbDispatcher_under_load_output_1590095919,1590097082,1590096152,930
48-no-mods-output,JON_32-extended-no-mod_r100_t518400_5M_21d_16h_18m_37s_pippo-java.pippo-ae898b6=ro.pippo.session.jedis.JedisSessionDataStorageTest.testDelete_output_1590095919,1590096698,1590096149,549
48-no-mods-output,JON_32-extended-no-mod_r100_t518400_5M_21d_16h_18m_37s_pippo-java.pippo-ae898b6=ro.pippo.session.mongodb.MongoDBSessionDataStorageTest.testCreate_output_1590095919,1590096579,1590096154,425
48-no-mods-output,JON_32-extended-no-mod_r100_t518400_5M_21d_16h_18m_37s_ppiastucki.recast4j-01d478e=org.recast4j.detour.tilecache.TileCacheTest.testPerformance_output_1590095919,1590098871,1590096154,2717
48-no-mods-output,JON_32-extended-no-mod_r100_t518400_5M_21d_16h_18m_37s_spinn3r.noxy-d53a494=com.spinn3r.noxy.discovery.zookeeper.ZKTest.testBulkClusterJoining_output_1590095919,1590101851,1590096156,5695
48-no-mods-output,JON_32-extended-no-mod_r100_t518400_5M_21d_16h_18m_37s_vert-x3.vertx-rabbitmq-client-7305bcd=io.vertx.rabbitmq.RabbitMQClientReconnectTest.testReconnect_output_1590095919,1590097554,1590096156,1398
48-no-mods-output,JON_32-extended-no-mod_r100_t518400_5M_21d_16h_18m_37s_vmware.admiral-e4b0293=com.vmware.admiral.adapter.registry.service.RegistryAdapterServiceProxyTest.testInitWithProxyWithList_output_1590095919,1590100215,1590096163,4052
48-no-mods-output,JON_32-extended-no-mod_r100_t518400_5M_21d_16h_18m_37s_wso2.carbon-apimgt-a82213e=org.wso2.carbon.apimgt.throttling.siddhi.extension.ThrottleTimeBatchWindowTestCase.throttleTimeWindowBatchTest1_output_1590095919,1590099517,1590096156,3361
48-no-mods-output,JON_32-extended-no-mod_r100_t518400_5M_21d_16h_18m_37s_zalando.riptide-8277e11=org.zalando.riptide.backup.BackupRequestPluginTest.shouldUseBackupRequest_output_1590095919,1590099095,1590096225,2870
48-no-mods-output,JON_32-extended-no-mod_r100_t518400_5M_21d_16h_18m_37s_zalando.riptide-8277e11=org.zalando.riptide.failsafe.RetryAfterDelayFunctionTest.shouldRetryOnDemandWithDynamicDelay_output_1590095919,1590099279,1590096163,3116
48-no-mods-output,JON_32-extended-no-mod_r100_t518400_5M_21d_16h_22m_31s_apereo.java-cas-client-574b74f=org.jasig.cas.client.validation.AssertionImplTests.testAssertionValidity_output_1590096154,1590097405,1590096441,964
48-no-mods-output,JON_32-extended-no-mod_r100_t518400_5M_21d_16h_22m_31s_c2mon.c2mon-d80687b=cern.c2mon.daq.filter.dynamic.DiffTimeDeadbandActivatorTest.testNoActivationOnFirstRecord_output_1590096154,1590098108,1590096448,1660
48-no-mods-output,JON_32-extended-no-mod_r100_t518400_5M_21d_16h_22m_31s_c2mon.c2mon-d80687b=cern.c2mon.server.common.republisher.RepublisherImplTest.testMultipleExceptions_output_1590096154,1590097486,1590096466,1020
48-no-mods-output,JON_32-extended-no-mod_r100_t518400_5M_21d_16h_22m_31s_cescoffier.vertx-completable-future-011d3cd=me.escoffier.vertx.completablefuture.VertxCompletableFutureTest.testAcceptEitherAsyncWithExecutor_output_1590096154,1590099814,1590096461,3353
48-no-mods-output,JON_32-extended-no-mod_r100_t518400_5M_21d_16h_22m_31s_codingchili.excelastic-6bb7884=com.codingchili.TestWriter.shouldWriteToElasticPort_output_1590096154,1590097541,1590096453,1088
48-no-mods-output,JON_32-extended-no-mod_r100_t518400_5M_21d_16h_22m_31s_davidmoten.rxjava2-extras-d0315b6=com.github.davidmoten.rx2.SpecializedMspcLinkedQueueTest.testPushPoll_output_1590096154,1590103003,1590096448,6555
48-no-mods-output,JON_32-extended-no-mod_r100_t518400_5M_21d_16h_22m_31s_eclipse-ee4j.tyrus-d86e0cb=org.glassfish.tyrus.test.e2e.non_deployable.ServerExecutorsManagementTest.testExecutorServicesGetClosed_output_1590096154,1590098091,1590096480,1611
48-no-mods-output,JON_32-extended-no-mod_r100_t518400_5M_21d_16h_22m_31s_espertechinc.esper-590fa9c=com.espertech.esper.example.rfidassetzone.TestLRMovingSimMain.testSim_output_1590096154,1590097738,1590096468,1270
48-no-mods-output,JON_32-extended-no-mod_r100_t518400_5M_21d_16h_22m_31s_feroult.yawp-b3bcf9c=io.yawp.testing.appengine.pipes.flow.FlowDropsTest.testFlowDropsToSameSink_output_1590096154,1590097231,1590096470,761
48-no-mods-output,JON_32-extended-no-mod_r100_t518400_5M_21d_16h_22m_31s_flaxsearch.luwak-c27ec08=uk.co.flax.luwak.matchers.TestParallelMatcher.testParallelSlowLog_output_1590096154,1590098325,1590096470,1855
48-no-mods-output,JON_32-extended-no-mod_r100_t518400_5M_21d_16h_22m_31s_fluent.fluent-logger-java-da14ec3=org.fluentd.logger.TestFluentLogger.testReconnection_output_1590096154,1590100297,1590096470,3827
48-no-mods-output,JON_32-extended-no-mod_r100_t518400_5M_21d_16h_22m_31s_fromage.redpipe-0aff891=net.redpipe.engine.swagger.SwaggerApiTest.checkSwagger_output_1590096154,1590098572,1590096479,2093
48-no-mods-output,JON_32-extended-no-mod_r100_t518400_5M_21d_16h_22m_31s_javadelight.delight-nashorn-sandbox-da35edc=delight.nashornsandbox.TestGetFunction.test_output_1590096154,1590099610,1590096473,3137
48-no-mods-output,JON_32-extended-no-mod_r100_t518400_5M_21d_16h_22m_31s_kagkarlsson.db-scheduler-4a8a28e=com.github.kagkarlsson.scheduler.SchedulerTest.scheduler_should_execute_rescheduled_task_when_exactly_due_output_1590096154,1590098274,1590096499,1775
48-no-mods-output,JON_32-extended-no-mod_r100_t518400_5M_21d_16h_22m_31s_lcw2004.one-7b9b249=com.lcw.one.main.EmailServiceTest.sendEmailList_output_1590096154,1590097373,1590096475,898
48-no-mods-output,JON_32-extended-no-mod_r100_t518400_5M_21d_16h_22m_31s_nationalsecurityagency.timely-3a8cbd3=timely.store.iterators.TimeSeriesGroupingIteratorTest.testMultipleTimeSeriesMovingAverage_output_1590096154,1590099108,1590096411,2697
48-no-mods-output,JON_32-extended-no-mod_r100_t518400_5M_21d_16h_22m_31s_odrotbohm.sos-d4ed68a=example.sos.modulith.orders.EmailNotificationTest.completingAnOrderUpdatesInventory_output_1590096154,1590097693,1590096417,1276
48-no-mods-output,JON_32-extended-no-mod_r100_t518400_5M_21d_16h_22m_31s_oracle.oci-java-sdk-2e9982f=com.oracle.bmc.objectstorage.transfer.ProgressTrackerTest.multipartUploadProgressTrackerFactory_simulateRealLifeScenario_output_1590096154,1590098871,1590096420,2451
48-no-mods-output,JON_32-extended-no-mod_r100_t518400_5M_21d_16h_22m_31s_outbrain.aletheia-024a4b7=com.outbrain.aletheia.DatumAuditorStressTest.test_breadcrumbDispatcher_under_load_output_1590096154,1590097426,1590096439,987
48-no-mods-output,JON_32-extended-no-mod_r100_t518400_5M_21d_16h_22m_31s_pippo-java.pippo-ae898b6=ro.pippo.session.jedis.JedisSessionDataStorageTest.testDelete_output_1590096154,1590096995,1590096420,575
48-no-mods-output,JON_32-extended-no-mod_r100_t518400_5M_21d_16h_22m_31s_pippo-java.pippo-ae898b6=ro.pippo.session.mongodb.MongoDBSessionDataStorageTest.testCreate_output_1590096154,1590096875,1590096432,443
48-no-mods-output,JON_32-extended-no-mod_r100_t518400_5M_21d_16h_22m_31s_ppiastucki.recast4j-01d478e=org.recast4j.detour.tilecache.TileCacheTest.testPerformance_output_1590096154,1590099437,1590096441,2996
48-no-mods-output,JON_32-extended-no-mod_r100_t518400_5M_21d_16h_22m_31s_spinn3r.noxy-d53a494=com.spinn3r.noxy.discovery.zookeeper.ZKTest.testBulkClusterJoining_output_1590096154,1590102477,1590096437,6040
48-no-mods-output,JON_32-extended-no-mod_r100_t518400_5M_21d_16h_22m_31s_vert-x3.vertx-rabbitmq-client-7305bcd=io.vertx.rabbitmq.RabbitMQClientReconnectTest.testReconnect_output_1590096154,1590097910,1590096439,1471
48-no-mods-output,JON_32-extended-no-mod_r100_t518400_5M_21d_16h_22m_31s_vmware.admiral-e4b0293=com.vmware.admiral.adapter.registry.service.RegistryAdapterServiceProxyTest.testInitWithProxyWithList_output_1590096154,1590100691,1590096444,4247
48-no-mods-output,JON_32-extended-no-mod_r100_t518400_5M_21d_16h_22m_31s_wso2.carbon-apimgt-a82213e=org.wso2.carbon.apimgt.throttling.siddhi.extension.ThrottleTimeBatchWindowTestCase.throttleTimeWindowBatchTest1_output_1590096154,1590099814,1590096441,3373
48-no-mods-output,JON_32-extended-no-mod_r100_t518400_5M_21d_16h_22m_31s_zalando.riptide-8277e11=org.zalando.riptide.backup.BackupRequestPluginTest.shouldUseBackupRequest_output_1590096154,1590099204,1590096448,2756
48-no-mods-output,JON_32-extended-no-mod_r100_t518400_5M_21d_16h_22m_31s_zalando.riptide-8277e11=org.zalando.riptide.failsafe.RetryAfterDelayFunctionTest.shouldRetryOnDemandWithDynamicDelay_output_1590096154,1590099452,1590096444,3008
48-no-mods-output,JON_32-extended-no-mod_r100_t518400_5M_21d_16h_27m_36s_apereo.java-cas-client-574b74f=org.jasig.cas.client.validation.AssertionImplTests.testAssertionValidity_output_1590096458,1590097738,1590096763,975
48-no-mods-output,JON_32-extended-no-mod_r100_t518400_5M_21d_16h_27m_36s_c2mon.c2mon-d80687b=cern.c2mon.daq.filter.dynamic.DiffTimeDeadbandActivatorTest.testNoActivationOnFirstRecord_output_1590096458,1590098309,1590096764,1545
48-no-mods-output,JON_32-extended-no-mod_r100_t518400_5M_21d_16h_27m_36s_c2mon.c2mon-d80687b=cern.c2mon.server.common.republisher.RepublisherImplTest.testMultipleExceptions_output_1590096458,1590097815,1590096766,1049
48-no-mods-output,JON_32-extended-no-mod_r100_t518400_5M_21d_16h_27m_36s_cescoffier.vertx-completable-future-011d3cd=me.escoffier.vertx.completablefuture.VertxCompletableFutureTest.testAcceptEitherAsyncWithExecutor_output_1590096458,1590100088,1590096764,3324
48-no-mods-output,JON_32-extended-no-mod_r100_t518400_5M_21d_16h_27m_36s_codingchili.excelastic-6bb7884=com.codingchili.TestWriter.shouldWriteToElasticPort_output_1590096458,1590097843,1590096781,1062
48-no-mods-output,JON_32-extended-no-mod_r100_t518400_5M_21d_16h_27m_36s_davidmoten.rxjava2-extras-d0315b6=com.github.davidmoten.rx2.SpecializedMspcLinkedQueueTest.testPushPoll_output_1590096458,1590103183,1590096820,6363
48-no-mods-output,JON_32-extended-no-mod_r100_t518400_5M_21d_16h_27m_36s_eclipse-ee4j.tyrus-d86e0cb=org.glassfish.tyrus.test.e2e.non_deployable.ServerExecutorsManagementTest.testExecutorServicesGetClosed_output_1590096458,1590098257,1590096820,1437
48-no-mods-output,JON_32-extended-no-mod_r100_t518400_5M_21d_16h_27m_36s_espertechinc.esper-590fa9c=com.espertech.esper.example.rfidassetzone.TestLRMovingSimMain.testSim_output_1590096458,1590098029,1590096774,1255
48-no-mods-output,JON_32-extended-no-mod_r100_t518400_5M_21d_16h_27m_36s_feroult.yawp-b3bcf9c=io.yawp.testing.appengine.pipes.flow.FlowDropsTest.testFlowDropsToSameSink_output_1590096458,1590097603,1590096800,803
48-no-mods-output,JON_32-extended-no-mod_r100_t518400_5M_21d_16h_27m_36s_flaxsearch.luwak-c27ec08=uk.co.flax.luwak.matchers.TestParallelMatcher.testParallelSlowLog_output_1590096458,1590098728,1590096785,1943
48-no-mods-output,JON_32-extended-no-mod_r100_t518400_5M_21d_16h_27m_36s_fluent.fluent-logger-java-da14ec3=org.fluentd.logger.TestFluentLogger.testReconnection_output_1590096458,1590100599,1590096784,3815
48-no-mods-output,JON_32-extended-no-mod_r100_t518400_5M_21d_16h_27m_36s_fromage.redpipe-0aff891=net.redpipe.discovery.DiscoveryTest.checkWebClient_output_1590096458,1590097461,1590096820,641
48-no-mods-output,JON_32-extended-no-mod_r100_t518400_5M_21d_16h_27m_36s_fromage.redpipe-0aff891=net.redpipe.engine.swagger.SwaggerApiTest.checkSwagger_output_1590096458,1590098887,1590096796,2091
48-no-mods-output,JON_32-extended-no-mod_r100_t518400_5M_21d_16h_27m_36s_javadelight.delight-nashorn-sandbox-da35edc=delight.nashornsandbox.TestGetFunction.test_output_1590096458,1590099740,1590096823,2917
48-no-mods-output,JON_32-extended-no-mod_r100_t518400_5M_21d_16h_27m_36s_kagkarlsson.db-scheduler-4a8a28e=com.github.kagkarlsson.scheduler.SchedulerTest.scheduler_should_execute_rescheduled_task_when_exactly_due_output_1590096458,1590098560,1590096823,1737
48-no-mods-output,JON_32-extended-no-mod_r100_t518400_5M_21d_16h_27m_36s_lcw2004.one-7b9b249=com.lcw.one.main.EmailServiceTest.sendEmailList_output_1590096458,1590097731,1590096823,908
48-no-mods-output,JON_32-extended-no-mod_r100_t518400_5M_21d_16h_27m_36s_nationalsecurityagency.timely-3a8cbd3=timely.store.iterators.TimeSeriesGroupingIteratorTest.testMultipleTimeSeriesMovingAverage_output_1590096458,1590099482,1590096739,2743
48-no-mods-output,JON_32-extended-no-mod_r100_t518400_5M_21d_16h_27m_36s_odrotbohm.sos-d4ed68a=example.sos.modulith.orders.EmailNotificationTest.completingAnOrderUpdatesInventory_output_1590096458,1590098005,1590096743,1262
48-no-mods-output,JON_32-extended-no-mod_r100_t518400_5M_21d_16h_27m_36s_oracle.oci-java-sdk-2e9982f=com.oracle.bmc.objectstorage.transfer.ProgressTrackerTest.multipartUploadProgressTrackerFactory_simulateRealLifeScenario_output_1590096458,1590099188,1590096743,2445
48-no-mods-output,JON_32-extended-no-mod_r100_t518400_5M_21d_16h_27m_36s_outbrain.aletheia-024a4b7=com.outbrain.aletheia.DatumAuditorStressTest.test_breadcrumbDispatcher_under_load_output_1590096458,1590097565,1590096745,820
48-no-mods-output,JON_32-extended-no-mod_r100_t518400_5M_21d_16h_27m_36s_pippo-java.pippo-ae898b6=ro.pippo.session.jedis.JedisSessionDataStorageTest.testDelete_output_1590096458,1590097313,1590096747,566
48-no-mods-output,JON_32-extended-no-mod_r100_t518400_5M_21d_16h_27m_36s_pippo-java.pippo-ae898b6=ro.pippo.session.mongodb.MongoDBSessionDataStorageTest.testCreate_output_1590096458,1590097196,1590096754,442
48-no-mods-output,JON_17-nod-modules_r100_t518400_5M_20d_14h_49m_52s_looly.hutool-91565d0=cn.hutool.cron.test.CronTest.matchAllTest_output_1590004195,1590004833,1590004461,372
48-no-mods-output,JON_32-extended-no-mod_r100_t518400_5M_21d_16h_27m_36s_ppiastucki.recast4j-01d478e=org.recast4j.detour.tilecache.TileCacheTest.testPerformance_output_1590096458,1590099641,1590096750,2891
48-no-mods-output,JON_32-extended-no-mod_r100_t518400_5M_21d_16h_27m_36s_spinn3r.noxy-d53a494=com.spinn3r.noxy.discovery.zookeeper.ZKTest.testBulkClusterJoining_output_1590096458,1590103037,1590096748,6289
48-no-mods-output,JON_32-extended-no-mod_r100_t518400_5M_21d_16h_27m_36s_vert-x3.vertx-rabbitmq-client-7305bcd=io.vertx.rabbitmq.RabbitMQClientReconnectTest.testReconnect_output_1590096458,1590098248,1590096757,1491
48-no-mods-output,JON_32-extended-no-mod_r100_t518400_5M_21d_16h_27m_36s_vmware.admiral-e4b0293=com.vmware.admiral.adapter.registry.service.RegistryAdapterServiceProxyTest.testInitWithProxyWithList_output_1590096458,1590100884,1590096757,4127
48-no-mods-output,JON_32-extended-no-mod_r100_t518400_5M_21d_16h_27m_36s_wso2.carbon-apimgt-a82213e=org.wso2.carbon.apimgt.throttling.siddhi.extension.ThrottleTimeBatchWindowTestCase.throttleTimeWindowBatchTest1_output_1590096458,1590100124,1590096761,3363
48-no-mods-output,JON_32-extended-no-mod_r100_t518400_5M_21d_16h_27m_36s_zalando.riptide-8277e11=org.zalando.riptide.backup.BackupRequestPluginTest.shouldUseBackupRequest_output_1590096458,1590099507,1590096745,2762
48-no-mods-output,JON_32-extended-no-mod_r100_t518400_5M_21d_16h_27m_36s_zalando.riptide-8277e11=org.zalando.riptide.failsafe.RetryAfterDelayFunctionTest.shouldRetryOnDemandWithDynamicDelay_output_1590096458,1590099827,1590096762,3065
48-no-mods-output,JON_32-extended-no-mod_r100_t518400_5M_21d_16h_2m_40s_apereo.java-cas-client-574b74f=org.jasig.cas.client.validation.AssertionImplTests.testAssertionValidity_output_1590094962,1590096190,1590095224,966
48-no-mods-output,JON_32-extended-no-mod_r100_t518400_5M_21d_16h_2m_40s_c2mon.c2mon-d80687b=cern.c2mon.daq.filter.dynamic.DiffTimeDeadbandActivatorTest.testNoActivationOnFirstRecord_output_1590094962,1590096704,1590095196,1508
48-no-mods-output,JON_32-extended-no-mod_r100_t518400_5M_21d_16h_2m_40s_c2mon.c2mon-d80687b=cern.c2mon.server.common.republisher.RepublisherImplTest.testMultipleExceptions_output_1590094962,1590096251,1590095222,1029
48-no-mods-output,JON_32-extended-no-mod_r100_t518400_5M_21d_16h_2m_40s_cescoffier.vertx-completable-future-011d3cd=me.escoffier.vertx.completablefuture.VertxCompletableFutureTest.testAcceptEitherAsyncWithExecutor_output_1590094962,1590098585,1590095214,3371
48-no-mods-output,JON_32-extended-no-mod_r100_t518400_5M_21d_16h_2m_40s_codingchili.excelastic-6bb7884=com.codingchili.TestWriter.shouldWriteToElasticPort_output_1590094962,1590095957,1590095236,721
48-no-mods-output,JON_32-extended-no-mod_r100_t518400_5M_21d_16h_2m_40s_davidmoten.rxjava2-extras-d0315b6=com.github.davidmoten.rx2.SpecializedMspcLinkedQueueTest.testPushPoll_output_1590094962,1590101654,1590095236,6418
48-no-mods-output,JON_32-extended-no-mod_r100_t518400_5M_21d_16h_2m_40s_eclipse-ee4j.tyrus-d86e0cb=org.glassfish.tyrus.test.e2e.non_deployable.ServerExecutorsManagementTest.testExecutorServicesGetClosed_output_1590094962,1590096738,1590095238,1500
48-no-mods-output,JON_32-extended-no-mod_r100_t518400_5M_21d_16h_2m_40s_espertechinc.esper-590fa9c=com.espertech.esper.example.rfidassetzone.TestLRMovingSimMain.testSim_output_1590094962,1590096526,1590095231,1295
48-no-mods-output,JON_32-extended-no-mod_r100_t518400_5M_21d_16h_2m_40s_feroult.yawp-b3bcf9c=io.yawp.testing.appengine.pipes.flow.FlowDropsTest.testFlowDropsToSameSink_output_1590094962,1590095995,1590095234,761
48-no-mods-output,JON_32-extended-no-mod_r100_t518400_5M_21d_16h_2m_40s_flaxsearch.luwak-c27ec08=uk.co.flax.luwak.matchers.TestParallelMatcher.testParallelSlowLog_output_1590094962,1590097155,1590095241,1914
48-no-mods-output,JON_32-extended-no-mod_r100_t518400_5M_21d_16h_2m_40s_fluent.fluent-logger-java-da14ec3=org.fluentd.logger.TestFluentLogger.testReconnection_output_1590094962,1590099134,1590095236,3898
48-no-mods-output,JON_32-extended-no-mod_r100_t518400_5M_21d_16h_2m_40s_fromage.redpipe-0aff891=net.redpipe.discovery.DiscoveryTest.checkWebClient_output_1590094962,1590095829,1590095236,593
48-no-mods-output,JON_32-extended-no-mod_r100_t518400_5M_21d_16h_2m_40s_fromage.redpipe-0aff891=net.redpipe.engine.swagger.SwaggerApiTest.checkSwagger_output_1590094962,1590097296,1590095236,2060
48-no-mods-output,JON_32-extended-no-mod_r100_t518400_5M_21d_16h_2m_40s_lcw2004.one-7b9b249=com.lcw.one.main.EmailServiceTest.sendEmailList_output_1590094962,1590096172,1590095252,920
48-no-mods-output,JON_32-extended-no-mod_r100_t518400_5M_21d_16h_2m_40s_javadelight.delight-nashorn-sandbox-da35edc=delight.nashornsandbox.TestGetFunction.test_output_1590094962,1590098358,1590095243,3115
48-no-mods-output,JON_32-extended-no-mod_r100_t518400_5M_21d_16h_2m_40s_kagkarlsson.db-scheduler-4a8a28e=com.github.kagkarlsson.scheduler.SchedulerTest.scheduler_should_execute_rescheduled_task_when_exactly_due_output_1590094962,1590097046,1590095245,1801
48-no-mods-output,JON_32-extended-no-mod_r100_t518400_5M_21d_16h_2m_40s_nationalsecurityagency.timely-3a8cbd3=timely.store.iterators.TimeSeriesGroupingIteratorTest.testMultipleTimeSeriesMovingAverage_output_1590094962,1590097964,1590095190,2774
48-no-mods-output,JON_32-extended-no-mod_r100_t518400_5M_21d_16h_2m_40s_odrotbohm.sos-d4ed68a=example.sos.modulith.orders.EmailNotificationTest.completingAnOrderUpdatesInventory_output_1590094962,1590096418,1590095196,1222
48-no-mods-output,JON_32-extended-no-mod_r100_t518400_5M_21d_16h_2m_40s_oracle.oci-java-sdk-2e9982f=com.oracle.bmc.objectstorage.transfer.ProgressTrackerTest.multipartUploadProgressTrackerFactory_simulateRealLifeScenario_output_1590094962,1590097545,1590095203,2342
48-no-mods-output,JON_32-extended-no-mod_r100_t518400_5M_21d_16h_2m_40s_outbrain.aletheia-024a4b7=com.outbrain.aletheia.DatumAuditorStressTest.test_breadcrumbDispatcher_under_load_output_1590094962,1590096172,1590095203,969
48-no-mods-output,JON_32-extended-no-mod_r100_t518400_5M_21d_16h_2m_40s_pippo-java.pippo-ae898b6=ro.pippo.session.jedis.JedisSessionDataStorageTest.testDelete_output_1590094962,1590095796,1590095205,591
48-no-mods-output,JON_32-extended-no-mod_r100_t518400_5M_21d_16h_2m_40s_pippo-java.pippo-ae898b6=ro.pippo.session.mongodb.MongoDBSessionDataStorageTest.testCreate_output_1590094962,1590095671,1590095205,466
48-no-mods-output,JON_32-extended-no-mod_r100_t518400_5M_21d_16h_2m_40s_ppiastucki.recast4j-01d478e=org.recast4j.detour.tilecache.TileCacheTest.testPerformance_output_1590094962,1590098214,1590095212,3002
48-no-mods-output,JON_32-extended-no-mod_r100_t518400_5M_21d_16h_2m_40s_spinn3r.noxy-d53a494=com.spinn3r.noxy.discovery.zookeeper.ZKTest.testBulkClusterJoining_output_1590094962,1590100994,1590095210,5784
48-no-mods-output,JON_32-extended-no-mod_r100_t518400_5M_21d_16h_2m_40s_vert-x3.vertx-rabbitmq-client-7305bcd=io.vertx.rabbitmq.RabbitMQClientReconnectTest.testReconnect_output_1590094962,1590096685,1590095212,1473
48-no-mods-output,JON_32-extended-no-mod_r100_t518400_5M_21d_16h_2m_40s_vmware.admiral-e4b0293=com.vmware.admiral.adapter.registry.service.RegistryAdapterServiceProxyTest.testInitWithProxyWithList_output_1590094962,1590099345,1590095214,4131
48-no-mods-output,JON_32-extended-no-mod_r100_t518400_5M_21d_16h_2m_40s_wso2.carbon-apimgt-a82213e=org.wso2.carbon.apimgt.throttling.siddhi.extension.ThrottleTimeBatchWindowTestCase.throttleTimeWindowBatchTest1_output_1590094962,1590098661,1590095219,3442
48-no-mods-output,JON_32-extended-no-mod_r100_t518400_5M_21d_16h_2m_40s_zalando.riptide-8277e11=org.zalando.riptide.backup.BackupRequestPluginTest.shouldUseBackupRequest_output_1590094962,1590098004,1590095224,2780
48-no-mods-output,JON_32-extended-no-mod_r100_t518400_5M_21d_16h_2m_40s_zalando.riptide-8277e11=org.zalando.riptide.failsafe.RetryAfterDelayFunctionTest.shouldRetryOnDemandWithDynamicDelay_output_1590094962,1590098288,1590095221,3067
48-no-mods-output,JON_32-extended-no-mod_r100_t518400_5M_21d_16h_6m_10s_apereo.java-cas-client-574b74f=org.jasig.cas.client.validation.AssertionImplTests.testAssertionValidity_output_1590095172,1590096446,1590095477,969
48-no-mods-output,JON_32-extended-no-mod_r100_t518400_5M_21d_16h_6m_10s_c2mon.c2mon-d80687b=cern.c2mon.daq.filter.dynamic.DiffTimeDeadbandActivatorTest.testNoActivationOnFirstRecord_output_1590095172,1590097016,1590095480,1536
48-no-mods-output,JON_32-extended-no-mod_r100_t518400_5M_21d_16h_6m_10s_c2mon.c2mon-d80687b=cern.c2mon.server.common.republisher.RepublisherImplTest.testMultipleExceptions_output_1590095172,1590096496,1590095430,1066
48-no-mods-output,JON_32-extended-no-mod_r100_t518400_5M_21d_16h_6m_10s_cescoffier.vertx-completable-future-011d3cd=me.escoffier.vertx.completablefuture.VertxCompletableFutureTest.testAcceptEitherAsyncWithExecutor_output_1590095172,1590098757,1590095432,3325
48-no-mods-output,JON_32-extended-no-mod_r100_t518400_5M_21d_16h_6m_10s_codingchili.excelastic-6bb7884=com.codingchili.TestWriter.shouldWriteToElasticPort_output_1590095172,1590096202,1590095486,716
48-no-mods-output,JON_32-extended-no-mod_r100_t518400_5M_21d_16h_6m_10s_espertechinc.esper-590fa9c=com.espertech.esper.example.rfidassetzone.TestLRMovingSimMain.testSim_output_1590095172,1590096726,1590095509,1217
48-no-mods-output,JON_32-extended-no-mod_r100_t518400_5M_21d_16h_6m_10s_davidmoten.rxjava2-extras-d0315b6=com.github.davidmoten.rx2.SpecializedMspcLinkedQueueTest.testPushPoll_output_1590095172,1590101976,1590095474,6502
48-no-mods-output,JON_32-extended-no-mod_r100_t518400_5M_21d_16h_6m_10s_eclipse-ee4j.tyrus-d86e0cb=org.glassfish.tyrus.test.e2e.non_deployable.ServerExecutorsManagementTest.testExecutorServicesGetClosed_output_1590095172,1590097027,1590095509,1518
48-no-mods-output,JON_32-extended-no-mod_r100_t518400_5M_21d_16h_6m_10s_feroult.yawp-b3bcf9c=io.yawp.testing.appengine.pipes.flow.FlowDropsTest.testFlowDropsToSameSink_output_1590095172,1590096320,1590095519,801
48-no-mods-output,JON_32-extended-no-mod_r100_t518400_5M_21d_16h_6m_10s_flaxsearch.luwak-c27ec08=uk.co.flax.luwak.matchers.TestParallelMatcher.testParallelSlowLog_output_1590095172,1590097451,1590095512,1939
48-no-mods-output,JON_32-extended-no-mod_r100_t518400_5M_21d_16h_6m_10s_fluent.fluent-logger-java-da14ec3=org.fluentd.logger.TestFluentLogger.testReconnection_output_1590095172,1590099398,1590095517,3881
48-no-mods-output,JON_32-extended-no-mod_r100_t518400_5M_21d_16h_6m_10s_fromage.redpipe-0aff891=net.redpipe.discovery.DiscoveryTest.checkWebClient_output_1590095172,1590096161,1590095524,637
48-no-mods-output,JON_32-extended-no-mod_r100_t518400_5M_21d_16h_6m_10s_fromage.redpipe-0aff891=net.redpipe.engine.swagger.SwaggerApiTest.checkSwagger_output_1590095172,1590097654,1590095524,2130
48-no-mods-output,JON_32-extended-no-mod_r100_t518400_5M_21d_16h_6m_10s_javadelight.delight-nashorn-sandbox-da35edc=delight.nashornsandbox.TestGetFunction.test_output_1590095172,1590098638,1590095439,3199
48-no-mods-output,JON_32-extended-no-mod_r100_t518400_5M_21d_16h_6m_10s_kagkarlsson.db-scheduler-4a8a28e=com.github.kagkarlsson.scheduler.SchedulerTest.scheduler_should_execute_rescheduled_task_when_exactly_due_output_1590095172,1590097308,1590095535,1773
48-no-mods-output,JON_32-extended-no-mod_r100_t518400_5M_21d_16h_6m_10s_lcw2004.one-7b9b249=com.lcw.one.main.EmailServiceTest.sendEmailList_output_1590095172,1590096458,1590095530,928
48-no-mods-output,JON_32-extended-no-mod_r100_t518400_5M_21d_16h_6m_10s_nationalsecurityagency.timely-3a8cbd3=timely.store.iterators.TimeSeriesGroupingIteratorTest.testMultipleTimeSeriesMovingAverage_output_1590095172,1590097968,1590095409,2559
48-no-mods-output,JON_32-extended-no-mod_r100_t518400_5M_21d_16h_6m_10s_odrotbohm.sos-d4ed68a=example.sos.modulith.orders.EmailNotificationTest.completingAnOrderUpdatesInventory_output_1590095172,1590096618,1590095412,1206
48-no-mods-output,JON_32-extended-no-mod_r100_t518400_5M_21d_16h_6m_10s_oracle.oci-java-sdk-2e9982f=com.oracle.bmc.objectstorage.transfer.ProgressTrackerTest.multipartUploadProgressTrackerFactory_simulateRealLifeScenario_output_1590095172,1590097857,1590095416,2441
48-no-mods-output,JON_32-extended-no-mod_r100_t518400_5M_21d_16h_6m_10s_outbrain.aletheia-024a4b7=com.outbrain.aletheia.DatumAuditorStressTest.test_breadcrumbDispatcher_under_load_output_1590095172,1590096240,1590095418,822
48-no-mods-output,JON_32-extended-no-mod_r100_t518400_5M_21d_16h_6m_10s_pippo-java.pippo-ae898b6=ro.pippo.session.jedis.JedisSessionDataStorageTest.testDelete_output_1590095172,1590096005,1590095421,584
48-no-mods-output,JON_32-extended-no-mod_r100_t518400_5M_21d_16h_6m_10s_pippo-java.pippo-ae898b6=ro.pippo.session.mongodb.MongoDBSessionDataStorageTest.testCreate_output_1590095172,1590095914,1590095428,486
48-no-mods-output,JON_32-extended-no-mod_r100_t518400_5M_21d_16h_6m_10s_ppiastucki.recast4j-01d478e=org.recast4j.detour.tilecache.TileCacheTest.testPerformance_output_1590095172,1590098463,1590095451,3012
48-no-mods-output,JON_32-extended-no-mod_r100_t518400_5M_21d_16h_6m_10s_spinn3r.noxy-d53a494=com.spinn3r.noxy.discovery.zookeeper.ZKTest.testBulkClusterJoining_output_1590095172,1590102576,1590095454,7122
48-no-mods-output,JON_32-extended-no-mod_r100_t518400_5M_21d_16h_6m_10s_vert-x3.vertx-rabbitmq-client-7305bcd=io.vertx.rabbitmq.RabbitMQClientReconnectTest.testReconnect_output_1590095172,1590096946,1590095467,1479
48-no-mods-output,JON_32-extended-no-mod_r100_t518400_5M_21d_16h_6m_10s_vmware.admiral-e4b0293=com.vmware.admiral.adapter.registry.service.RegistryAdapterServiceProxyTest.testInitWithProxyWithList_output_1590095172,1590099776,1590095479,4297
48-no-mods-output,JON_38-extended-no-mod_r100_t518400_5M_21d_15h_14m_53s_codingchili.excelastic-6bb7884=com.codingchili.TestWriter.shouldWriteToElasticPort_output_1590092097,1590093499,1590092428,1071
48-no-mods-output,JON_32-extended-no-mod_r100_t518400_5M_21d_16h_6m_10s_wso2.carbon-apimgt-a82213e=org.wso2.carbon.apimgt.throttling.siddhi.extension.ThrottleTimeBatchWindowTestCase.throttleTimeWindowBatchTest1_output_1590095172,1590098809,1590095467,3342
48-no-mods-output,JON_32-extended-no-mod_r100_t518400_5M_21d_16h_6m_10s_zalando.riptide-8277e11=org.zalando.riptide.backup.BackupRequestPluginTest.shouldUseBackupRequest_output_1590095172,1590098255,1590095502,2753
48-no-mods-output,JON_32-extended-no-mod_r100_t518400_5M_21d_16h_6m_10s_zalando.riptide-8277e11=org.zalando.riptide.failsafe.RetryAfterDelayFunctionTest.shouldRetryOnDemandWithDynamicDelay_output_1590095172,1590098576,1590095472,3104
48-no-mods-output,JON_38-extended-no-mod_r100_t518400_5M_21d_15h_14m_53s_apereo.java-cas-client-574b74f=org.jasig.cas.client.validation.AssertionImplTests.testAssertionValidity_output_1590092097,1590093373,1590092418,955
48-no-mods-output,JON_38-extended-no-mod_r100_t518400_5M_21d_15h_14m_53s_c2mon.c2mon-d80687b=cern.c2mon.daq.filter.dynamic.DiffTimeDeadbandActivatorTest.testNoActivationOnFirstRecord_output_1590092097,1590093807,1590092421,1386
48-no-mods-output,JON_38-extended-no-mod_r100_t518400_5M_21d_15h_14m_53s_c2mon.c2mon-d80687b=cern.c2mon.server.common.republisher.RepublisherImplTest.testMultipleExceptions_output_1590092097,1590093441,1590092422,1019
48-no-mods-output,JON_38-extended-no-mod_r100_t518400_5M_21d_15h_14m_53s_cescoffier.vertx-completable-future-011d3cd=me.escoffier.vertx.completablefuture.VertxCompletableFutureTest.testAcceptEitherAsyncWithExecutor_output_1590092097,1590095685,1590092422,3263
48-no-mods-output,JON_38-extended-no-mod_r100_t518400_5M_21d_15h_14m_53s_davidmoten.rxjava2-extras-d0315b6=com.github.davidmoten.rx2.SpecializedMspcLinkedQueueTest.testPushPoll_output_1590092097,1590098936,1590092428,6508
48-no-mods-output,JON_38-extended-no-mod_r100_t518400_5M_21d_15h_14m_53s_eclipse-ee4j.tyrus-d86e0cb=org.glassfish.tyrus.test.e2e.non_deployable.ServerExecutorsManagementTest.testExecutorServicesGetClosed_output_1590092097,1590093888,1590092428,1460
48-no-mods-output,JON_38-extended-no-mod_r100_t518400_5M_21d_15h_14m_53s_espertechinc.esper-590fa9c=com.espertech.esper.example.rfidassetzone.TestLRMovingSimMain.testSim_output_1590092097,1590093637,1590092431,1206
48-no-mods-output,JON_38-extended-no-mod_r100_t518400_5M_21d_15h_14m_53s_feroult.yawp-b3bcf9c=io.yawp.testing.appengine.pipes.flow.FlowDropsTest.testFlowDropsToSameSink_output_1590092097,1590093216,1590092437,779
48-no-mods-output,JON_38-extended-no-mod_r100_t518400_5M_21d_15h_14m_53s_flaxsearch.luwak-c27ec08=uk.co.flax.luwak.matchers.TestParallelMatcher.testParallelSlowLog_output_1590092097,1590094381,1590092434,1947
48-no-mods-output,JON_38-extended-no-mod_r100_t518400_5M_21d_15h_14m_53s_fluent.fluent-logger-java-da14ec3=org.fluentd.logger.TestFluentLogger.testReconnection_output_1590092097,1590096288,1590092428,3860
48-no-mods-output,JON_38-extended-no-mod_r100_t518400_5M_21d_15h_14m_53s_fromage.redpipe-0aff891=net.redpipe.discovery.DiscoveryTest.checkWebClient_output_1590092097,1590093053,1590092437,616
48-no-mods-output,JON_38-extended-no-mod_r100_t518400_5M_21d_15h_14m_53s_fromage.redpipe-0aff891=net.redpipe.engine.swagger.SwaggerApiTest.checkSwagger_output_1590092097,1590094384,1590092440,1944
48-no-mods-output,JON_38-extended-no-mod_r100_t518400_5M_21d_15h_14m_53s_javadelight.delight-nashorn-sandbox-da35edc=delight.nashornsandbox.TestGetFunction.test_output_1590092097,1590095285,1590092441,2844
48-no-mods-output,JON_38-extended-no-mod_r100_t518400_5M_21d_15h_14m_53s_kagkarlsson.db-scheduler-4a8a28e=com.github.kagkarlsson.scheduler.SchedulerTest.scheduler_should_execute_rescheduled_task_when_exactly_due_output_1590092097,1590094125,1590092421,1704
48-no-mods-output,JON_38-extended-no-mod_r100_t518400_5M_21d_15h_14m_53s_lcw2004.one-7b9b249=com.lcw.one.main.EmailServiceTest.sendEmailList_output_1590092097,1590093331,1590092444,887
48-no-mods-output,JON_38-extended-no-mod_r100_t518400_5M_21d_15h_14m_53s_logzio.sawmill-e493c2e=io.logz.sawmill.PipelineExecutorTest.testOnSuccessPipelineExecution_output_1590092097,1590092491,1590092453,38
48-no-mods-output,JON_38-extended-no-mod_r100_t518400_5M_21d_15h_14m_53s_nationalsecurityagency.timely-3a8cbd3=timely.store.iterators.TimeSeriesGroupingIteratorTest.testMultipleTimeSeriesMovingAverage_output_1590092097,1590095094,1590092444,2650
48-no-mods-output,JON_38-extended-no-mod_r100_t518400_5M_21d_15h_14m_53s_odrotbohm.sos-d4ed68a=example.sos.modulith.orders.EmailNotificationTest.completingAnOrderUpdatesInventory_output_1590092097,1590093667,1590092444,1223
48-no-mods-output,JON_38-extended-no-mod_r100_t518400_5M_21d_15h_14m_53s_oracle.oci-java-sdk-2e9982f=com.oracle.bmc.objectstorage.transfer.ProgressTrackerTest.multipartUploadProgressTrackerFactory_simulateRealLifeScenario_output_1590092097,1590094877,1590092463,2414
48-no-mods-output,JON_38-extended-no-mod_r100_t518400_5M_21d_15h_14m_53s_outbrain.aletheia-024a4b7=com.outbrain.aletheia.DatumAuditorStressTest.test_breadcrumbDispatcher_under_load_output_1590092097,1590093491,1590092479,1012
48-no-mods-output,JON_38-extended-no-mod_r100_t518400_5M_21d_15h_14m_53s_pippo-java.pippo-ae898b6=ro.pippo.session.jedis.JedisSessionDataStorageTest.testDelete_output_1590092097,1590093033,1590092495,538
48-no-mods-output,JON_38-extended-no-mod_r100_t518400_5M_21d_15h_14m_53s_pippo-java.pippo-ae898b6=ro.pippo.session.mongodb.MongoDBSessionDataStorageTest.testCreate_output_1590092097,1590092935,1590092479,456
48-no-mods-output,JON_38-extended-no-mod_r100_t518400_5M_21d_15h_14m_53s_ppiastucki.recast4j-01d478e=org.recast4j.detour.tilecache.TileCacheTest.testPerformance_output_1590092097,1590095458,1590092488,2970
48-no-mods-output,JON_38-extended-no-mod_r100_t518400_5M_21d_15h_14m_53s_spinn3r.noxy-d53a494=com.spinn3r.noxy.discovery.zookeeper.ZKTest.testBulkClusterJoining_output_1590092097,1590098948,1590092495,6453
48-no-mods-output,JON_38-extended-no-mod_r100_t518400_5M_21d_15h_14m_53s_vert-x3.vertx-mqtt-c8213e0=io.vertx.mqtt.test.server.MqttServerClientIdentifierTest.testValidClientIdentifier_output_1590092097,1590092518,1590092486,32
48-no-mods-output,JON_38-extended-no-mod_r100_t518400_5M_21d_15h_14m_53s_vert-x3.vertx-rabbitmq-client-7305bcd=io.vertx.rabbitmq.RabbitMQClientReconnectTest.testReconnect_output_1590092097,1590093861,1590092488,1373
48-no-mods-output,JON_38-extended-no-mod_r100_t518400_5M_21d_15h_14m_53s_vmware.admiral-e4b0293=com.vmware.admiral.adapter.registry.service.RegistryAdapterServiceProxyTest.testInitWithProxyWithList_output_1590092097,1590096795,1590092501,4294
48-no-mods-output,JON_38-extended-no-mod_r100_t518400_5M_21d_15h_14m_53s_wso2.carbon-apimgt-a82213e=org.wso2.carbon.apimgt.throttling.siddhi.extension.ThrottleTimeBatchWindowTestCase.throttleTimeWindowBatchTest1_output_1590092097,1590095867,1590092482,3385
48-no-mods-output,JON_38-extended-no-mod_r100_t518400_5M_21d_15h_14m_53s_zalando.riptide-8277e11=org.zalando.riptide.backup.BackupRequestPluginTest.shouldUseBackupRequest_output_1590092097,1590095174,1590092498,2676
48-no-mods-output,JON_38-extended-no-mod_r100_t518400_5M_21d_15h_14m_53s_zalando.riptide-8277e11=org.zalando.riptide.failsafe.RetryAfterDelayFunctionTest.shouldRetryOnDemandWithDynamicDelay_output_1590092097,1590095570,1590092495,3075
48-no-mods-output,JON_17-nod-modules_r100_t518400_5M_20d_14h_49m_52s_apache.hbase-801fc05=org.apache.hadoop.hbase.procedure2.TestProcedureSkipPersistence.test_output_1590004195,1590020141,1590004444,15697
48-no-mods-output,JON_17-nod-modules_r100_t518400_5M_20d_14h_49m_52s_apache.incubator-dubbo-737f7a7=org.apache.dubbo.remoting.exchange.support.header.HeartbeatHandlerTest.testHeartbeat_output_1590004195,1590009442,1590004453,4989
48-no-mods-output,JON_17-nod-modules_r100_t518400_5M_20d_14h_49m_52s_apache.incubator-dubbo-737f7a7=org.apache.dubbo.rpc.protocol.dubbo.DubboLazyConnectTest.testSticky1_output_1590004195,1590026622,1590004453,22169
48-no-mods-output,JON_17-nod-modules_r100_t518400_5M_20d_14h_49m_52s_apache.incubator-dubbo-737f7a7=org.apache.dubbo.rpc.protocol.http.HttpProtocolTest.testGenericInvokeWithNativeJava_output_1590004195,1590005412,1590004453,959
48-no-mods-output,JON_17-nod-modules_r100_t518400_5M_20d_14h_49m_52s_elasticjob.elastic-job-lite-b022898=io.elasticjob.lite.event.rdb.JobEventRdbSearchTest.assertFindJobExecutionEventsWithTime_output_1590004195,1590008016,1590004450,3566
48-no-mods-output,JON_17-nod-modules_r100_t518400_5M_20d_14h_49m_52s_elasticjob.elastic-job-lite-b022898=io.elasticjob.lite.lifecycle.api.JobAPIFactoryTest.assertCreateJobStatisticsAPI_output_1590004195,1590005450,1590004455,995
48-no-mods-output,JON_17-nod-modules_r100_t518400_5M_20d_14h_49m_52s_knightliao.disconf-2ac5c82=com.baidu.disconf.client.test.DisconfMgrTestCase.demo_output_1590004195,1590005317,1590004467,850
48-no-mods-output,JON_17-nod-modules_r100_t518400_5M_20d_14h_49m_52s_orbit.orbit-c4904af=cloud.orbit.actors.extensions.test.LengthFieldHandlerTest.randomMessages_output_1590004195,1590005850,1590004464,1386
48-no-mods-output,JON_17-nod-modules_r100_t518400_5M_20d_14h_49m_52s_oryxproject.oryx-72ae4bb=com.cloudera.oryx.common.io.IOUtilsTest.testDistinctFreePorts_output_1590004195,1590007860,1590004435,3425
48-no-mods-output,JON_17-nod-modules_r100_t518400_5M_20d_14h_49m_52s_querydsl.querydsl-2bf234c=com.querydsl.hibernate.search.SearchQueryTest.count_output_1590004195,1590005822,1590004467,1355
48-no-mods-output,JON_17-nod-modules_r100_t518400_5M_20d_14h_49m_52s_square.retrofit-ae28c3d=retrofit2.CallTest.cancelOkHttpRequest_output_1590004195,1590005505,1590004467,1038
48-no-mods-output,JON_17-nod-modules_r100_t518400_5M_20d_14h_49m_52s_tootallnate.java-websocket-fa3909c=org.java_websocket.issues.Issue256Test.runReconnectBlockingScenario0_output_1590004195,1590006094,1590004453,1641
48-no-mods-output,JON_17-nod-modules_r100_t518400_5M_20d_14h_49m_52s_wro4j.wro4j-185ab60=ro.isdc.wro.extensions.processor.TestBourbonCssProcessor.shouldBeThreadSafe_output_1590004195,1590010593,1590004467,6126
48-no-mods-output,JON_17-nod-modules_r100_t518400_5M_20d_15h_14m_58s_apache.hbase-801fc05=org.apache.hadoop.hbase.procedure2.TestProcedureSkipPersistence.test_output_1590005699,1590022246,1590006399,15847
48-no-mods-output,JON_17-nod-modules_r100_t518400_5M_20d_15h_14m_58s_apache.incubator-dubbo-737f7a7=org.apache.dubbo.remoting.exchange.support.header.HeartbeatHandlerTest.testHeartbeat_output_1590005699,1590011353,1590006402,4951
48-no-mods-output,JON_17-nod-modules_r100_t518400_5M_20d_15h_14m_58s_apache.incubator-dubbo-737f7a7=org.apache.dubbo.rpc.protocol.dubbo.DubboLazyConnectTest.testSticky1_output_1590005699,1590022223,1590006412,15811
48-no-mods-output,JON_17-nod-modules_r100_t518400_5M_20d_15h_14m_58s_apache.incubator-dubbo-737f7a7=org.apache.dubbo.rpc.protocol.http.HttpProtocolTest.testGenericInvokeWithNativeJava_output_1590005699,1590007356,1590006412,944
48-no-mods-output,JON_17-nod-modules_r100_t518400_5M_20d_15h_14m_58s_elasticjob.elastic-job-lite-b022898=io.elasticjob.lite.event.rdb.JobEventRdbSearchTest.assertFindJobExecutionEventsWithTime_output_1590005699,1590009978,1590006406,3572
48-no-mods-output,JON_17-nod-modules_r100_t518400_5M_20d_15h_14m_58s_elasticjob.elastic-job-lite-b022898=io.elasticjob.lite.lifecycle.api.JobAPIFactoryTest.assertCreateJobStatisticsAPI_output_1590005699,1590007319,1590006415,904
48-no-mods-output,JON_17-nod-modules_r100_t518400_5M_20d_15h_14m_58s_knightliao.disconf-2ac5c82=com.baidu.disconf.client.test.DisconfMgrTestCase.demo_output_1590005699,1590007153,1590006402,751
48-no-mods-output,JON_17-nod-modules_r100_t518400_5M_20d_15h_14m_58s_looly.hutool-91565d0=cn.hutool.cron.test.CronTest.matchAllTest_output_1590005699,1590006865,1590006417,448
48-no-mods-output,JON_17-nod-modules_r100_t518400_5M_20d_15h_14m_58s_orbit.orbit-c4904af=cloud.orbit.actors.extensions.test.LengthFieldHandlerTest.randomMessages_output_1590005699,1590007791,1590006432,1359
48-no-mods-output,JON_17-nod-modules_r100_t518400_5M_20d_15h_14m_58s_oryxproject.oryx-72ae4bb=com.cloudera.oryx.common.io.IOUtilsTest.testDistinctFreePorts_output_1590005699,1590009902,1590006400,3502
48-no-mods-output,JON_17-nod-modules_r100_t518400_5M_20d_15h_14m_58s_querydsl.querydsl-2bf234c=com.querydsl.hibernate.search.SearchQueryTest.count_output_1590005699,1590007780,1590006417,1363
48-no-mods-output,JON_17-nod-modules_r100_t518400_5M_20d_15h_14m_58s_square.retrofit-ae28c3d=retrofit2.CallTest.cancelOkHttpRequest_output_1590005699,1590007541,1590006420,1121
48-no-mods-output,JON_17-nod-modules_r100_t518400_5M_20d_15h_14m_58s_tootallnate.java-websocket-fa3909c=org.java_websocket.issues.Issue256Test.runReconnectBlockingScenario0_output_1590005699,1590007849,1590006402,1447
48-no-mods-output,JON_17-nod-modules_r100_t518400_5M_20d_15h_14m_58s_wro4j.wro4j-185ab60=ro.isdc.wro.extensions.processor.TestBourbonCssProcessor.shouldBeThreadSafe_output_1590005699,1590012807,1590006441,6366
48-no-mods-output,JON_17-nod-modules_r100_t518400_5M_20d_15h_21m_56s_apache.hbase-801fc05=org.apache.hadoop.hbase.procedure2.TestProcedureSkipPersistence.test_output_1590006117,1590023211,1590006733,16478
48-no-mods-output,JON_17-nod-modules_r100_t518400_5M_20d_15h_21m_56s_apache.incubator-dubbo-737f7a7=org.apache.dubbo.remoting.exchange.support.header.HeartbeatHandlerTest.testHeartbeat_output_1590006117,1590011772,1590006733,5039
48-no-mods-output,JON_17-nod-modules_r100_t518400_5M_20d_15h_21m_56s_apache.incubator-dubbo-737f7a7=org.apache.dubbo.rpc.protocol.dubbo.DubboLazyConnectTest.testSticky1_output_1590006117,1590029774,1590006733,23041
48-no-mods-output,JON_17-nod-modules_r100_t518400_5M_20d_15h_21m_56s_apache.incubator-dubbo-737f7a7=org.apache.dubbo.rpc.protocol.http.HttpProtocolTest.testGenericInvokeWithNativeJava_output_1590006117,1590007750,1590006754,996
48-no-mods-output,JON_17-nod-modules_r100_t518400_5M_20d_15h_21m_56s_elasticjob.elastic-job-lite-b022898=io.elasticjob.lite.event.rdb.JobEventRdbSearchTest.assertFindJobExecutionEventsWithTime_output_1590006117,1590010584,1590006754,3830
48-no-mods-output,JON_17-nod-modules_r100_t518400_5M_20d_15h_21m_56s_elasticjob.elastic-job-lite-b022898=io.elasticjob.lite.lifecycle.api.JobAPIFactoryTest.assertCreateJobStatisticsAPI_output_1590006117,1590007767,1590006736,1031
48-no-mods-output,JON_17-nod-modules_r100_t518400_5M_20d_15h_21m_56s_knightliao.disconf-2ac5c82=com.baidu.disconf.client.test.DisconfMgrTestCase.demo_output_1590006117,1590007545,1590006754,791
48-no-mods-output,JON_17-nod-modules_r100_t518400_5M_20d_15h_21m_56s_looly.hutool-91565d0=cn.hutool.cron.test.CronTest.matchAllTest_output_1590006117,1590007193,1590006733,460
48-no-mods-output,JON_17-nod-modules_r100_t518400_5M_20d_15h_21m_56s_orbit.orbit-c4904af=cloud.orbit.actors.extensions.test.LengthFieldHandlerTest.randomMessages_output_1590006117,1590008148,1590006754,1394
48-no-mods-output,JON_17-nod-modules_r100_t518400_5M_20d_15h_21m_56s_oryxproject.oryx-72ae4bb=com.cloudera.oryx.common.io.IOUtilsTest.testDistinctFreePorts_output_1590006117,1590010370,1590006733,3637
48-no-mods-output,JON_17-nod-modules_r100_t518400_5M_20d_15h_21m_56s_querydsl.querydsl-2bf234c=com.querydsl.hibernate.search.SearchQueryTest.count_output_1590006117,1590008121,1590006751,1370
48-no-mods-output,JON_17-nod-modules_r100_t518400_5M_20d_15h_21m_56s_square.retrofit-ae28c3d=retrofit2.CallTest.cancelOkHttpRequest_output_1590006117,1590007884,1590006754,1130
48-no-mods-output,JON_17-nod-modules_r100_t518400_5M_20d_15h_21m_56s_tootallnate.java-websocket-fa3909c=org.java_websocket.issues.Issue256Test.runReconnectBlockingScenario0_output_1590006117,1590008205,1590006733,1472
48-no-mods-output,JON_17-nod-modules_r100_t518400_5M_20d_15h_21m_56s_undertow-io.undertow-d0efffa=io.undertow.websockets.jsr.test.JsrWebSocketServer07Test.testErrorHandling_output_1590006117,1590010343,1590006756,3587
48-no-mods-output,JON_17-nod-modules_r100_t518400_5M_20d_15h_21m_56s_wro4j.wro4j-185ab60=ro.isdc.wro.extensions.processor.TestBourbonCssProcessor.shouldBeThreadSafe_output_1590006117,1590014137,1590006756,7381
48-no-mods-output,JON_17-nod-modules_r100_t518400_5M_20d_15h_32m_52s_apache.hbase-801fc05=org.apache.hadoop.hbase.procedure2.TestProcedureSkipPersistence.test_output_1590006773,1590023414,1590007217,16197
48-no-mods-output,JON_17-nod-modules_r100_t518400_5M_20d_15h_32m_52s_apache.incubator-dubbo-737f7a7=org.apache.dubbo.remoting.exchange.support.header.HeartbeatHandlerTest.testHeartbeat_output_1590006773,1590012180,1590007217,4963
48-no-mods-output,JON_17-nod-modules_r100_t518400_5M_20d_15h_32m_52s_apache.incubator-dubbo-737f7a7=org.apache.dubbo.rpc.protocol.dubbo.DubboLazyConnectTest.testSticky1_output_1590006773,1590023087,1590007217,15870
48-no-mods-output,JON_17-nod-modules_r100_t518400_5M_20d_15h_32m_52s_apache.incubator-dubbo-737f7a7=org.apache.dubbo.rpc.protocol.http.HttpProtocolTest.testGenericInvokeWithNativeJava_output_1590006773,1590008192,1590007220,972
48-no-mods-output,JON_17-nod-modules_r100_t518400_5M_20d_15h_32m_52s_elasticjob.elastic-job-lite-b022898=io.elasticjob.lite.event.rdb.JobEventRdbSearchTest.assertFindJobExecutionEventsWithTime_output_1590006773,1590010785,1590007224,3561
48-no-mods-output,JON_17-nod-modules_r100_t518400_5M_20d_15h_32m_52s_elasticjob.elastic-job-lite-b022898=io.elasticjob.lite.lifecycle.api.JobAPIFactoryTest.assertCreateJobStatisticsAPI_output_1590006773,1590008182,1590007220,962
48-no-mods-output,JON_17-nod-modules_r100_t518400_5M_20d_15h_32m_52s_knightliao.disconf-2ac5c82=com.baidu.disconf.client.test.DisconfMgrTestCase.demo_output_1590006773,1590008065,1590007224,841
48-no-mods-output,JON_17-nod-modules_r100_t518400_5M_20d_15h_32m_52s_looly.hutool-91565d0=cn.hutool.cron.test.CronTest.matchAllTest_output_1590006773,1590007617,1590007220,397
48-no-mods-output,JON_17-nod-modules_r100_t518400_5M_20d_15h_32m_52s_orbit.orbit-c4904af=cloud.orbit.actors.extensions.test.LengthFieldHandlerTest.randomMessages_output_1590006773,1590008638,1590007220,1418
48-no-mods-output,JON_17-nod-modules_r100_t518400_5M_20d_15h_32m_52s_oryxproject.oryx-72ae4bb=com.cloudera.oryx.common.io.IOUtilsTest.testDistinctFreePorts_output_1590006773,1590010763,1590007211,3552
48-no-mods-output,JON_17-nod-modules_r100_t518400_5M_20d_15h_32m_52s_querydsl.querydsl-2bf234c=com.querydsl.hibernate.search.SearchQueryTest.count_output_1590006773,1590008672,1590007224,1448
48-no-mods-output,JON_17-nod-modules_r100_t518400_5M_20d_15h_32m_52s_spotify.helios-aebf68d=com.spotify.helios.testing.HeliosSoloDeploymentTest.testUndeployLeftoverJobs_output_1590006773,1590021738,1590007223,14515
48-no-mods-output,JON_17-nod-modules_r100_t518400_5M_20d_15h_32m_52s_square.retrofit-ae28c3d=retrofit2.CallTest.cancelOkHttpRequest_output_1590006773,1590008305,1590007224,1081
48-no-mods-output,JON_17-nod-modules_r100_t518400_5M_20d_15h_32m_52s_tootallnate.java-websocket-fa3909c=org.java_websocket.issues.Issue256Test.runReconnectBlockingScenario0_output_1590006773,1590008428,1590007217,1211
48-no-mods-output,JON_17-nod-modules_r100_t518400_5M_20d_15h_32m_52s_wro4j.wro4j-185ab60=ro.isdc.wro.extensions.processor.TestBourbonCssProcessor.shouldBeThreadSafe_output_1590006773,1590014146,1590007220,6926
48-no-mods-output,JON_17-nod-modules_r100_t518400_5M_20d_15h_40m_42s_apache.hbase-801fc05=org.apache.hadoop.hbase.procedure2.TestProcedureSkipPersistence.test_output_1590007243,1590023646,1590007482,16164
48-no-mods-output,JON_17-nod-modules_r100_t518400_5M_20d_15h_40m_42s_apache.incubator-dubbo-737f7a7=org.apache.dubbo.remoting.exchange.support.header.HeartbeatHandlerTest.testHeartbeat_output_1590007243,1590012623,1590007512,5111
48-no-mods-output,JON_17-nod-modules_r100_t518400_5M_20d_15h_40m_42s_apache.incubator-dubbo-737f7a7=org.apache.dubbo.rpc.protocol.dubbo.DubboLazyConnectTest.testSticky1_output_1590007243,1590030560,1590007529,23031
48-no-mods-output,JON_17-nod-modules_r100_t518400_5M_20d_15h_40m_42s_apache.incubator-dubbo-737f7a7=org.apache.dubbo.rpc.protocol.http.HttpProtocolTest.testGenericInvokeWithNativeJava_output_1590007243,1590008413,1590007505,908
48-no-mods-output,JON_17-nod-modules_r100_t518400_5M_20d_15h_40m_42s_elasticjob.elastic-job-lite-b022898=io.elasticjob.lite.event.rdb.JobEventRdbSearchTest.assertFindJobExecutionEventsWithTime_output_1590007243,1590011070,1590007515,3555
48-no-mods-output,JON_17-nod-modules_r100_t518400_5M_20d_15h_40m_42s_elasticjob.elastic-job-lite-b022898=io.elasticjob.lite.lifecycle.api.JobAPIFactoryTest.assertCreateJobStatisticsAPI_output_1590007243,1590008427,1590007485,942
48-no-mods-output,JON_17-nod-modules_r100_t518400_5M_20d_15h_40m_42s_knightliao.disconf-2ac5c82=com.baidu.disconf.client.test.DisconfMgrTestCase.demo_output_1590007243,1590008380,1590007515,865
48-no-mods-output,JON_17-nod-modules_r100_t518400_5M_20d_15h_40m_42s_looly.hutool-91565d0=cn.hutool.cron.test.CronTest.matchAllTest_output_1590007243,1590007964,1590007512,452
48-no-mods-output,JON_17-nod-modules_r100_t518400_5M_20d_15h_40m_42s_orbit.orbit-c4904af=cloud.orbit.actors.extensions.test.LengthFieldHandlerTest.randomMessages_output_1590007243,1590008901,1590007515,1386
48-no-mods-output,JON_17-nod-modules_r100_t518400_5M_20d_15h_40m_42s_oryxproject.oryx-72ae4bb=com.cloudera.oryx.common.io.IOUtilsTest.testDistinctFreePorts_output_1590007243,1590011095,1590007479,3616
48-no-mods-output,JON_17-nod-modules_r100_t518400_5M_20d_15h_40m_42s_querydsl.querydsl-2bf234c=com.querydsl.hibernate.search.SearchQueryTest.count_output_1590007243,1590008869,1590007526,1343
48-no-mods-output,JON_17-nod-modules_r100_t518400_5M_20d_15h_40m_42s_spotify.helios-aebf68d=com.spotify.helios.testing.HeliosSoloDeploymentTest.testUndeployLeftoverJobs_output_1590007243,1590023913,1590007529,16384
48-no-mods-output,JON_17-nod-modules_r100_t518400_5M_20d_15h_40m_42s_square.retrofit-ae28c3d=retrofit2.CallTest.cancelOkHttpRequest_output_1590007243,1590008497,1590007542,955
48-no-mods-output,JON_17-nod-modules_r100_t518400_5M_20d_15h_40m_42s_tootallnate.java-websocket-fa3909c=org.java_websocket.issues.Issue256Test.runReconnectBlockingScenario0_output_1590007243,1590008863,1590007512,1351
48-no-mods-output,JON_17-nod-modules_r100_t518400_5M_20d_15h_40m_42s_undertow-io.undertow-d0efffa=io.undertow.websockets.jsr.test.JsrWebSocketServer07Test.testErrorHandling_output_1590007243,1590011592,1590007551,4041
48-no-mods-output,JON_17-nod-modules_r100_t518400_5M_20d_15h_40m_42s_wro4j.wro4j-185ab60=ro.isdc.wro.extensions.processor.TestBourbonCssProcessor.shouldBeThreadSafe_output_1590007243,1590014354,1590007533,6821
48-no-mods-output,JON_17-nod-modules_r100_t518400_5M_20d_15h_46m_11s_apache.hbase-801fc05=org.apache.hadoop.hbase.procedure2.TestProcedureSkipPersistence.test_output_1590007572,1590024120,1590007792,16328
48-no-mods-output,JON_17-nod-modules_r100_t518400_5M_20d_15h_46m_11s_apache.incubator-dubbo-737f7a7=org.apache.dubbo.remoting.exchange.support.header.HeartbeatHandlerTest.testHeartbeat_output_1590007572,1590012847,1590007799,5048
48-no-mods-output,JON_17-nod-modules_r100_t518400_5M_20d_15h_46m_11s_apache.incubator-dubbo-737f7a7=org.apache.dubbo.rpc.protocol.dubbo.DubboLazyConnectTest.testSticky1_output_1590007572,1590032902,1590007796,25106
48-no-mods-output,JON_17-nod-modules_r100_t518400_5M_20d_15h_46m_11s_apache.incubator-dubbo-737f7a7=org.apache.dubbo.rpc.protocol.http.HttpProtocolTest.testGenericInvokeWithNativeJava_output_1590007572,1590008855,1590007799,1056
48-no-mods-output,JON_17-nod-modules_r100_t518400_5M_20d_15h_46m_11s_elasticjob.elastic-job-lite-b022898=io.elasticjob.lite.event.rdb.JobEventRdbSearchTest.assertFindJobExecutionEventsWithTime_output_1590007572,1590011478,1590007799,3679
48-no-mods-output,JON_17-nod-modules_r100_t518400_5M_20d_15h_46m_11s_elasticjob.elastic-job-lite-b022898=io.elasticjob.lite.lifecycle.api.JobAPIFactoryTest.assertCreateJobStatisticsAPI_output_1590007572,1590008818,1590007799,1019
48-no-mods-output,JON_17-nod-modules_r100_t518400_5M_20d_15h_46m_11s_knightliao.disconf-2ac5c82=com.baidu.disconf.client.test.DisconfMgrTestCase.demo_output_1590007572,1590008686,1590007802,884
48-no-mods-output,JON_17-nod-modules_r100_t518400_5M_20d_15h_46m_11s_looly.hutool-91565d0=cn.hutool.cron.test.CronTest.matchAllTest_output_1590007572,1590008269,1590007802,467
48-no-mods-output,JON_17-nod-modules_r100_t518400_5M_20d_15h_46m_11s_orbit.orbit-c4904af=cloud.orbit.actors.extensions.test.LengthFieldHandlerTest.randomMessages_output_1590007572,1590009157,1590007802,1355
48-no-mods-output,JON_17-nod-modules_r100_t518400_5M_20d_15h_46m_11s_oryxproject.oryx-72ae4bb=com.cloudera.oryx.common.io.IOUtilsTest.testDistinctFreePorts_output_1590007572,1590011377,1590007793,3584
48-no-mods-output,JON_17-nod-modules_r100_t518400_5M_20d_15h_46m_11s_querydsl.querydsl-2bf234c=com.querydsl.hibernate.search.SearchQueryTest.count_output_1590007572,1590009323,1590007805,1518
48-no-mods-output,JON_17-nod-modules_r100_t518400_5M_20d_15h_46m_11s_square.retrofit-ae28c3d=retrofit2.CallTest.cancelOkHttpRequest_output_1590007572,1590009000,1590007805,1195
48-no-mods-output,JON_17-nod-modules_r100_t518400_5M_20d_15h_46m_11s_tootallnate.java-websocket-fa3909c=org.java_websocket.issues.Issue256Test.runReconnectBlockingScenario0_output_1590007572,1590009452,1590007793,1659
48-no-mods-output,JON_17-nod-modules_r100_t518400_5M_20d_15h_46m_11s_undertow-io.undertow-d0efffa=io.undertow.websockets.jsr.test.JsrWebSocketServer07Test.testErrorHandling_output_1590007572,1590011366,1590007796,3570
48-no-mods-output,JON_17-nod-modules_r100_t518400_5M_20d_15h_46m_11s_wro4j.wro4j-185ab60=ro.isdc.wro.extensions.processor.TestBourbonCssProcessor.shouldBeThreadSafe_output_1590007572,1590014551,1590007813,6738
48-no-mods-output,JON_17-nod-modules_r100_t518400_5M_20d_15h_51m_14s_apache.hbase-801fc05=org.apache.hadoop.hbase.procedure2.TestProcedureSkipPersistence.test_output_1590007875,1590024306,1590008140,16166
48-no-mods-output,JON_17-nod-modules_r100_t518400_5M_20d_15h_51m_14s_apache.incubator-dubbo-737f7a7=org.apache.dubbo.remoting.exchange.support.header.HeartbeatHandlerTest.testHeartbeat_output_1590007875,1590013145,1590008129,5016
48-no-mods-output,JON_17-nod-modules_r100_t518400_5M_20d_15h_51m_14s_apache.incubator-dubbo-737f7a7=org.apache.dubbo.rpc.protocol.dubbo.DubboLazyConnectTest.testSticky1_output_1590007875,1590033232,1590008144,25088
48-no-mods-output,JON_17-nod-modules_r100_t518400_5M_20d_15h_51m_14s_apache.incubator-dubbo-737f7a7=org.apache.dubbo.rpc.protocol.http.HttpProtocolTest.testGenericInvokeWithNativeJava_output_1590007875,1590009217,1590008147,1070
48-no-mods-output,JON_17-nod-modules_r100_t518400_5M_20d_15h_51m_14s_elasticjob.elastic-job-lite-b022898=io.elasticjob.lite.event.rdb.JobEventRdbSearchTest.assertFindJobExecutionEventsWithTime_output_1590007875,1590011788,1590008146,3642
48-no-mods-output,JON_17-nod-modules_r100_t518400_5M_20d_15h_51m_14s_elasticjob.elastic-job-lite-b022898=io.elasticjob.lite.lifecycle.api.JobAPIFactoryTest.assertCreateJobStatisticsAPI_output_1590007875,1590009158,1590008144,1014
48-no-mods-output,JON_17-nod-modules_r100_t518400_5M_20d_15h_51m_14s_knightliao.disconf-2ac5c82=com.baidu.disconf.client.test.DisconfMgrTestCase.demo_output_1590007875,1590009019,1590008150,869
48-no-mods-output,JON_17-nod-modules_r100_t518400_5M_20d_15h_51m_14s_looly.hutool-91565d0=cn.hutool.cron.test.CronTest.matchAllTest_output_1590007875,1590008583,1590008151,432
48-no-mods-output,JON_17-nod-modules_r100_t518400_5M_20d_15h_51m_14s_orbit.orbit-c4904af=cloud.orbit.actors.extensions.test.LengthFieldHandlerTest.randomMessages_output_1590007875,1590009643,1590008157,1486
48-no-mods-output,JON_17-nod-modules_r100_t518400_5M_20d_15h_51m_14s_oryxproject.oryx-72ae4bb=com.cloudera.oryx.common.io.IOUtilsTest.testDistinctFreePorts_output_1590007875,1590011672,1590008126,3546
48-no-mods-output,JON_17-nod-modules_r100_t518400_5M_20d_15h_51m_14s_querydsl.querydsl-2bf234c=com.querydsl.hibernate.search.SearchQueryTest.count_output_1590007875,1590009567,1590008157,1410
48-no-mods-output,JON_17-nod-modules_r100_t518400_5M_20d_15h_51m_14s_square.retrofit-ae28c3d=retrofit2.CallTest.cancelOkHttpRequest_output_1590007875,1590009274,1590008160,1114
48-no-mods-output,JON_17-nod-modules_r100_t518400_5M_20d_15h_51m_14s_tootallnate.java-websocket-fa3909c=org.java_websocket.issues.Issue256Test.runReconnectBlockingScenario0_output_1590007875,1590009572,1590008139,1433
48-no-mods-output,JON_17-nod-modules_r100_t518400_5M_20d_15h_51m_14s_wro4j.wro4j-185ab60=ro.isdc.wro.extensions.processor.TestBourbonCssProcessor.shouldBeThreadSafe_output_1590007875,1590015836,1590008180,7656
48-no-mods-output,JON_17-nod-modules_r100_t518400_5M_20d_15h_57m_24s_apache.hbase-801fc05=org.apache.hadoop.hbase.procedure2.TestProcedureSkipPersistence.test_output_1590008246,1590024117,1590008534,15583
48-no-mods-output,JON_17-nod-modules_r100_t518400_5M_20d_15h_57m_24s_apache.incubator-dubbo-737f7a7=org.apache.dubbo.remoting.exchange.support.header.HeartbeatHandlerTest.testHeartbeat_output_1590008246,1590013493,1590008534,4959
48-no-mods-output,JON_17-nod-modules_r100_t518400_5M_20d_15h_57m_24s_apache.incubator-dubbo-737f7a7=org.apache.dubbo.rpc.protocol.dubbo.DubboLazyConnectTest.testSticky1_output_1590008246,1590024432,1590008534,15898
48-no-mods-output,JON_17-nod-modules_r100_t518400_5M_20d_15h_57m_24s_apache.incubator-dubbo-737f7a7=org.apache.dubbo.rpc.protocol.http.HttpProtocolTest.testGenericInvokeWithNativeJava_output_1590008246,1590009508,1590008534,974
48-no-mods-output,JON_17-nod-modules_r100_t518400_5M_20d_15h_57m_24s_elasticjob.elastic-job-lite-b022898=io.elasticjob.lite.event.rdb.JobEventRdbSearchTest.assertFindJobExecutionEventsWithTime_output_1590008246,1590012162,1590008534,3628
48-no-mods-output,JON_17-nod-modules_r100_t518400_5M_20d_15h_57m_24s_elasticjob.elastic-job-lite-b022898=io.elasticjob.lite.lifecycle.api.JobAPIFactoryTest.assertCreateJobStatisticsAPI_output_1590008246,1590009523,1590008540,983
48-no-mods-output,JON_17-nod-modules_r100_t518400_5M_20d_15h_57m_24s_knightliao.disconf-2ac5c82=com.baidu.disconf.client.test.DisconfMgrTestCase.demo_output_1590008246,1590009303,1590008534,769
48-no-mods-output,JON_17-nod-modules_r100_t518400_5M_20d_15h_57m_24s_looly.hutool-91565d0=cn.hutool.cron.test.CronTest.matchAllTest_output_1590008246,1590008945,1590008534,411
48-no-mods-output,JON_17-nod-modules_r100_t518400_5M_20d_15h_57m_24s_orbit.orbit-c4904af=cloud.orbit.actors.extensions.test.LengthFieldHandlerTest.randomMessages_output_1590008246,1590009918,1590008539,1379
48-no-mods-output,JON_17-nod-modules_r100_t518400_5M_20d_15h_57m_24s_oryxproject.oryx-72ae4bb=com.cloudera.oryx.common.io.IOUtilsTest.testDistinctFreePorts_output_1590008246,1590012071,1590008531,3540
48-no-mods-output,JON_17-nod-modules_r100_t518400_5M_20d_15h_57m_24s_querydsl.querydsl-2bf234c=com.querydsl.hibernate.search.SearchQueryTest.count_output_1590008246,1590009975,1590008543,1432
48-no-mods-output,JON_17-nod-modules_r100_t518400_5M_20d_15h_57m_24s_square.retrofit-ae28c3d=retrofit2.CallTest.cancelOkHttpRequest_output_1590008246,1590009700,1590008546,1154
48-no-mods-output,JON_17-nod-modules_r100_t518400_5M_20d_15h_57m_24s_tootallnate.java-websocket-fa3909c=org.java_websocket.issues.Issue256Test.runReconnectBlockingScenario0_output_1590008246,1590009672,1590008543,1129
48-no-mods-output,JON_17-nod-modules_r100_t518400_5M_20d_15h_57m_24s_undertow-io.undertow-d0efffa=io.undertow.websockets.jsr.test.JsrWebSocketServer07Test.testErrorHandling_output_1590008246,1590012221,1590008549,3672
48-no-mods-output,JON_17-nod-modules_r100_t518400_5M_20d_15h_57m_24s_wro4j.wro4j-185ab60=ro.isdc.wro.extensions.processor.TestBourbonCssProcessor.shouldBeThreadSafe_output_1590008246,1590016059,1590008551,7508
48-no-mods-output,JON_17-nod-modules_r100_t518400_5M_20d_15h_7m_48s_apache.hbase-801fc05=org.apache.hadoop.hbase.procedure2.TestProcedureSkipPersistence.test_output_1590005269,1590021430,1590005897,15533
48-no-mods-output,JON_17-nod-modules_r100_t518400_5M_20d_15h_7m_48s_apache.incubator-dubbo-737f7a7=org.apache.dubbo.remoting.exchange.support.header.HeartbeatHandlerTest.testHeartbeat_output_1590005269,1590010855,1590005886,4969
48-no-mods-output,JON_17-nod-modules_r100_t518400_5M_20d_15h_7m_48s_apache.incubator-dubbo-737f7a7=org.apache.dubbo.rpc.protocol.dubbo.DubboLazyConnectTest.testSticky1_output_1590005269,1590028892,1590005889,23003
48-no-mods-output,JON_17-nod-modules_r100_t518400_5M_20d_15h_7m_48s_apache.incubator-dubbo-737f7a7=org.apache.dubbo.rpc.protocol.http.HttpProtocolTest.testGenericInvokeWithNativeJava_output_1590005269,1590006945,1590005915,1030
48-no-mods-output,JON_17-nod-modules_r100_t518400_5M_20d_15h_7m_48s_elasticjob.elastic-job-lite-b022898=io.elasticjob.lite.event.rdb.JobEventRdbSearchTest.assertFindJobExecutionEventsWithTime_output_1590005269,1590009494,1590005897,3597
48-no-mods-output,JON_17-nod-modules_r100_t518400_5M_20d_15h_7m_48s_elasticjob.elastic-job-lite-b022898=io.elasticjob.lite.lifecycle.api.JobAPIFactoryTest.assertCreateJobStatisticsAPI_output_1590005269,1590006941,1590005918,1023
48-no-mods-output,JON_17-nod-modules_r100_t518400_5M_20d_15h_7m_48s_knightliao.disconf-2ac5c82=com.baidu.disconf.client.test.DisconfMgrTestCase.demo_output_1590005269,1590006815,1590005933,882
48-no-mods-output,JON_17-nod-modules_r100_t518400_5M_20d_15h_7m_48s_looly.hutool-91565d0=cn.hutool.cron.test.CronTest.matchAllTest_output_1590005269,1590006368,1590005979,389
48-no-mods-output,JON_17-nod-modules_r100_t518400_5M_20d_15h_7m_48s_orbit.orbit-c4904af=cloud.orbit.actors.extensions.test.LengthFieldHandlerTest.randomMessages_output_1590005269,1590007414,1590005988,1426
48-no-mods-output,JON_17-nod-modules_r100_t518400_5M_20d_15h_7m_48s_oryxproject.oryx-72ae4bb=com.cloudera.oryx.common.io.IOUtilsTest.testDistinctFreePorts_output_1590005269,1590009388,1590005872,3516
48-no-mods-output,JON_17-nod-modules_r100_t518400_5M_20d_15h_7m_48s_querydsl.querydsl-2bf234c=com.querydsl.hibernate.search.SearchQueryTest.count_output_1590005269,1590007295,1590005924,1371
48-no-mods-output,JON_17-nod-modules_r100_t518400_5M_20d_15h_7m_48s_square.retrofit-ae28c3d=retrofit2.CallTest.cancelOkHttpRequest_output_1590005269,1590006976,1590005894,1082
48-no-mods-output,JON_17-nod-modules_r100_t518400_5M_20d_15h_7m_48s_tootallnate.java-websocket-fa3909c=org.java_websocket.issues.Issue256Test.runReconnectBlockingScenario0_output_1590005269,1590007287,1590005886,1401
48-no-mods-output,JON_17-nod-modules_r100_t518400_5M_20d_15h_7m_48s_wro4j.wro4j-185ab60=ro.isdc.wro.extensions.processor.TestBourbonCssProcessor.shouldBeThreadSafe_output_1590005269,1590012966,1590006014,6952
48-no-mods-output,JON_17-nod-modules_r100_t518400_5M_20d_16h_2m_50s_apache.hbase-801fc05=org.apache.hadoop.hbase.procedure2.TestProcedureSkipPersistence.test_output_1590008571,1590025180,1590008807,16373
48-no-mods-output,JON_17-nod-modules_r100_t518400_5M_20d_16h_2m_50s_apache.incubator-dubbo-737f7a7=org.apache.dubbo.remoting.exchange.support.header.HeartbeatHandlerTest.testHeartbeat_output_1590008571,1590013796,1590008816,4980
48-no-mods-output,JON_17-nod-modules_r100_t518400_5M_20d_16h_2m_50s_apache.incubator-dubbo-737f7a7=org.apache.dubbo.rpc.protocol.dubbo.DubboLazyConnectTest.testSticky1_output_1590008571,1590032763,1590008799,23964
48-no-mods-output,JON_17-nod-modules_r100_t518400_5M_20d_16h_2m_50s_apache.incubator-dubbo-737f7a7=org.apache.dubbo.rpc.protocol.http.HttpProtocolTest.testGenericInvokeWithNativeJava_output_1590008571,1590009859,1590008819,1040
48-no-mods-output,JON_17-nod-modules_r100_t518400_5M_20d_16h_2m_50s_elasticjob.elastic-job-lite-b022898=io.elasticjob.lite.event.rdb.JobEventRdbSearchTest.assertFindJobExecutionEventsWithTime_output_1590008571,1590012254,1590008807,3447
48-no-mods-output,JON_17-nod-modules_r100_t518400_5M_20d_16h_2m_50s_elasticjob.elastic-job-lite-b022898=io.elasticjob.lite.lifecycle.api.JobAPIFactoryTest.assertCreateJobStatisticsAPI_output_1590008571,1590009756,1590008819,937
48-no-mods-output,JON_17-nod-modules_r100_t518400_5M_20d_16h_2m_50s_knightliao.disconf-2ac5c82=com.baidu.disconf.client.test.DisconfMgrTestCase.demo_output_1590008571,1590009609,1590008840,769
48-no-mods-output,JON_17-nod-modules_r100_t518400_5M_20d_16h_2m_50s_looly.hutool-91565d0=cn.hutool.cron.test.CronTest.matchAllTest_output_1590008571,1590009265,1590008828,437
48-no-mods-output,JON_17-nod-modules_r100_t518400_5M_20d_16h_2m_50s_orbit.orbit-c4904af=cloud.orbit.actors.extensions.test.LengthFieldHandlerTest.randomMessages_output_1590008571,1590010418,1590008842,1576
48-no-mods-output,JON_17-nod-modules_r100_t518400_5M_20d_16h_2m_50s_oryxproject.oryx-72ae4bb=com.cloudera.oryx.common.io.IOUtilsTest.testDistinctFreePorts_output_1590008571,1590012247,1590008789,3458
48-no-mods-output,JON_17-nod-modules_r100_t518400_5M_20d_16h_2m_50s_querydsl.querydsl-2bf234c=com.querydsl.hibernate.search.SearchQueryTest.count_output_1590008571,1590010249,1590008845,1404
48-no-mods-output,JON_17-nod-modules_r100_t518400_5M_20d_16h_2m_50s_square.retrofit-ae28c3d=retrofit2.CallTest.cancelOkHttpRequest_output_1590008571,1590009827,1590008845,982
48-no-mods-output,JON_17-nod-modules_r100_t518400_5M_20d_16h_2m_50s_tootallnate.java-websocket-fa3909c=org.java_websocket.issues.Issue256Test.runReconnectBlockingScenario0_output_1590008571,1590010385,1590008796,1589
48-no-mods-output,JON_17-nod-modules_r100_t518400_5M_20d_16h_2m_50s_undertow-io.undertow-d0efffa=io.undertow.websockets.jsr.test.JsrWebSocketServer07Test.testErrorHandling_output_1590008571,1590012500,1590008816,3684
48-no-mods-output,JON_17-nod-modules_r100_t518400_5M_20d_16h_2m_50s_wro4j.wro4j-185ab60=ro.isdc.wro.extensions.processor.TestBourbonCssProcessor.shouldBeThreadSafe_output_1590008571,1590016178,1590008845,7333
surefire-rand-ali-retro-output,JON_ali-retro-no-mod_r100_t518400_5M_30d_11h_35m_47s_alibaba.fastjson-e05e9c5=com.alibaba.json.bvt.bug.Issue_717.test_for_issue_output_1590856548,1590882743,1590856789,25954
surefire-rand-ali-retro-output,JON_ali-retro-no-mod_r100_t518400_5M_30d_11h_35m_47s_square.retrofit-ae28c3d=retrofit2.adapter.rxjava.CancelDisposeTest.cancelDoesNotDispose_output_1590856548,1590857606,1590856767,839
surefire-rand-ali-retro-output,JON_ali-retro-no-mod_r100_t518400_5M_30d_11h_44m_54s_alibaba.fastjson-e05e9c5=com.alibaba.json.bvt.bug.Issue_717.test_for_issue_output_1590857095,1590884279,1590857334,26945
surefire-rand-ali-retro-output,JON_ali-retro-no-mod_r100_t518400_5M_30d_11h_44m_54s_square.retrofit-ae28c3d=retrofit2.adapter.rxjava.CancelDisposeTest.cancelDoesNotDispose_output_1590857095,1590858134,1590857349,785
surefire-rand-ali-retro-output,JON_ali-retro-no-mod_r100_t518400_5M_30d_11h_49m_54s_alibaba.fastjson-e05e9c5=com.alibaba.json.bvt.bug.Issue_717.test_for_issue_output_1590857395,1590882839,1590857641,25198
surefire-rand-ali-retro-output,JON_ali-retro-no-mod_r100_t518400_5M_30d_11h_49m_54s_square.retrofit-ae28c3d=retrofit2.adapter.rxjava.CancelDisposeTest.cancelDoesNotDispose_output_1590857395,1590858450,1590857624,826
surefire-rand-ali-retro-output,JON_ali-retro-no-mod_r100_t518400_5M_30d_11h_54m_54s_alibaba.fastjson-e05e9c5=com.alibaba.json.bvt.bug.Issue_717.test_for_issue_output_1590857695,1590882912,1590857911,25001
surefire-rand-ali-retro-output,JON_ali-retro-no-mod_r100_t518400_5M_30d_11h_54m_54s_square.retrofit-ae28c3d=retrofit2.adapter.rxjava.CancelDisposeTest.cancelDoesNotDispose_output_1590857695,1590858739,1590857940,799
surefire-rand-ali-retro-output,JON_ali-retro-no-mod_r100_t518400_5M_30d_11h_59m_54s_alibaba.fastjson-e05e9c5=com.alibaba.json.bvt.bug.Issue_717.test_for_issue_output_1590857995,1590883193,1590858828,24365
surefire-rand-ali-retro-output,JON_ali-retro-no-mod_r100_t518400_5M_30d_11h_59m_54s_square.retrofit-ae28c3d=retrofit2.adapter.rxjava.CancelDisposeTest.cancelDoesNotDispose_output_1590857995,1590859366,1590858567,799
surefire-rand-ali-retro-output,JON_ali-retro-no-mod_r100_t518400_5M_30d_12h_14m_54s_alibaba.fastjson-e05e9c5=com.alibaba.json.bvt.bug.Issue_717.test_for_issue_output_1590858895,1590884709,1590859144,25565
surefire-rand-ali-retro-output,JON_ali-retro-no-mod_r100_t518400_5M_30d_12h_14m_54s_square.retrofit-ae28c3d=retrofit2.adapter.rxjava.CancelDisposeTest.cancelDoesNotDispose_output_1590858895,1590859870,1590859139,731
surefire-rand-ali-retro-output,JON_ali-retro-no-mod_r100_t518400_5M_30d_12h_19m_54s_alibaba.fastjson-e05e9c5=com.alibaba.json.bvt.bug.Issue_717.test_for_issue_output_1590859195,1590885498,1590859467,26031
surefire-rand-ali-retro-output,JON_ali-retro-no-mod_r100_t518400_5M_30d_12h_19m_54s_square.retrofit-ae28c3d=retrofit2.adapter.rxjava.CancelDisposeTest.cancelDoesNotDispose_output_1590859195,1590860249,1590859455,794
surefire-rand-ali-retro-output,JON_ali-retro-no-mod_r100_t518400_5M_30d_12h_24m_54s_alibaba.fastjson-e05e9c5=com.alibaba.json.bvt.bug.Issue_717.test_for_issue_output_1590859495,1590887535,1590859800,27735
surefire-rand-ali-retro-output,JON_ali-retro-no-mod_r100_t518400_5M_30d_12h_24m_54s_square.retrofit-ae28c3d=retrofit2.adapter.rxjava.CancelDisposeTest.cancelDoesNotDispose_output_1590859495,1590860531,1590859723,808
surefire-rand-ali-retro-output,JON_ali-retro-no-mod_r100_t518400_5M_30d_12h_29m_54s_alibaba.fastjson-e05e9c5=com.alibaba.json.bvt.bug.Issue_717.test_for_issue_output_1590859795,1590885435,1590860004,25431
surefire-rand-ali-retro-output,JON_ali-retro-no-mod_r100_t518400_5M_30d_12h_29m_54s_square.retrofit-ae28c3d=retrofit2.adapter.rxjava.CancelDisposeTest.cancelDoesNotDispose_output_1590859795,1590860827,1590860022,805
surefire-rand-ali-retro-output,JON_ali-retro-no-mod_r100_t518400_5M_30d_12h_34m_54s_alibaba.fastjson-e05e9c5=com.alibaba.json.bvt.bug.Issue_717.test_for_issue_output_1590860095,1590883424,1590860307,23117
surefire-rand-ali-retro-output,JON_ali-retro-no-mod_r100_t518400_5M_30d_12h_34m_54s_square.retrofit-ae28c3d=retrofit2.adapter.rxjava.CancelDisposeTest.cancelDoesNotDispose_output_1590860095,1590861110,1590860307,803
surefire-rand-ali-retro-output,JON_ali-retro-no-mod_r100_t518400_5M_30d_12h_39m_54s_alibaba.fastjson-e05e9c5=com.alibaba.json.bvt.bug.Issue_717.test_for_issue_output_1590860395,1590886793,1590860683,26110
surefire-rand-ali-retro-output,JON_ali-retro-no-mod_r100_t518400_5M_30d_12h_39m_54s_square.retrofit-ae28c3d=retrofit2.adapter.rxjava.CancelDisposeTest.cancelDoesNotDispose_output_1590860395,1590861465,1590860645,820
surefire-rand-ali-retro-output,JON_ali-retro-no-mod_r100_t518400_5M_30d_12h_44m_54s_alibaba.fastjson-e05e9c5=com.alibaba.json.bvt.bug.Issue_717.test_for_issue_output_1590860695,1590885870,1590860929,24941
surefire-rand-ali-retro-output,JON_ali-retro-no-mod_r100_t518400_5M_30d_12h_44m_54s_square.retrofit-ae28c3d=retrofit2.adapter.rxjava.CancelDisposeTest.cancelDoesNotDispose_output_1590860695,1590861667,1590860918,749
surefire-rand-ali-retro-output,JON_ali-retro-no-mod_r100_t518400_5M_30d_12h_49m_54s_alibaba.fastjson-e05e9c5=com.alibaba.json.bvt.bug.Issue_717.test_for_issue_output_1590860995,1590887545,1590861266,26279
surefire-rand-ali-retro-output,JON_ali-retro-no-mod_r100_t518400_5M_30d_12h_49m_54s_square.retrofit-ae28c3d=retrofit2.adapter.rxjava.CancelDisposeTest.cancelDoesNotDispose_output_1590860995,1590861992,1590861230,762
surefire-rand-ali-retro-output,JON_ali-retro-no-mod_r100_t518400_5M_30d_12h_4m_54s_alibaba.fastjson-e05e9c5=com.alibaba.json.bvt.bug.Issue_717.test_for_issue_output_1590858295,1590886571,1590858620,27951
surefire-rand-ali-retro-output,JON_ali-retro-no-mod_r100_t518400_5M_30d_12h_4m_54s_square.retrofit-ae28c3d=retrofit2.adapter.rxjava.CancelDisposeTest.cancelDoesNotDispose_output_1590858295,1590859359,1590858559,800
surefire-rand-ali-retro-output,JON_ali-retro-no-mod_r100_t518400_5M_30d_12h_54m_54s_alibaba.fastjson-e05e9c5=com.alibaba.json.bvt.bug.Issue_717.test_for_issue_output_1590861295,1590889364,1590861544,27820
surefire-rand-ali-retro-output,JON_ali-retro-no-mod_r100_t518400_5M_30d_12h_54m_54s_square.retrofit-ae28c3d=retrofit2.adapter.rxjava.CancelDisposeTest.cancelDoesNotDispose_output_1590861295,1590862396,1590861544,852
surefire-rand-ali-retro-output,JON_ali-retro-no-mod_r100_t518400_5M_30d_12h_59m_54s_alibaba.fastjson-e05e9c5=com.alibaba.json.bvt.bug.Issue_717.test_for_issue_output_1590861595,1590889972,1590861857,28115
surefire-rand-ali-retro-output,JON_ali-retro-no-mod_r100_t518400_5M_30d_12h_59m_54s_square.retrofit-ae28c3d=retrofit2.adapter.rxjava.CancelDisposeTest.cancelDoesNotDispose_output_1590861595,1590862658,1590861854,804
surefire-rand-ali-retro-output,JON_ali-retro-no-mod_r100_t518400_5M_30d_12h_9m_54s_alibaba.fastjson-e05e9c5=com.alibaba.json.bvt.bug.Issue_717.test_for_issue_output_1590858596,1590884734,1590858845,25889
surefire-rand-ali-retro-output,JON_ali-retro-no-mod_r100_t518400_5M_30d_12h_9m_54s_square.retrofit-ae28c3d=retrofit2.adapter.rxjava.CancelDisposeTest.cancelDoesNotDispose_output_1590858596,1590859620,1590858836,784
surefire-rand-ali-retro-output,JON_ali-retro-no-mod_r100_t518400_5M_30d_13h_14m_54s_alibaba.fastjson-e05e9c5=com.alibaba.json.bvt.bug.Issue_717.test_for_issue_output_1590862495,1590886241,1590862764,23477
surefire-rand-ali-retro-output,JON_ali-retro-no-mod_r100_t518400_5M_30d_13h_14m_54s_square.retrofit-ae28c3d=retrofit2.adapter.rxjava.CancelDisposeTest.cancelDoesNotDispose_output_1590862495,1590863520,1590862745,775
surefire-rand-ali-retro-output,JON_ali-retro-no-mod_r100_t518400_5M_30d_13h_4m_54s_alibaba.fastjson-e05e9c5=com.alibaba.json.bvt.bug.Issue_717.test_for_issue_output_1590861895,1590890960,1590862154,28806
surefire-rand-ali-retro-output,JON_ali-retro-no-mod_r100_t518400_5M_30d_13h_4m_54s_square.retrofit-ae28c3d=retrofit2.adapter.rxjava.CancelDisposeTest.cancelDoesNotDispose_output_1590861895,1590862823,1590862147,676
surefire-rand-ali-retro-output,JON_ali-retro-no-mod_r100_t518400_5M_30d_13h_9m_54s_alibaba.fastjson-e05e9c5=com.alibaba.json.bvt.bug.Issue_717.test_for_issue_output_1590862195,1590885159,1590862459,22700
surefire-rand-ali-retro-output,JON_ali-retro-no-mod_r100_t518400_5M_30d_13h_9m_54s_square.retrofit-ae28c3d=retrofit2.adapter.rxjava.CancelDisposeTest.cancelDoesNotDispose_output_1590862195,1590863203,1590862402,801
surefire-rand-ali-retro-output,JON_1-fromage-rand-surefire_r100_t518400_5M_31d_1h_40m_38s_fromage.redpipe-0aff891=net.redpipe.templating.freemarker.ApiTest.checkMail_output_1590907239,1590908137,1590907484,653
surefire-rand-ali-retro-output,JON_1-fromage-rand-surefire_r100_t518400_5M_31d_1h_41m_36s_fromage.redpipe-0aff891=net.redpipe.templating.freemarker.ApiTest.checkMail_output_1590907298,1590908201,1590907536,665
surefire-rand-ali-retro-output,JON_1-fromage-rand-surefire_r100_t518400_5M_31d_1h_42m_36s_fromage.redpipe-0aff891=net.redpipe.templating.freemarker.ApiTest.checkMail_output_1590907358,1590908217,1590907575,642
surefire-rand-ali-retro-output,JON_1-fromage-rand-surefire_r100_t518400_5M_31d_1h_43m_36s_fromage.redpipe-0aff891=net.redpipe.templating.freemarker.ApiTest.checkMail_output_1590907417,1590908310,1590907658,652
surefire-rand-ali-retro-output,JON_1-fromage-rand-surefire_r100_t518400_5M_31d_1h_44m_36s_fromage.redpipe-0aff891=net.redpipe.templating.freemarker.ApiTest.checkMail_output_1590907477,1590908373,1590907744,629
surefire-rand-ali-retro-output,JON_1-fromage-rand-surefire_r100_t518400_5M_31d_1h_45m_36s_fromage.redpipe-0aff891=net.redpipe.templating.freemarker.ApiTest.checkMail_output_1590907537,1590908408,1590907733,675
surefire-rand-ali-retro-output,JON_1-fromage-rand-surefire_r100_t518400_5M_31d_1h_46m_36s_fromage.redpipe-0aff891=net.redpipe.templating.freemarker.ApiTest.checkMail_output_1590907597,1590908534,1590907804,730
surefire-rand-ali-retro-output,JON_1-fromage-rand-surefire_r100_t518400_5M_31d_1h_47m_36s_fromage.redpipe-0aff891=net.redpipe.templating.freemarker.ApiTest.checkMail_output_1590907657,1590908551,1590907879,672
surefire-rand-ali-retro-output,JON_1-fromage-rand-surefire_r100_t518400_5M_31d_1h_48m_36s_fromage.redpipe-0aff891=net.redpipe.templating.freemarker.ApiTest.checkMail_output_1590907717,1590908698,1590907989,709
surefire-rand-ali-retro-output,JON_1-fromage-rand-surefire_r100_t518400_5M_31d_1h_49m_36s_fromage.redpipe-0aff891=net.redpipe.templating.freemarker.ApiTest.checkMail_output_1590907777,1590908675,1590908000,675
surefire-rand-ali-retro-output,JON_1-fromage-rand-surefire_r100_t518400_5M_31d_1h_50m_36s_fromage.redpipe-0aff891=net.redpipe.templating.freemarker.ApiTest.checkMail_output_1590907837,1590908749,1590908117,632
surefire-rand-ali-retro-output,JON_1-fromage-rand-surefire_r100_t518400_5M_31d_1h_51m_36s_fromage.redpipe-0aff891=net.redpipe.templating.freemarker.ApiTest.checkMail_output_1590907900,1590908807,1590908134,673
surefire-rand-ali-retro-output,JON_1-fromage-rand-surefire_r100_t518400_5M_31d_1h_52m_36s_fromage.redpipe-0aff891=net.redpipe.templating.freemarker.ApiTest.checkMail_output_1590907957,1590908873,1590908224,649
surefire-rand-ali-retro-output,JON_1-fromage-rand-surefire_r100_t518400_5M_31d_1h_53m_36s_fromage.redpipe-0aff891=net.redpipe.templating.freemarker.ApiTest.checkMail_output_1590908017,1590908895,1590908261,634
surefire-rand-ali-retro-output,JON_1-fromage-rand-surefire_r100_t518400_5M_31d_1h_54m_36s_fromage.redpipe-0aff891=net.redpipe.templating.freemarker.ApiTest.checkMail_output_1590908077,1590908980,1590908309,671
surefire-rand-ali-retro-output,JON_1-fromage-rand-surefire_r100_t518400_5M_31d_1h_55m_36s_fromage.redpipe-0aff891=net.redpipe.templating.freemarker.ApiTest.checkMail_output_1590908137,1590909077,1590908348,729
surefire-rand-ali-retro-output,JON_1-fromage-rand-surefire_r100_t518400_5M_31d_1h_56m_36s_fromage.redpipe-0aff891=net.redpipe.templating.freemarker.ApiTest.checkMail_output_1590908198,1590909202,1590908541,661
surefire-rand-ali-retro-output,JON_1-fromage-rand-surefire_r100_t518400_5M_31d_1h_57m_36s_fromage.redpipe-0aff891=net.redpipe.templating.freemarker.ApiTest.checkMail_output_1590908257,1590909177,1590908454,723
surefire-rand-ali-retro-output,JON_1-fromage-rand-surefire_r100_t518400_5M_31d_1h_58m_36s_fromage.redpipe-0aff891=net.redpipe.templating.freemarker.ApiTest.checkMail_output_1590908317,1590909266,1590908544,722
surefire-rand-ali-retro-output,JON_1-fromage-rand-surefire_r100_t518400_5M_31d_1h_59m_36s_fromage.redpipe-0aff891=net.redpipe.templating.freemarker.ApiTest.checkMail_output_1590908377,1590909310,1590908618,692
surefire-batch-sorted-pom-output,JON_50-no-mods-input_r100_t518400_5M_28d_22h_55m_29s_alibaba.fastjson-e05e9c5=com.alibaba.json.bvt.bug.Issue_717.test_for_issue_output_1590724531,1590749273,1590724966,24307
surefire-batch-sorted-pom-output,JON_50-no-mods-input_r100_t518400_5M_28d_22h_55m_29s_apache.hbase-801fc05=org.apache.hadoop.hbase.procedure2.TestProcedureSkipPersistence.test_output_1590724531,1590741362,1590724913,16449
surefire-batch-sorted-pom-output,JON_50-no-mods-input_r100_t518400_5M_28d_22h_55m_29s_apache.incubator-dubbo-737f7a7=org.apache.dubbo.remoting.exchange.support.header.HeartbeatHandlerTest.testHeartbeat_output_1590724531,1590730087,1590724888,5199
surefire-batch-sorted-pom-output,JON_50-no-mods-input_r100_t518400_5M_28d_22h_55m_29s_apache.incubator-dubbo-737f7a7=org.apache.dubbo.rpc.protocol.dubbo.DubboLazyConnectTest.testSticky1_output_1590724531,1590740544,1590724925,15619
surefire-batch-sorted-pom-output,JON_50-no-mods-input_r100_t518400_5M_28d_22h_55m_29s_apache.incubator-dubbo-737f7a7=org.apache.dubbo.rpc.protocol.http.HttpProtocolTest.testGenericInvokeWithNativeJava_output_1590724531,1590725948,1590724927,1021
surefire-batch-sorted-pom-output,JON_50-no-mods-input_r100_t518400_5M_28d_22h_55m_29s_apereo.java-cas-client-574b74f=org.jasig.cas.client.validation.AssertionImplTests.testAssertionValidity_output_1590724531,1590725756,1590724851,905
surefire-batch-sorted-pom-output,JON_50-no-mods-input_r100_t518400_5M_28d_22h_55m_29s_c2mon.c2mon-d80687b=cern.c2mon.daq.filter.dynamic.DiffTimeDeadbandActivatorTest.testNoActivationOnFirstRecord_output_1590724531,1590726331,1590724862,1469
surefire-batch-sorted-pom-output,JON_50-no-mods-input_r100_t518400_5M_28d_22h_55m_29s_c2mon.c2mon-d80687b=cern.c2mon.server.common.republisher.RepublisherImplTest.testMultipleExceptions_output_1590724531,1590725898,1590724865,1033
surefire-batch-sorted-pom-output,JON_50-no-mods-input_r100_t518400_5M_28d_22h_55m_29s_cescoffier.vertx-completable-future-011d3cd=me.escoffier.vertx.completablefuture.VertxCompletableFutureTest.testAcceptEitherAsyncWithExecutor_output_1590724531,1590728164,1590724933,3231
surefire-batch-sorted-pom-output,JON_50-no-mods-input_r100_t518400_5M_28d_22h_55m_29s_codingchili.excelastic-6bb7884=com.codingchili.TestWriter.shouldWriteToElasticPort_output_1590724531,1590725563,1590724865,698
surefire-batch-sorted-pom-output,JON_50-no-mods-input_r100_t518400_5M_28d_22h_55m_29s_davidmoten.rxjava2-extras-d0315b6=com.github.davidmoten.rx2.SpecializedMspcLinkedQueueTest.testPushPoll_output_1590724531,1590731259,1590724865,6394
surefire-batch-sorted-pom-output,JON_50-no-mods-input_r100_t518400_5M_28d_22h_55m_29s_eclipse-ee4j.tyrus-d86e0cb=org.glassfish.tyrus.test.e2e.non_deployable.ServerExecutorsManagementTest.testExecutorServicesGetClosed_output_1590724531,1590726330,1590724865,1465
surefire-batch-sorted-pom-output,JON_50-no-mods-input_r100_t518400_5M_28d_22h_55m_29s_elasticjob.elastic-job-lite-b022898=io.elasticjob.lite.event.rdb.JobEventRdbSearchTest.assertFindJobExecutionEventsWithTime_output_1590724531,1590728428,1590724927,3501
surefire-batch-sorted-pom-output,JON_50-no-mods-input_r100_t518400_5M_28d_22h_55m_29s_elasticjob.elastic-job-lite-b022898=io.elasticjob.lite.lifecycle.api.JobAPIFactoryTest.assertCreateJobStatisticsAPI_output_1590724531,1590725924,1590724927,997
surefire-batch-sorted-pom-output,JON_50-no-mods-input_r100_t518400_5M_28d_22h_55m_29s_espertechinc.esper-590fa9c=com.espertech.esper.example.rfidassetzone.TestLRMovingSimMain.testSim_output_1590724531,1590726169,1590724865,1304
surefire-batch-sorted-pom-output,JON_50-no-mods-input_r100_t518400_5M_28d_22h_55m_29s_feroult.yawp-b3bcf9c=io.yawp.testing.appengine.pipes.flow.FlowDropsTest.testFlowDropsToSameSink_output_1590724531,1590725624,1590724865,759
surefire-batch-sorted-pom-output,JON_50-no-mods-input_r100_t518400_5M_28d_22h_55m_29s_flaxsearch.luwak-c27ec08=uk.co.flax.luwak.matchers.TestParallelMatcher.testParallelSlowLog_output_1590724531,1590726766,1590724868,1898
surefire-batch-sorted-pom-output,JON_50-no-mods-input_r100_t518400_5M_28d_22h_55m_29s_fluent.fluent-logger-java-da14ec3=org.fluentd.logger.TestFluentLogger.testReconnection_output_1590724531,1590728762,1590724868,3894
surefire-batch-sorted-pom-output,JON_50-no-mods-input_r100_t518400_5M_28d_22h_55m_29s_fromage.redpipe-0aff891=net.redpipe.discovery.DiscoveryTest.checkWebClient_output_1590724531,1590725469,1590724868,601
surefire-batch-sorted-pom-output,JON_50-no-mods-input_r100_t518400_5M_28d_22h_55m_29s_fromage.redpipe-0aff891=net.redpipe.engine.swagger.SwaggerApiTest.checkSwagger_output_1590724531,1590726860,1590724871,1989
surefire-batch-sorted-pom-output,JON_50-no-mods-input_r100_t518400_5M_28d_22h_55m_29s_fromage.redpipe-0aff891=net.redpipe.templating.freemarker.ApiTest.checkMail_output_1590724531,1590725593,1590724873,720
surefire-batch-sorted-pom-output,JON_50-no-mods-input_r100_t518400_5M_28d_22h_55m_29s_looly.hutool-91565d0=cn.hutool.cron.test.CronTest.matchAllTest_output_1590724531,1590725335,1590724950,385
surefire-batch-sorted-pom-output,JON_50-no-mods-input_r100_t518400_5M_28d_22h_55m_29s_javadelight.delight-nashorn-sandbox-da35edc=delight.nashornsandbox.TestGetFunction.test_output_1590724531,1590727893,1590724873,3020
surefire-batch-sorted-pom-output,JON_50-no-mods-input_r100_t518400_5M_28d_22h_55m_29s_kagkarlsson.db-scheduler-4a8a28e=com.github.kagkarlsson.scheduler.SchedulerTest.scheduler_should_execute_rescheduled_task_when_exactly_due_output_1590724531,1590726626,1590724873,1753
surefire-batch-sorted-pom-output,JON_50-no-mods-input_r100_t518400_5M_28d_22h_55m_29s_knightliao.disconf-2ac5c82=com.baidu.disconf.client.test.DisconfMgrTestCase.demo_output_1590724531,1590725603,1590724927,676
surefire-batch-sorted-pom-output,JON_50-no-mods-input_r100_t518400_5M_28d_22h_55m_29s_lcw2004.one-7b9b249=com.lcw.one.main.EmailServiceTest.sendEmailList_output_1590724531,1590725819,1590724873,946
surefire-batch-sorted-pom-output,JON_50-no-mods-input_r100_t518400_5M_28d_22h_55m_29s_marcosbarbero.spring-cloud-zuul-ratelimit-ae9603f=com.marcosbarbero.tests.it.Bucket4jInfinispanApplicationTestIT.testExceedingQuotaCapacityRequest_output_1590724531,1590725370,1590724933,437
surefire-batch-sorted-pom-output,JON_50-no-mods-input_r100_t518400_5M_28d_22h_55m_29s_nationalsecurityagency.timely-3a8cbd3=timely.store.iterators.TimeSeriesGroupingIteratorTest.testMultipleTimeSeriesMovingAverage_output_1590724531,1590727364,1590724768,2596
surefire-batch-sorted-pom-output,JON_50-no-mods-input_r100_t518400_5M_28d_22h_55m_29s_odrotbohm.sos-d4ed68a=example.sos.modulith.orders.EmailNotificationTest.completingAnOrderUpdatesInventory_output_1590724531,1590725968,1590724834,1134
surefire-batch-sorted-pom-output,JON_50-no-mods-input_r100_t518400_5M_28d_22h_55m_29s_oracle.oci-java-sdk-2e9982f=com.oracle.bmc.objectstorage.transfer.ProgressTrackerTest.multipartUploadProgressTrackerFactory_simulateRealLifeScenario_output_1590724531,1590727260,1590724837,2423
surefire-batch-sorted-pom-output,JON_50-no-mods-input_r100_t518400_5M_28d_22h_55m_29s_orbit.orbit-c4904af=cloud.orbit.actors.extensions.test.LengthFieldHandlerTest.randomMessages_output_1590724531,1590726328,1590724929,1399
surefire-batch-sorted-pom-output,JON_50-no-mods-input_r100_t518400_5M_28d_22h_55m_29s_oryxproject.oryx-72ae4bb=com.cloudera.oryx.common.io.IOUtilsTest.testDistinctFreePorts_output_1590724531,1590728464,1590724933,3531
surefire-batch-sorted-pom-output,JON_50-no-mods-input_r100_t518400_5M_28d_22h_55m_29s_outbrain.aletheia-024a4b7=com.outbrain.aletheia.DatumAuditorStressTest.test_breadcrumbDispatcher_under_load_output_1590724531,1590725775,1590724862,913
surefire-batch-sorted-pom-output,JON_50-no-mods-input_r100_t518400_5M_28d_22h_55m_29s_pippo-java.pippo-ae898b6=ro.pippo.session.jedis.JedisSessionDataStorageTest.testDelete_output_1590724531,1590725428,1590724857,571
surefire-batch-sorted-pom-output,JON_50-no-mods-input_r100_t518400_5M_28d_22h_55m_29s_pippo-java.pippo-ae898b6=ro.pippo.session.mongodb.MongoDBSessionDataStorageTest.testCreate_output_1590724531,1590725245,1590724834,411
surefire-batch-sorted-pom-output,JON_50-no-mods-input_r100_t518400_5M_28d_22h_55m_29s_ppiastucki.recast4j-01d478e=org.recast4j.detour.tilecache.TileCacheTest.testPerformance_output_1590724531,1590727922,1590724837,3085
surefire-batch-sorted-pom-output,JON_50-no-mods-input_r100_t518400_5M_28d_22h_55m_29s_querydsl.querydsl-2bf234c=com.querydsl.hibernate.search.SearchQueryTest.count_output_1590724531,1590726320,1590724944,1376
surefire-batch-sorted-pom-output,JON_50-no-mods-input_r100_t518400_5M_28d_22h_55m_29s_spinn3r.noxy-d53a494=com.spinn3r.noxy.discovery.zookeeper.ZKTest.testBulkClusterJoining_output_1590724531,1590730117,1590724862,5255
surefire-batch-sorted-pom-output,JON_50-no-mods-input_r100_t518400_5M_28d_22h_55m_29s_square.retrofit-ae28c3d=retrofit2.adapter.rxjava.CancelDisposeTest.cancelDoesNotDispose_output_1590724531,1590725694,1590724929,765
surefire-batch-sorted-pom-output,JON_50-no-mods-input_r100_t518400_5M_28d_22h_55m_29s_square.retrofit-ae28c3d=retrofit2.CallTest.cancelOkHttpRequest_output_1590724531,1590726055,1590724953,1102
surefire-batch-sorted-pom-output,JON_50-no-mods-input_r100_t518400_5M_28d_22h_55m_29s_tootallnate.java-websocket-fa3909c=org.java_websocket.issues.Issue256Test.runReconnectBlockingScenario0_output_1590724531,1590726447,1590724930,1517
surefire-batch-sorted-pom-output,JON_50-no-mods-input_r100_t518400_5M_28d_22h_55m_29s_vert-x3.vertx-rabbitmq-client-7305bcd=io.vertx.rabbitmq.RabbitMQClientReconnectTest.testReconnect_output_1590724531,1590726195,1590724845,1350
surefire-batch-sorted-pom-output,JON_50-no-mods-input_r100_t518400_5M_28d_22h_55m_29s_vmware.admiral-e4b0293=com.vmware.admiral.adapter.registry.service.RegistryAdapterServiceProxyTest.testInitWithProxyWithList_output_1590724531,1590729063,1590724857,4206
surefire-batch-sorted-pom-output,JON_50-no-mods-input_r100_t518400_5M_28d_22h_55m_29s_wro4j.wro4j-185ab60=ro.isdc.wro.extensions.processor.TestBourbonCssProcessor.shouldBeThreadSafe_output_1590724531,1590731504,1590724930,6574
surefire-batch-sorted-pom-output,JON_50-no-mods-input_r100_t518400_5M_28d_22h_55m_29s_wso2.carbon-apimgt-a82213e=org.wso2.carbon.apimgt.throttling.siddhi.extension.ThrottleTimeBatchWindowTestCase.throttleTimeWindowBatchTest1_output_1590724531,1590728213,1590724854,3359
surefire-batch-sorted-pom-output,JON_50-no-mods-input_r100_t518400_5M_28d_22h_55m_29s_zalando.riptide-8277e11=org.zalando.riptide.backup.BackupRequestPluginTest.shouldUseBackupRequest_output_1590724531,1590727584,1590724840,2744
surefire-batch-sorted-pom-output,JON_50-no-mods-input_r100_t518400_5M_28d_22h_55m_29s_zalando.riptide-8277e11=org.zalando.riptide.failsafe.RetryAfterDelayFunctionTest.shouldRetryOnDemandWithDynamicDelay_output_1590724531,1590727991,1590724859,3132
surefire-batch-sorted-pom-output,JON_50-no-mods-input_r100_t518400_5M_28d_23h_14m_20s_alibaba.fastjson-e05e9c5=com.alibaba.json.bvt.bug.Issue_717.test_for_issue_output_1590725662,1590751962,1590725944,26018
surefire-batch-sorted-pom-output,JON_50-no-mods-input_r100_t518400_5M_28d_23h_14m_20s_apache.hbase-801fc05=org.apache.hadoop.hbase.procedure2.TestProcedureSkipPersistence.test_output_1590725662,1590741988,1590725936,16052
surefire-batch-sorted-pom-output,JON_50-no-mods-input_r100_t518400_5M_28d_23h_14m_20s_apache.incubator-dubbo-737f7a7=org.apache.dubbo.remoting.exchange.support.header.HeartbeatHandlerTest.testHeartbeat_output_1590725662,1590731047,1590725936,5111
surefire-batch-sorted-pom-output,JON_50-no-mods-input_r100_t518400_5M_28d_23h_14m_20s_apache.incubator-dubbo-737f7a7=org.apache.dubbo.rpc.protocol.dubbo.DubboLazyConnectTest.testSticky1_output_1590725662,1590741791,1590725936,15855
surefire-batch-sorted-pom-output,JON_50-no-mods-input_r100_t518400_5M_28d_23h_14m_20s_apache.incubator-dubbo-737f7a7=org.apache.dubbo.rpc.protocol.http.HttpProtocolTest.testGenericInvokeWithNativeJava_output_1590725662,1590726994,1590725950,1044
surefire-batch-sorted-pom-output,JON_50-no-mods-input_r100_t518400_5M_28d_23h_14m_20s_apereo.java-cas-client-574b74f=org.jasig.cas.client.validation.AssertionImplTests.testAssertionValidity_output_1590725662,1590726849,1590725922,927
surefire-batch-sorted-pom-output,JON_50-no-mods-input_r100_t518400_5M_28d_23h_14m_20s_c2mon.c2mon-d80687b=cern.c2mon.daq.filter.dynamic.DiffTimeDeadbandActivatorTest.testNoActivationOnFirstRecord_output_1590725662,1590727268,1590725920,1348
surefire-batch-sorted-pom-output,JON_50-no-mods-input_r100_t518400_5M_28d_23h_14m_20s_c2mon.c2mon-d80687b=cern.c2mon.server.common.republisher.RepublisherImplTest.testMultipleExceptions_output_1590725662,1590726953,1590725916,1037
surefire-batch-sorted-pom-output,JON_50-no-mods-input_r100_t518400_5M_28d_23h_14m_20s_cescoffier.vertx-completable-future-011d3cd=me.escoffier.vertx.completablefuture.VertxCompletableFutureTest.testAcceptEitherAsyncWithExecutor_output_1590725662,1590729163,1590725922,3241
surefire-batch-sorted-pom-output,JON_50-no-mods-input_r100_t518400_5M_28d_23h_14m_20s_codingchili.excelastic-6bb7884=com.codingchili.TestWriter.shouldWriteToElasticPort_output_1590725662,1590726625,1590725922,703
surefire-batch-sorted-pom-output,JON_50-no-mods-input_r100_t518400_5M_28d_23h_14m_20s_davidmoten.rxjava2-extras-d0315b6=com.github.davidmoten.rx2.SpecializedMspcLinkedQueueTest.testPushPoll_output_1590725662,1590732069,1590725922,6147
surefire-batch-sorted-pom-output,JON_50-no-mods-input_r100_t518400_5M_28d_23h_14m_20s_eclipse-ee4j.tyrus-d86e0cb=org.glassfish.tyrus.test.e2e.non_deployable.ServerExecutorsManagementTest.testExecutorServicesGetClosed_output_1590725662,1590727186,1590725925,1261
surefire-batch-sorted-pom-output,JON_50-no-mods-input_r100_t518400_5M_28d_23h_14m_20s_elasticjob.elastic-job-lite-b022898=io.elasticjob.lite.event.rdb.JobEventRdbSearchTest.assertFindJobExecutionEventsWithTime_output_1590725662,1590729346,1590725936,3410
surefire-batch-sorted-pom-output,JON_50-no-mods-input_r100_t518400_5M_28d_23h_14m_20s_elasticjob.elastic-job-lite-b022898=io.elasticjob.lite.lifecycle.api.JobAPIFactoryTest.assertCreateJobStatisticsAPI_output_1590725662,1590726905,1590725941,964
surefire-batch-sorted-pom-output,JON_50-no-mods-input_r100_t518400_5M_28d_23h_14m_20s_espertechinc.esper-590fa9c=com.espertech.esper.example.rfidassetzone.TestLRMovingSimMain.testSim_output_1590725662,1590727154,1590725911,1243
surefire-batch-sorted-pom-output,JON_50-no-mods-input_r100_t518400_5M_28d_23h_14m_20s_feroult.yawp-b3bcf9c=io.yawp.testing.appengine.pipes.flow.FlowDropsTest.testFlowDropsToSameSink_output_1590725662,1590726712,1590725925,787
surefire-batch-sorted-pom-output,JON_50-no-mods-input_r100_t518400_5M_28d_23h_14m_20s_flaxsearch.luwak-c27ec08=uk.co.flax.luwak.matchers.TestParallelMatcher.testParallelSlowLog_output_1590725662,1590727609,1590725925,1684
surefire-batch-sorted-pom-output,JON_50-no-mods-input_r100_t518400_5M_28d_23h_14m_20s_fluent.fluent-logger-java-da14ec3=org.fluentd.logger.TestFluentLogger.testReconnection_output_1590725662,1590729724,1590725936,3788
surefire-batch-sorted-pom-output,JON_50-no-mods-input_r100_t518400_5M_28d_23h_14m_20s_fromage.redpipe-0aff891=net.redpipe.discovery.DiscoveryTest.checkWebClient_output_1590725662,1590726502,1590725925,577
surefire-batch-sorted-pom-output,JON_50-no-mods-input_r100_t518400_5M_28d_23h_14m_20s_fromage.redpipe-0aff891=net.redpipe.engine.swagger.SwaggerApiTest.checkSwagger_output_1590725662,1590727891,1590725925,1966
surefire-batch-sorted-pom-output,JON_50-no-mods-input_r100_t518400_5M_28d_23h_14m_20s_fromage.redpipe-0aff891=net.redpipe.templating.freemarker.ApiTest.checkMail_output_1590725662,1590726665,1590725933,732
surefire-batch-sorted-pom-output,JON_50-no-mods-input_r100_t518400_5M_28d_23h_14m_20s_javadelight.delight-nashorn-sandbox-da35edc=delight.nashornsandbox.TestGetFunction.test_output_1590725662,1590728625,1590725928,2697
surefire-batch-sorted-pom-output,JON_50-no-mods-input_r100_t518400_5M_28d_23h_14m_20s_kagkarlsson.db-scheduler-4a8a28e=com.github.kagkarlsson.scheduler.SchedulerTest.scheduler_should_execute_rescheduled_task_when_exactly_due_output_1590725662,1590727696,1590725930,1766
surefire-batch-sorted-pom-output,JON_50-no-mods-input_r100_t518400_5M_28d_23h_14m_20s_knightliao.disconf-2ac5c82=com.baidu.disconf.client.test.DisconfMgrTestCase.demo_output_1590725662,1590726759,1590725936,823
surefire-batch-sorted-pom-output,JON_50-no-mods-input_r100_t518400_5M_28d_23h_14m_20s_lcw2004.one-7b9b249=com.lcw.one.main.EmailServiceTest.sendEmailList_output_1590725662,1590726806,1590725936,870
surefire-batch-sorted-pom-output,JON_50-no-mods-input_r100_t518400_5M_28d_23h_14m_20s_looly.hutool-91565d0=cn.hutool.cron.test.CronTest.matchAllTest_output_1590725662,1590726380,1590725938,442
surefire-batch-sorted-pom-output,JON_50-no-mods-input_r100_t518400_5M_28d_23h_14m_20s_marcosbarbero.spring-cloud-zuul-ratelimit-ae9603f=com.marcosbarbero.tests.it.Bucket4jInfinispanApplicationTestIT.testExceedingQuotaCapacityRequest_output_1590725662,1590726389,1590725950,439
surefire-batch-sorted-pom-output,JON_50-no-mods-input_r100_t518400_5M_28d_23h_14m_20s_nationalsecurityagency.timely-3a8cbd3=timely.store.iterators.TimeSeriesGroupingIteratorTest.testMultipleTimeSeriesMovingAverage_output_1590725662,1590728604,1590725883,2721
surefire-batch-sorted-pom-output,JON_50-no-mods-input_r100_t518400_5M_28d_23h_14m_20s_odrotbohm.sos-d4ed68a=example.sos.modulith.orders.EmailNotificationTest.completingAnOrderUpdatesInventory_output_1590725662,1590727105,1590725908,1197
surefire-batch-sorted-pom-output,JON_50-no-mods-input_r100_t518400_5M_28d_23h_14m_20s_oracle.oci-java-sdk-2e9982f=com.oracle.bmc.objectstorage.transfer.ProgressTrackerTest.multipartUploadProgressTrackerFactory_simulateRealLifeScenario_output_1590725662,1590728232,1590725908,2324
surefire-batch-sorted-pom-output,JON_50-no-mods-input_r100_t518400_5M_28d_23h_14m_20s_orbit.orbit-c4904af=cloud.orbit.actors.extensions.test.LengthFieldHandlerTest.randomMessages_output_1590725662,1590727428,1590725936,1492
surefire-batch-sorted-pom-output,JON_50-no-mods-input_r100_t518400_5M_28d_23h_14m_20s_oryxproject.oryx-72ae4bb=com.cloudera.oryx.common.io.IOUtilsTest.testDistinctFreePorts_output_1590725662,1590729552,1590725941,3611
surefire-batch-sorted-pom-output,JON_50-no-mods-input_r100_t518400_5M_28d_23h_14m_20s_outbrain.aletheia-024a4b7=com.outbrain.aletheia.DatumAuditorStressTest.test_breadcrumbDispatcher_under_load_output_1590725662,1590726688,1590725911,777
surefire-batch-sorted-pom-output,JON_50-no-mods-input_r100_t518400_5M_28d_23h_14m_20s_pippo-java.pippo-ae898b6=ro.pippo.session.jedis.JedisSessionDataStorageTest.testDelete_output_1590725662,1590726440,1590725908,532
surefire-batch-sorted-pom-output,JON_50-no-mods-input_r100_t518400_5M_28d_23h_14m_20s_pippo-java.pippo-ae898b6=ro.pippo.session.mongodb.MongoDBSessionDataStorageTest.testCreate_output_1590725662,1590726385,1590725914,471
surefire-batch-sorted-pom-output,JON_50-no-mods-input_r100_t518400_5M_28d_23h_14m_20s_ppiastucki.recast4j-01d478e=org.recast4j.detour.tilecache.TileCacheTest.testPerformance_output_1590725662,1590728465,1590725911,2554
surefire-batch-sorted-pom-output,JON_50-no-mods-input_r100_t518400_5M_28d_23h_14m_20s_querydsl.querydsl-2bf234c=com.querydsl.hibernate.search.SearchQueryTest.count_output_1590725662,1590727369,1590725936,1433
surefire-batch-sorted-pom-output,JON_50-no-mods-input_r100_t518400_5M_28d_23h_14m_20s_spinn3r.noxy-d53a494=com.spinn3r.noxy.discovery.zookeeper.ZKTest.testBulkClusterJoining_output_1590725662,1590732106,1590725914,6192
surefire-batch-sorted-pom-output,JON_50-no-mods-input_r100_t518400_5M_28d_23h_14m_20s_spotify.helios-aebf68d=com.spotify.helios.testing.HeliosSoloDeploymentTest.testUndeployLeftoverJobs_output_1590725662,1590741783,1590725949,15834
surefire-batch-sorted-pom-output,JON_50-no-mods-input_r100_t518400_5M_28d_23h_14m_20s_square.retrofit-ae28c3d=retrofit2.adapter.rxjava.CancelDisposeTest.cancelDoesNotDispose_output_1590725662,1590726798,1590725941,857
surefire-batch-sorted-pom-output,JON_50-no-mods-input_r100_t518400_5M_28d_23h_14m_20s_square.retrofit-ae28c3d=retrofit2.CallTest.cancelOkHttpRequest_output_1590725662,1590727055,1590725944,1111
surefire-batch-sorted-pom-output,JON_50-no-mods-input_r100_t518400_5M_28d_23h_14m_20s_tootallnate.java-websocket-fa3909c=org.java_websocket.issues.Issue256Test.runReconnectBlockingScenario0_output_1590725662,1590727503,1590725941,1562
surefire-batch-sorted-pom-output,JON_50-no-mods-input_r100_t518400_5M_28d_23h_14m_20s_vert-x3.vertx-rabbitmq-client-7305bcd=io.vertx.rabbitmq.RabbitMQClientReconnectTest.testReconnect_output_1590725662,1590727329,1590725914,1415
surefire-batch-sorted-pom-output,JON_50-no-mods-input_r100_t518400_5M_28d_23h_14m_20s_vmware.admiral-e4b0293=com.vmware.admiral.adapter.registry.service.RegistryAdapterServiceProxyTest.testInitWithProxyWithList_output_1590725662,1590730185,1590725914,4271
surefire-batch-sorted-pom-output,JON_50-no-mods-input_r100_t518400_5M_28d_23h_14m_20s_wro4j.wro4j-185ab60=ro.isdc.wro.extensions.processor.TestBourbonCssProcessor.shouldBeThreadSafe_output_1590725662,1590733263,1590725938,7325
surefire-batch-sorted-pom-output,JON_50-no-mods-input_r100_t518400_5M_28d_23h_14m_20s_wso2.carbon-apimgt-a82213e=org.wso2.carbon.apimgt.throttling.siddhi.extension.ThrottleTimeBatchWindowTestCase.throttleTimeWindowBatchTest1_output_1590725662,1590729283,1590725916,3367
surefire-batch-sorted-pom-output,JON_50-no-mods-input_r100_t518400_5M_28d_23h_14m_20s_zalando.riptide-8277e11=org.zalando.riptide.backup.BackupRequestPluginTest.shouldUseBackupRequest_output_1590725662,1590728718,1590725918,2800
surefire-batch-sorted-pom-output,JON_50-no-mods-input_r100_t518400_5M_28d_23h_14m_20s_zalando.riptide-8277e11=org.zalando.riptide.failsafe.RetryAfterDelayFunctionTest.shouldRetryOnDemandWithDynamicDelay_output_1590725662,1590729045,1590725920,3125
surefire-batch-sorted-pom-output,JON_50-no-mods-input_r100_t518400_5M_28d_23h_19m_20s_alibaba.fastjson-e05e9c5=com.alibaba.json.bvt.bug.Issue_717.test_for_issue_output_1590725962,1590753578,1590726368,27210
surefire-batch-sorted-pom-output,JON_50-no-mods-input_r100_t518400_5M_28d_23h_19m_20s_apache.hbase-801fc05=org.apache.hadoop.hbase.procedure2.TestProcedureSkipPersistence.test_output_1590725962,1590743011,1590726329,16682
surefire-batch-sorted-pom-output,JON_50-no-mods-input_r100_t518400_5M_28d_23h_19m_20s_apache.incubator-dubbo-737f7a7=org.apache.dubbo.remoting.exchange.support.header.HeartbeatHandlerTest.testHeartbeat_output_1590725962,1590731354,1590726326,5028
surefire-batch-sorted-pom-output,JON_50-no-mods-input_r100_t518400_5M_28d_23h_19m_20s_apache.incubator-dubbo-737f7a7=org.apache.dubbo.rpc.protocol.dubbo.DubboLazyConnectTest.testSticky1_output_1590725962,1590742187,1590726318,15869
surefire-batch-sorted-pom-output,JON_50-no-mods-input_r100_t518400_5M_28d_23h_19m_20s_apache.incubator-dubbo-737f7a7=org.apache.dubbo.rpc.protocol.http.HttpProtocolTest.testGenericInvokeWithNativeJava_output_1590725962,1590727339,1590726318,1021
surefire-batch-sorted-pom-output,JON_50-no-mods-input_r100_t518400_5M_28d_23h_19m_20s_apereo.java-cas-client-574b74f=org.jasig.cas.client.validation.AssertionImplTests.testAssertionValidity_output_1590725962,1590727254,1590726285,969
surefire-batch-sorted-pom-output,JON_50-no-mods-input_r100_t518400_5M_28d_23h_19m_20s_c2mon.c2mon-d80687b=cern.c2mon.daq.filter.dynamic.DiffTimeDeadbandActivatorTest.testNoActivationOnFirstRecord_output_1590725962,1590727796,1590726285,1511
surefire-batch-sorted-pom-output,JON_50-no-mods-input_r100_t518400_5M_28d_23h_19m_20s_c2mon.c2mon-d80687b=cern.c2mon.server.common.republisher.RepublisherImplTest.testMultipleExceptions_output_1590725962,1590727318,1590726290,1028
surefire-batch-sorted-pom-output,JON_50-no-mods-input_r100_t518400_5M_28d_23h_19m_20s_cescoffier.vertx-completable-future-011d3cd=me.escoffier.vertx.completablefuture.VertxCompletableFutureTest.testAcceptEitherAsyncWithExecutor_output_1590725962,1590729503,1590726199,3304
surefire-batch-sorted-pom-output,JON_50-no-mods-input_r100_t518400_5M_28d_23h_19m_20s_codingchili.excelastic-6bb7884=com.codingchili.TestWriter.shouldWriteToElasticPort_output_1590725962,1590727058,1590726312,746
surefire-batch-sorted-pom-output,JON_50-no-mods-input_r100_t518400_5M_28d_23h_19m_20s_davidmoten.rxjava2-extras-d0315b6=com.github.davidmoten.rx2.SpecializedMspcLinkedQueueTest.testPushPoll_output_1590725962,1590732797,1590726301,6496
surefire-batch-sorted-pom-output,JON_50-no-mods-input_r100_t518400_5M_28d_23h_19m_20s_eclipse-ee4j.tyrus-d86e0cb=org.glassfish.tyrus.test.e2e.non_deployable.ServerExecutorsManagementTest.testExecutorServicesGetClosed_output_1590725962,1590727801,1590726290,1511
surefire-batch-sorted-pom-output,JON_50-no-mods-input_r100_t518400_5M_28d_23h_19m_20s_elasticjob.elastic-job-lite-b022898=io.elasticjob.lite.event.rdb.JobEventRdbSearchTest.assertFindJobExecutionEventsWithTime_output_1590725962,1590730149,1590726326,3823
surefire-batch-sorted-pom-output,JON_50-no-mods-input_r100_t518400_5M_28d_23h_19m_20s_elasticjob.elastic-job-lite-b022898=io.elasticjob.lite.lifecycle.api.JobAPIFactoryTest.assertCreateJobStatisticsAPI_output_1590725962,1590727358,1590726334,1024
surefire-batch-sorted-pom-output,JON_50-no-mods-input_r100_t518400_5M_28d_23h_19m_20s_espertechinc.esper-590fa9c=com.espertech.esper.example.rfidassetzone.TestLRMovingSimMain.testSim_output_1590725962,1590727529,1590726288,1241
surefire-batch-sorted-pom-output,JON_50-no-mods-input_r100_t518400_5M_28d_23h_19m_20s_feroult.yawp-b3bcf9c=io.yawp.testing.appengine.pipes.flow.FlowDropsTest.testFlowDropsToSameSink_output_1590725962,1590727119,1590726304,815
surefire-batch-sorted-pom-output,JON_50-no-mods-input_r100_t518400_5M_28d_23h_19m_20s_flaxsearch.luwak-c27ec08=uk.co.flax.luwak.matchers.TestParallelMatcher.testParallelSlowLog_output_1590725962,1590728348,1590726315,2033
surefire-batch-sorted-pom-output,JON_50-no-mods-input_r100_t518400_5M_28d_23h_19m_20s_fluent.fluent-logger-java-da14ec3=org.fluentd.logger.TestFluentLogger.testReconnection_output_1590725962,1590730179,1590726318,3861
surefire-batch-sorted-pom-output,JON_50-no-mods-input_r100_t518400_5M_28d_23h_19m_20s_fromage.redpipe-0aff891=net.redpipe.discovery.DiscoveryTest.checkWebClient_output_1590725962,1590726901,1590726301,600
surefire-batch-sorted-pom-output,JON_50-no-mods-input_r100_t518400_5M_28d_23h_19m_20s_fromage.redpipe-0aff891=net.redpipe.engine.swagger.SwaggerApiTest.checkSwagger_output_1590725962,1590728458,1590726315,2143
surefire-batch-sorted-pom-output,JON_50-no-mods-input_r100_t518400_5M_28d_23h_19m_20s_fromage.redpipe-0aff891=net.redpipe.templating.freemarker.ApiTest.checkMail_output_1590725962,1590727052,1590726301,751
surefire-batch-sorted-pom-output,JON_50-no-mods-input_r100_t518400_5M_28d_23h_19m_20s_javadelight.delight-nashorn-sandbox-da35edc=delight.nashornsandbox.TestGetFunction.test_output_1590725962,1590729414,1590726301,3113
surefire-batch-sorted-pom-output,JON_50-no-mods-input_r100_t518400_5M_28d_23h_19m_20s_kagkarlsson.db-scheduler-4a8a28e=com.github.kagkarlsson.scheduler.SchedulerTest.scheduler_should_execute_rescheduled_task_when_exactly_due_output_1590725962,1590728056,1590726318,1738
surefire-batch-sorted-pom-output,JON_50-no-mods-input_r100_t518400_5M_28d_23h_19m_20s_knightliao.disconf-2ac5c82=com.baidu.disconf.client.test.DisconfMgrTestCase.demo_output_1590725962,1590727211,1590726334,877
surefire-batch-sorted-pom-output,JON_50-no-mods-input_r100_t518400_5M_28d_23h_19m_20s_lcw2004.one-7b9b249=com.lcw.one.main.EmailServiceTest.sendEmailList_output_1590725962,1590727206,1590726318,888
surefire-batch-sorted-pom-output,JON_50-no-mods-input_r100_t518400_5M_28d_23h_19m_20s_looly.hutool-91565d0=cn.hutool.cron.test.CronTest.matchAllTest_output_1590725962,1590726766,1590726326,440
surefire-batch-sorted-pom-output,JON_50-no-mods-input_r100_t518400_5M_28d_23h_19m_20s_marcosbarbero.spring-cloud-zuul-ratelimit-ae9603f=com.marcosbarbero.tests.it.Bucket4jInfinispanApplicationTestIT.testExceedingQuotaCapacityRequest_output_1590725962,1590726786,1590726342,444
surefire-batch-sorted-pom-output,JON_50-no-mods-input_r100_t518400_5M_28d_23h_19m_20s_nationalsecurityagency.timely-3a8cbd3=timely.store.iterators.TimeSeriesGroupingIteratorTest.testMultipleTimeSeriesMovingAverage_output_1590725962,1590728857,1590726171,2686
surefire-batch-sorted-pom-output,JON_50-no-mods-input_r100_t518400_5M_28d_23h_19m_20s_odrotbohm.sos-d4ed68a=example.sos.modulith.orders.EmailNotificationTest.completingAnOrderUpdatesInventory_output_1590725962,1590727586,1590726210,1376
surefire-batch-sorted-pom-output,JON_50-no-mods-input_r100_t518400_5M_28d_23h_19m_20s_oracle.oci-java-sdk-2e9982f=com.oracle.bmc.objectstorage.transfer.ProgressTrackerTest.multipartUploadProgressTrackerFactory_simulateRealLifeScenario_output_1590725962,1590728652,1590726210,2442
surefire-batch-sorted-pom-output,JON_50-no-mods-input_r100_t518400_5M_28d_23h_19m_20s_orbit.orbit-c4904af=cloud.orbit.actors.extensions.test.LengthFieldHandlerTest.randomMessages_output_1590725962,1590727776,1590726337,1439
surefire-batch-sorted-pom-output,JON_50-no-mods-input_r100_t518400_5M_28d_23h_19m_20s_oryxproject.oryx-72ae4bb=com.cloudera.oryx.common.io.IOUtilsTest.testDistinctFreePorts_output_1590725962,1590729915,1590726334,3581
surefire-batch-sorted-pom-output,JON_50-no-mods-input_r100_t518400_5M_28d_23h_19m_20s_outbrain.aletheia-024a4b7=com.outbrain.aletheia.DatumAuditorStressTest.test_breadcrumbDispatcher_under_load_output_1590725962,1590727047,1590726199,848
surefire-batch-sorted-pom-output,JON_50-no-mods-input_r100_t518400_5M_28d_23h_19m_20s_pippo-java.pippo-ae898b6=ro.pippo.session.jedis.JedisSessionDataStorageTest.testDelete_output_1590725962,1590726767,1590726194,573
surefire-batch-sorted-pom-output,JON_50-no-mods-input_r100_t518400_5M_28d_23h_19m_20s_pippo-java.pippo-ae898b6=ro.pippo.session.mongodb.MongoDBSessionDataStorageTest.testCreate_output_1590725962,1590726681,1590726211,470
surefire-batch-sorted-pom-output,JON_50-no-mods-input_r100_t518400_5M_28d_23h_19m_20s_ppiastucki.recast4j-01d478e=org.recast4j.detour.tilecache.TileCacheTest.testPerformance_output_1590725962,1590729202,1590726226,2976
surefire-batch-sorted-pom-output,JON_50-no-mods-input_r100_t518400_5M_28d_23h_19m_20s_querydsl.querydsl-2bf234c=com.querydsl.hibernate.search.SearchQueryTest.count_output_1590725962,1590727887,1590726342,1545
surefire-batch-sorted-pom-output,JON_50-no-mods-input_r100_t518400_5M_28d_23h_19m_20s_spinn3r.noxy-d53a494=com.spinn3r.noxy.discovery.zookeeper.ZKTest.testBulkClusterJoining_output_1590725962,1590730931,1590726201,4730
surefire-batch-sorted-pom-output,JON_50-no-mods-input_r100_t518400_5M_28d_23h_19m_20s_square.retrofit-ae28c3d=retrofit2.adapter.rxjava.CancelDisposeTest.cancelDoesNotDispose_output_1590725962,1590727183,1590726340,843
surefire-batch-sorted-pom-output,JON_50-no-mods-input_r100_t518400_5M_28d_23h_19m_20s_square.retrofit-ae28c3d=retrofit2.CallTest.cancelOkHttpRequest_output_1590725962,1590727538,1590726343,1195
surefire-batch-sorted-pom-output,JON_50-no-mods-input_r100_t518400_5M_28d_23h_19m_20s_tootallnate.java-websocket-fa3909c=org.java_websocket.issues.Issue256Test.runReconnectBlockingScenario0_output_1590725962,1590728081,1590726357,1724
surefire-batch-sorted-pom-output,JON_50-no-mods-input_r100_t518400_5M_28d_23h_19m_20s_undertow-io.undertow-d0efffa=io.undertow.websockets.jsr.test.JsrWebSocketServer07Test.testErrorHandling_output_1590725962,1590730138,1590726365,3773
surefire-batch-sorted-pom-output,JON_50-no-mods-input_r100_t518400_5M_28d_23h_19m_20s_vert-x3.vertx-rabbitmq-client-7305bcd=io.vertx.rabbitmq.RabbitMQClientReconnectTest.testReconnect_output_1590725962,1590727681,1590726260,1421
surefire-batch-sorted-pom-output,JON_50-no-mods-input_r100_t518400_5M_28d_23h_19m_20s_vmware.admiral-e4b0293=com.vmware.admiral.adapter.registry.service.RegistryAdapterServiceProxyTest.testInitWithProxyWithList_output_1590725962,1590730639,1590726281,4358
surefire-batch-sorted-pom-output,JON_50-no-mods-input_r100_t518400_5M_28d_23h_19m_20s_wro4j.wro4j-185ab60=ro.isdc.wro.extensions.processor.TestBourbonCssProcessor.shouldBeThreadSafe_output_1590725962,1590737035,1590726362,10673
surefire-batch-sorted-pom-output,JON_50-no-mods-input_r100_t518400_5M_28d_23h_19m_20s_wso2.carbon-apimgt-a82213e=org.wso2.carbon.apimgt.throttling.siddhi.extension.ThrottleTimeBatchWindowTestCase.throttleTimeWindowBatchTest1_output_1590725962,1590729620,1590726262,3358
surefire-batch-sorted-pom-output,JON_50-no-mods-input_r100_t518400_5M_28d_23h_19m_20s_zalando.riptide-8277e11=org.zalando.riptide.backup.BackupRequestPluginTest.shouldUseBackupRequest_output_1590725962,1590729136,1590726285,2851
surefire-batch-sorted-pom-output,JON_50-no-mods-input_r100_t518400_5M_28d_23h_19m_20s_zalando.riptide-8277e11=org.zalando.riptide.failsafe.RetryAfterDelayFunctionTest.shouldRetryOnDemandWithDynamicDelay_output_1590725962,1590729265,1590726229,3036
surefire-batch-sorted-pom-output,JON_50-no-mods-input_r100_t518400_5M_28d_23h_24m_20s_alibaba.fastjson-e05e9c5=com.alibaba.json.bvt.bug.Issue_717.test_for_issue_output_1590726262,1590750860,1590726616,24244
surefire-batch-sorted-pom-output,JON_50-no-mods-input_r100_t518400_5M_28d_23h_24m_20s_apache.hbase-801fc05=org.apache.hadoop.hbase.procedure2.TestProcedureSkipPersistence.test_output_1590726262,1590742393,1590726605,15788
surefire-batch-sorted-pom-output,JON_50-no-mods-input_r100_t518400_5M_28d_23h_24m_20s_apache.incubator-dubbo-737f7a7=org.apache.dubbo.remoting.exchange.support.header.HeartbeatHandlerTest.testHeartbeat_output_1590726262,1590731604,1590726605,4999
surefire-batch-sorted-pom-output,JON_50-no-mods-input_r100_t518400_5M_28d_23h_24m_20s_apache.incubator-dubbo-737f7a7=org.apache.dubbo.rpc.protocol.dubbo.DubboLazyConnectTest.testSticky1_output_1590726262,1590742351,1590726613,15738
surefire-batch-sorted-pom-output,JON_50-no-mods-input_r100_t518400_5M_28d_23h_24m_20s_apache.incubator-dubbo-737f7a7=org.apache.dubbo.rpc.protocol.http.HttpProtocolTest.testGenericInvokeWithNativeJava_output_1590726262,1590727529,1590726586,943
surefire-batch-sorted-pom-output,JON_50-no-mods-input_r100_t518400_5M_28d_23h_24m_20s_apereo.java-cas-client-574b74f=org.jasig.cas.client.validation.AssertionImplTests.testAssertionValidity_output_1590726262,1590727492,1590726599,893
surefire-batch-sorted-pom-output,JON_50-no-mods-input_r100_t518400_5M_28d_23h_24m_20s_c2mon.c2mon-d80687b=cern.c2mon.daq.filter.dynamic.DiffTimeDeadbandActivatorTest.testNoActivationOnFirstRecord_output_1590726262,1590728024,1590726536,1488
surefire-batch-sorted-pom-output,JON_50-no-mods-input_r100_t518400_5M_28d_23h_24m_20s_c2mon.c2mon-d80687b=cern.c2mon.server.common.republisher.RepublisherImplTest.testMultipleExceptions_output_1590726262,1590727598,1590726536,1062
surefire-batch-sorted-pom-output,JON_50-no-mods-input_r100_t518400_5M_28d_23h_24m_20s_codingchili.excelastic-6bb7884=com.codingchili.TestWriter.shouldWriteToElasticPort_output_1590726262,1590727264,1590726583,681
surefire-batch-sorted-pom-output,JON_50-no-mods-input_r100_t518400_5M_28d_23h_24m_20s_cescoffier.vertx-completable-future-011d3cd=me.escoffier.vertx.completablefuture.VertxCompletableFutureTest.testAcceptEitherAsyncWithExecutor_output_1590726262,1590729975,1590726544,3431
surefire-batch-sorted-pom-output,JON_50-no-mods-input_r100_t518400_5M_28d_23h_24m_20s_davidmoten.rxjava2-extras-d0315b6=com.github.davidmoten.rx2.SpecializedMspcLinkedQueueTest.testPushPoll_output_1590726262,1590732933,1590726599,6334
surefire-batch-sorted-pom-output,JON_50-no-mods-input_r100_t518400_5M_28d_23h_24m_20s_eclipse-ee4j.tyrus-d86e0cb=org.glassfish.tyrus.test.e2e.non_deployable.ServerExecutorsManagementTest.testExecutorServicesGetClosed_output_1590726262,1590727946,1590726599,1347
surefire-batch-sorted-pom-output,JON_50-no-mods-input_r100_t518400_5M_28d_23h_24m_20s_elasticjob.elastic-job-lite-b022898=io.elasticjob.lite.event.rdb.JobEventRdbSearchTest.assertFindJobExecutionEventsWithTime_output_1590726262,1590730340,1590726610,3730
surefire-batch-sorted-pom-output,JON_50-no-mods-input_r100_t518400_5M_28d_23h_24m_20s_elasticjob.elastic-job-lite-b022898=io.elasticjob.lite.lifecycle.api.JobAPIFactoryTest.assertCreateJobStatisticsAPI_output_1590726262,1590727612,1590726630,982
surefire-batch-sorted-pom-output,JON_50-no-mods-input_r100_t518400_5M_28d_23h_24m_20s_espertechinc.esper-590fa9c=com.espertech.esper.example.rfidassetzone.TestLRMovingSimMain.testSim_output_1590726262,1590727814,1590726586,1228
surefire-batch-sorted-pom-output,JON_50-no-mods-input_r100_t518400_5M_28d_23h_24m_20s_feroult.yawp-b3bcf9c=io.yawp.testing.appengine.pipes.flow.FlowDropsTest.testFlowDropsToSameSink_output_1590726262,1590727355,1590726602,753
surefire-batch-sorted-pom-output,JON_50-no-mods-input_r100_t518400_5M_28d_23h_24m_20s_flaxsearch.luwak-c27ec08=uk.co.flax.luwak.matchers.TestParallelMatcher.testParallelSlowLog_output_1590726262,1590728481,1590726602,1879
surefire-batch-sorted-pom-output,JON_50-no-mods-input_r100_t518400_5M_28d_23h_24m_20s_fluent.fluent-logger-java-da14ec3=org.fluentd.logger.TestFluentLogger.testReconnection_output_1590726262,1590730358,1590726605,3753
surefire-batch-sorted-pom-output,JON_50-no-mods-input_r100_t518400_5M_28d_23h_24m_20s_fromage.redpipe-0aff891=net.redpipe.discovery.DiscoveryTest.checkWebClient_output_1590726262,1590727162,1590726602,560
surefire-batch-sorted-pom-output,JON_50-no-mods-input_r100_t518400_5M_28d_23h_24m_20s_fromage.redpipe-0aff891=net.redpipe.engine.swagger.SwaggerApiTest.checkSwagger_output_1590726262,1590728645,1590726605,2040
surefire-batch-sorted-pom-output,JON_50-no-mods-input_r100_t518400_5M_28d_23h_24m_20s_fromage.redpipe-0aff891=net.redpipe.templating.freemarker.ApiTest.checkMail_output_1590726262,1590727244,1590726605,639
surefire-batch-sorted-pom-output,JON_50-no-mods-input_r100_t518400_5M_28d_23h_24m_20s_javadelight.delight-nashorn-sandbox-da35edc=delight.nashornsandbox.TestGetFunction.test_output_1590726262,1590729618,1590726610,3008
surefire-batch-sorted-pom-output,JON_50-no-mods-input_r100_t518400_5M_28d_23h_24m_20s_kagkarlsson.db-scheduler-4a8a28e=com.github.kagkarlsson.scheduler.SchedulerTest.scheduler_should_execute_rescheduled_task_when_exactly_due_output_1590726262,1590728305,1590726605,1700
surefire-batch-sorted-pom-output,JON_50-no-mods-input_r100_t518400_5M_28d_23h_24m_20s_knightliao.disconf-2ac5c82=com.baidu.disconf.client.test.DisconfMgrTestCase.demo_output_1590726262,1590727482,1590726610,872
surefire-batch-sorted-pom-output,JON_50-no-mods-input_r100_t518400_5M_28d_23h_24m_20s_lcw2004.one-7b9b249=com.lcw.one.main.EmailServiceTest.sendEmailList_output_1590726262,1590727459,1590726607,852
surefire-batch-sorted-pom-output,JON_50-no-mods-input_r100_t518400_5M_28d_23h_24m_20s_looly.hutool-91565d0=cn.hutool.cron.test.CronTest.matchAllTest_output_1590726262,1590727056,1590726610,446
surefire-batch-sorted-pom-output,JON_50-no-mods-input_r100_t518400_5M_28d_23h_24m_20s_marcosbarbero.spring-cloud-zuul-ratelimit-ae9603f=com.marcosbarbero.tests.it.Bucket4jInfinispanApplicationTestIT.testExceedingQuotaCapacityRequest_output_1590726262,1590727001,1590726619,382
surefire-batch-sorted-pom-output,JON_50-no-mods-input_r100_t518400_5M_28d_23h_24m_20s_nationalsecurityagency.timely-3a8cbd3=timely.store.iterators.TimeSeriesGroupingIteratorTest.testMultipleTimeSeriesMovingAverage_output_1590726262,1590729066,1590726508,2558
surefire-batch-sorted-pom-output,JON_50-no-mods-input_r100_t518400_5M_28d_23h_24m_20s_odrotbohm.sos-d4ed68a=example.sos.modulith.orders.EmailNotificationTest.completingAnOrderUpdatesInventory_output_1590726262,1590727684,1590726516,1168
surefire-batch-sorted-pom-output,JON_50-no-mods-input_r100_t518400_5M_28d_23h_24m_20s_oracle.oci-java-sdk-2e9982f=com.oracle.bmc.objectstorage.transfer.ProgressTrackerTest.multipartUploadProgressTrackerFactory_simulateRealLifeScenario_output_1590726262,1590728799,1590726530,2269
surefire-batch-sorted-pom-output,JON_50-no-mods-input_r100_t518400_5M_28d_23h_24m_20s_orbit.orbit-c4904af=cloud.orbit.actors.extensions.test.LengthFieldHandlerTest.randomMessages_output_1590726262,1590727996,1590726616,1380
surefire-batch-sorted-pom-output,JON_50-no-mods-input_r100_t518400_5M_28d_23h_24m_20s_oryxproject.oryx-72ae4bb=com.cloudera.oryx.common.io.IOUtilsTest.testDistinctFreePorts_output_1590726262,1590730295,1590726630,3665
surefire-batch-sorted-pom-output,JON_50-no-mods-input_r100_t518400_5M_28d_23h_24m_20s_outbrain.aletheia-024a4b7=com.outbrain.aletheia.DatumAuditorStressTest.test_breadcrumbDispatcher_under_load_output_1590726262,1590727300,1590726529,771
surefire-batch-sorted-pom-output,JON_50-no-mods-input_r100_t518400_5M_28d_23h_24m_20s_pippo-java.pippo-ae898b6=ro.pippo.session.jedis.JedisSessionDataStorageTest.testDelete_output_1590726262,1590727115,1590726521,594
surefire-batch-sorted-pom-output,JON_50-no-mods-input_r100_t518400_5M_28d_23h_24m_20s_pippo-java.pippo-ae898b6=ro.pippo.session.mongodb.MongoDBSessionDataStorageTest.testCreate_output_1590726262,1590726983,1590726521,462
surefire-batch-sorted-pom-output,JON_50-no-mods-input_r100_t518400_5M_28d_23h_24m_20s_ppiastucki.recast4j-01d478e=org.recast4j.detour.tilecache.TileCacheTest.testPerformance_output_1590726262,1590729516,1590726526,2990
surefire-batch-sorted-pom-output,JON_50-no-mods-input_r100_t518400_5M_28d_23h_24m_20s_querydsl.querydsl-2bf234c=com.querydsl.hibernate.search.SearchQueryTest.count_output_1590726262,1590727969,1590726613,1356
surefire-batch-sorted-pom-output,JON_50-no-mods-input_r100_t518400_5M_28d_23h_24m_20s_spinn3r.noxy-d53a494=com.spinn3r.noxy.discovery.zookeeper.ZKTest.testBulkClusterJoining_output_1590726262,1590734186,1590726591,7595
surefire-batch-sorted-pom-output,JON_50-no-mods-input_r100_t518400_5M_28d_23h_24m_20s_square.retrofit-ae28c3d=retrofit2.adapter.rxjava.CancelDisposeTest.cancelDoesNotDispose_output_1590726262,1590727421,1590726613,808
surefire-batch-sorted-pom-output,JON_50-no-mods-input_r100_t518400_5M_28d_23h_24m_20s_square.retrofit-ae28c3d=retrofit2.CallTest.cancelOkHttpRequest_output_1590726262,1590727670,1590726630,1040
surefire-batch-sorted-pom-output,JON_50-no-mods-input_r100_t518400_5M_28d_23h_24m_20s_tootallnate.java-websocket-fa3909c=org.java_websocket.issues.Issue256Test.runReconnectBlockingScenario0_output_1590726262,1590728284,1590726647,1637
surefire-batch-sorted-pom-output,JON_50-no-mods-input_r100_t518400_5M_28d_23h_24m_20s_undertow-io.undertow-d0efffa=io.undertow.websockets.jsr.test.JsrWebSocketServer07Test.testErrorHandling_output_1590726262,1590730276,1590726589,3687
surefire-batch-sorted-pom-output,JON_50-no-mods-input_r100_t518400_5M_28d_23h_24m_20s_vert-x3.vertx-rabbitmq-client-7305bcd=io.vertx.rabbitmq.RabbitMQClientReconnectTest.testReconnect_output_1590726262,1590727913,1590726591,1322
surefire-batch-sorted-pom-output,JON_50-no-mods-input_r100_t518400_5M_28d_23h_24m_20s_vmware.admiral-e4b0293=com.vmware.admiral.adapter.registry.service.RegistryAdapterServiceProxyTest.testInitWithProxyWithList_output_1590726262,1590730556,1590726594,3962
surefire-batch-sorted-pom-output,JON_50-no-mods-input_r100_t518400_5M_28d_23h_24m_20s_wro4j.wro4j-185ab60=ro.isdc.wro.extensions.processor.TestBourbonCssProcessor.shouldBeThreadSafe_output_1590726262,1590734368,1590726639,7729
surefire-batch-sorted-pom-output,JON_50-no-mods-input_r100_t518400_5M_28d_23h_24m_20s_wso2.carbon-apimgt-a82213e=org.wso2.carbon.apimgt.throttling.siddhi.extension.ThrottleTimeBatchWindowTestCase.throttleTimeWindowBatchTest1_output_1590726262,1590729896,1590726597,3299
surefire-batch-sorted-pom-output,JON_50-no-mods-input_r100_t518400_5M_28d_23h_24m_20s_zalando.riptide-8277e11=org.zalando.riptide.backup.BackupRequestPluginTest.shouldUseBackupRequest_output_1590726262,1590729244,1590726599,2645
surefire-batch-sorted-pom-output,JON_50-no-mods-input_r100_t518400_5M_28d_23h_24m_20s_zalando.riptide-8277e11=org.zalando.riptide.failsafe.RetryAfterDelayFunctionTest.shouldRetryOnDemandWithDynamicDelay_output_1590726262,1590729602,1590726594,3008
surefire-batch-sorted-pom-output,JON_50-no-mods-input_r100_t518400_5M_28d_23h_29m_20s_alibaba.fastjson-e05e9c5=com.alibaba.json.bvt.bug.Issue_717.test_for_issue_output_1590726562,1590754157,1590726875,27282
surefire-batch-sorted-pom-output,JON_50-no-mods-input_r100_t518400_5M_28d_23h_29m_20s_apache.hbase-801fc05=org.apache.hadoop.hbase.procedure2.TestProcedureSkipPersistence.test_output_1590726562,1590742771,1590726853,15918
surefire-batch-sorted-pom-output,JON_50-no-mods-input_r100_t518400_5M_28d_23h_29m_20s_apache.incubator-dubbo-737f7a7=org.apache.dubbo.remoting.exchange.support.header.HeartbeatHandlerTest.testHeartbeat_output_1590726562,1590731829,1590726853,4976
surefire-batch-sorted-pom-output,JON_50-no-mods-input_r100_t518400_5M_28d_23h_29m_20s_apache.incubator-dubbo-737f7a7=org.apache.dubbo.rpc.protocol.dubbo.DubboLazyConnectTest.testSticky1_output_1590726562,1590742791,1590726859,15932
surefire-batch-sorted-pom-output,JON_50-no-mods-input_r100_t518400_5M_28d_23h_29m_20s_apache.incubator-dubbo-737f7a7=org.apache.dubbo.rpc.protocol.http.HttpProtocolTest.testGenericInvokeWithNativeJava_output_1590726562,1590727836,1590726856,980
surefire-batch-sorted-pom-output,JON_50-no-mods-input_r100_t518400_5M_28d_23h_29m_20s_apereo.java-cas-client-574b74f=org.jasig.cas.client.validation.AssertionImplTests.testAssertionValidity_output_1590726562,1590727759,1590726820,939
surefire-batch-sorted-pom-output,JON_50-no-mods-input_r100_t518400_5M_28d_23h_29m_20s_c2mon.c2mon-d80687b=cern.c2mon.daq.filter.dynamic.DiffTimeDeadbandActivatorTest.testNoActivationOnFirstRecord_output_1590726562,1590728344,1590726823,1521
surefire-batch-sorted-pom-output,JON_50-no-mods-input_r100_t518400_5M_28d_23h_29m_20s_c2mon.c2mon-d80687b=cern.c2mon.server.common.republisher.RepublisherImplTest.testMultipleExceptions_output_1590726562,1590727826,1590726823,1003
surefire-batch-sorted-pom-output,JON_50-no-mods-input_r100_t518400_5M_28d_23h_29m_20s_cescoffier.vertx-completable-future-011d3cd=me.escoffier.vertx.completablefuture.VertxCompletableFutureTest.testAcceptEitherAsyncWithExecutor_output_1590726562,1590730077,1590726821,3256
surefire-batch-sorted-pom-output,JON_50-no-mods-input_r100_t518400_5M_28d_23h_29m_20s_codingchili.excelastic-6bb7884=com.codingchili.TestWriter.shouldWriteToElasticPort_output_1590726562,1590727493,1590726826,667
surefire-batch-sorted-pom-output,JON_50-no-mods-input_r100_t518400_5M_28d_23h_29m_20s_davidmoten.rxjava2-extras-d0315b6=com.github.davidmoten.rx2.SpecializedMspcLinkedQueueTest.testPushPoll_output_1590726562,1590733111,1590726829,6282
surefire-batch-sorted-pom-output,JON_50-no-mods-input_r100_t518400_5M_28d_23h_29m_20s_eclipse-ee4j.tyrus-d86e0cb=org.glassfish.tyrus.test.e2e.non_deployable.ServerExecutorsManagementTest.testExecutorServicesGetClosed_output_1590726562,1590728273,1590726826,1447
surefire-batch-sorted-pom-output,JON_50-no-mods-input_r100_t518400_5M_28d_23h_29m_20s_elasticjob.elastic-job-lite-b022898=io.elasticjob.lite.event.rdb.JobEventRdbSearchTest.assertFindJobExecutionEventsWithTime_output_1590726562,1590730418,1590726856,3562
surefire-batch-sorted-pom-output,JON_50-no-mods-input_r100_t518400_5M_28d_23h_29m_20s_elasticjob.elastic-job-lite-b022898=io.elasticjob.lite.lifecycle.api.JobAPIFactoryTest.assertCreateJobStatisticsAPI_output_1590726562,1590727735,1590726859,876
surefire-batch-sorted-pom-output,JON_50-no-mods-input_r100_t518400_5M_28d_23h_29m_20s_espertechinc.esper-590fa9c=com.espertech.esper.example.rfidassetzone.TestLRMovingSimMain.testSim_output_1590726562,1590728090,1590726853,1237
surefire-batch-sorted-pom-output,JON_50-no-mods-input_r100_t518400_5M_28d_23h_29m_20s_feroult.yawp-b3bcf9c=io.yawp.testing.appengine.pipes.flow.FlowDropsTest.testFlowDropsToSameSink_output_1590726562,1590727589,1590726851,738
surefire-batch-sorted-pom-output,JON_50-no-mods-input_r100_t518400_5M_28d_23h_29m_20s_flaxsearch.luwak-c27ec08=uk.co.flax.luwak.matchers.TestParallelMatcher.testParallelSlowLog_output_1590726562,1590728765,1590726831,1934
surefire-batch-sorted-pom-output,JON_50-no-mods-input_r100_t518400_5M_28d_23h_29m_20s_fluent.fluent-logger-java-da14ec3=org.fluentd.logger.TestFluentLogger.testReconnection_output_1590726562,1590730675,1590726839,3836
surefire-batch-sorted-pom-output,JON_50-no-mods-input_r100_t518400_5M_28d_23h_29m_20s_fromage.redpipe-0aff891=net.redpipe.discovery.DiscoveryTest.checkWebClient_output_1590726562,1590727411,1590726829,582
surefire-batch-sorted-pom-output,JON_50-no-mods-input_r100_t518400_5M_28d_23h_29m_20s_fromage.redpipe-0aff891=net.redpipe.engine.swagger.SwaggerApiTest.checkSwagger_output_1590726562,1590728833,1590726831,2002
surefire-batch-sorted-pom-output,JON_50-no-mods-input_r100_t518400_5M_28d_23h_29m_20s_fromage.redpipe-0aff891=net.redpipe.templating.freemarker.ApiTest.checkMail_output_1590726562,1590727651,1590726851,800
surefire-batch-sorted-pom-output,JON_50-no-mods-input_r100_t518400_5M_28d_23h_29m_20s_javadelight.delight-nashorn-sandbox-da35edc=delight.nashornsandbox.TestGetFunction.test_output_1590726562,1590729545,1590726837,2708
surefire-batch-sorted-pom-output,JON_50-no-mods-input_r100_t518400_5M_28d_23h_29m_20s_kagkarlsson.db-scheduler-4a8a28e=com.github.kagkarlsson.scheduler.SchedulerTest.scheduler_should_execute_rescheduled_task_when_exactly_due_output_1590726562,1590728534,1590726851,1683
surefire-batch-sorted-pom-output,JON_50-no-mods-input_r100_t518400_5M_28d_23h_29m_20s_knightliao.disconf-2ac5c82=com.baidu.disconf.client.test.DisconfMgrTestCase.demo_output_1590726562,1590727659,1590726861,798
surefire-batch-sorted-pom-output,JON_50-no-mods-input_r100_t518400_5M_28d_23h_29m_20s_lcw2004.one-7b9b249=com.lcw.one.main.EmailServiceTest.sendEmailList_output_1590726562,1590727719,1590726848,871
surefire-batch-sorted-pom-output,JON_50-no-mods-input_r100_t518400_5M_28d_23h_29m_20s_looly.hutool-91565d0=cn.hutool.cron.test.CronTest.matchAllTest_output_1590726562,1590727290,1590726864,426
surefire-batch-sorted-pom-output,JON_50-no-mods-input_r100_t518400_5M_28d_23h_29m_20s_marcosbarbero.spring-cloud-zuul-ratelimit-ae9603f=com.marcosbarbero.tests.it.Bucket4jInfinispanApplicationTestIT.testExceedingQuotaCapacityRequest_output_1590726562,1590727273,1590726869,404
surefire-batch-sorted-pom-output,JON_50-no-mods-input_r100_t518400_5M_28d_23h_29m_20s_nationalsecurityagency.timely-3a8cbd3=timely.store.iterators.TimeSeriesGroupingIteratorTest.testMultipleTimeSeriesMovingAverage_output_1590726562,1590729329,1590726784,2545
surefire-batch-sorted-pom-output,JON_50-no-mods-input_r100_t518400_5M_28d_23h_29m_20s_odrotbohm.sos-d4ed68a=example.sos.modulith.orders.EmailNotificationTest.completingAnOrderUpdatesInventory_output_1590726562,1590727977,1590726796,1181
surefire-batch-sorted-pom-output,JON_50-no-mods-input_r100_t518400_5M_28d_23h_29m_20s_oracle.oci-java-sdk-2e9982f=com.oracle.bmc.objectstorage.transfer.ProgressTrackerTest.multipartUploadProgressTrackerFactory_simulateRealLifeScenario_output_1590726562,1590729066,1590726801,2265
surefire-batch-sorted-pom-output,JON_50-no-mods-input_r100_t518400_5M_28d_23h_29m_20s_orbit.orbit-c4904af=cloud.orbit.actors.extensions.test.LengthFieldHandlerTest.randomMessages_output_1590726562,1590728242,1590726856,1386
surefire-batch-sorted-pom-output,JON_50-no-mods-input_r100_t518400_5M_28d_23h_29m_20s_oryxproject.oryx-72ae4bb=com.cloudera.oryx.common.io.IOUtilsTest.testDistinctFreePorts_output_1590726562,1590730451,1590726864,3587
surefire-batch-sorted-pom-output,JON_50-no-mods-input_r100_t518400_5M_28d_23h_29m_20s_outbrain.aletheia-024a4b7=com.outbrain.aletheia.DatumAuditorStressTest.test_breadcrumbDispatcher_under_load_output_1590726562,1590727495,1590726806,689
surefire-batch-sorted-pom-output,JON_50-no-mods-input_r100_t518400_5M_28d_23h_29m_20s_pippo-java.pippo-ae898b6=ro.pippo.session.jedis.JedisSessionDataStorageTest.testDelete_output_1590726562,1590727366,1590726809,557
surefire-batch-sorted-pom-output,JON_50-no-mods-input_r100_t518400_5M_28d_23h_29m_20s_pippo-java.pippo-ae898b6=ro.pippo.session.mongodb.MongoDBSessionDataStorageTest.testCreate_output_1590726562,1590727214,1590726809,405
surefire-batch-sorted-pom-output,JON_50-no-mods-input_r100_t518400_5M_28d_23h_29m_20s_ppiastucki.recast4j-01d478e=org.recast4j.detour.tilecache.TileCacheTest.testPerformance_output_1590726562,1590729719,1590726812,2907
surefire-batch-sorted-pom-output,JON_50-no-mods-input_r100_t518400_5M_28d_23h_29m_20s_querydsl.querydsl-2bf234c=com.querydsl.hibernate.search.SearchQueryTest.count_output_1590726562,1590728219,1590726867,1352
surefire-batch-sorted-pom-output,JON_50-no-mods-input_r100_t518400_5M_28d_23h_29m_20s_spinn3r.noxy-d53a494=com.spinn3r.noxy.discovery.zookeeper.ZKTest.testBulkClusterJoining_output_1590726562,1590731801,1590726814,4987
surefire-batch-sorted-pom-output,JON_50-no-mods-input_r100_t518400_5M_28d_23h_29m_20s_square.retrofit-ae28c3d=retrofit2.adapter.rxjava.CancelDisposeTest.cancelDoesNotDispose_output_1590726562,1590727650,1590726864,786
surefire-batch-sorted-pom-output,JON_50-no-mods-input_r100_t518400_5M_28d_23h_29m_20s_square.retrofit-ae28c3d=retrofit2.CallTest.cancelOkHttpRequest_output_1590726562,1590727891,1590726869,1022
surefire-batch-sorted-pom-output,JON_50-no-mods-input_r100_t518400_5M_28d_23h_29m_20s_tootallnate.java-websocket-fa3909c=org.java_websocket.issues.Issue256Test.runReconnectBlockingScenario0_output_1590726562,1590728461,1590726867,1594
surefire-batch-sorted-pom-output,JON_50-no-mods-input_r100_t518400_5M_28d_23h_29m_20s_undertow-io.undertow-d0efffa=io.undertow.websockets.jsr.test.JsrWebSocketServer07Test.testErrorHandling_output_1590726562,1590730280,1590726883,3397
surefire-batch-sorted-pom-output,JON_50-no-mods-input_r100_t518400_5M_28d_23h_29m_20s_vert-x3.vertx-rabbitmq-client-7305bcd=io.vertx.rabbitmq.RabbitMQClientReconnectTest.testReconnect_output_1590726562,1590728138,1590726812,1326
surefire-batch-sorted-pom-output,JON_50-no-mods-input_r100_t518400_5M_28d_23h_29m_20s_vmware.admiral-e4b0293=com.vmware.admiral.adapter.registry.service.RegistryAdapterServiceProxyTest.testInitWithProxyWithList_output_1590726562,1590731567,1590726814,4753
surefire-batch-sorted-pom-output,JON_50-no-mods-input_r100_t518400_5M_28d_23h_29m_20s_wro4j.wro4j-185ab60=ro.isdc.wro.extensions.processor.TestBourbonCssProcessor.shouldBeThreadSafe_output_1590726562,1590734756,1590726875,7881
surefire-batch-sorted-pom-output,JON_50-no-mods-input_r100_t518400_5M_28d_23h_29m_20s_wso2.carbon-apimgt-a82213e=org.wso2.carbon.apimgt.throttling.siddhi.extension.ThrottleTimeBatchWindowTestCase.throttleTimeWindowBatchTest1_output_1590726562,1590730099,1590726820,3279
surefire-batch-sorted-pom-output,JON_50-no-mods-input_r100_t518400_5M_28d_23h_29m_20s_zalando.riptide-8277e11=org.zalando.riptide.backup.BackupRequestPluginTest.shouldUseBackupRequest_output_1590726562,1590729498,1590726817,2681
surefire-batch-sorted-pom-output,JON_50-no-mods-input_r100_t518400_5M_28d_23h_29m_20s_zalando.riptide-8277e11=org.zalando.riptide.failsafe.RetryAfterDelayFunctionTest.shouldRetryOnDemandWithDynamicDelay_output_1590726562,1590729834,1590726885,2949
surefire-batch-sorted-pom-output,JON_50-no-mods-input_r100_t518400_5M_28d_23h_34m_20s_alibaba.fastjson-e05e9c5=com.alibaba.json.bvt.bug.Issue_717.test_for_issue_output_1590726862,1590754805,1590727282,27523
surefire-batch-sorted-pom-output,JON_50-no-mods-input_r100_t518400_5M_28d_23h_34m_20s_apache.hbase-801fc05=org.apache.hadoop.hbase.procedure2.TestProcedureSkipPersistence.test_output_1590726862,1590742959,1590727276,15683
surefire-batch-sorted-pom-output,JON_50-no-mods-input_r100_t518400_5M_28d_23h_34m_20s_apache.incubator-dubbo-737f7a7=org.apache.dubbo.remoting.exchange.support.header.HeartbeatHandlerTest.testHeartbeat_output_1590726862,1590732207,1590727232,4975
surefire-batch-sorted-pom-output,JON_50-no-mods-input_r100_t518400_5M_28d_23h_34m_20s_apache.incubator-dubbo-737f7a7=org.apache.dubbo.rpc.protocol.dubbo.DubboLazyConnectTest.testSticky1_output_1590726862,1590743126,1590727225,15901
surefire-batch-sorted-pom-output,JON_50-no-mods-input_r100_t518400_5M_28d_23h_34m_20s_apache.incubator-dubbo-737f7a7=org.apache.dubbo.rpc.protocol.http.HttpProtocolTest.testGenericInvokeWithNativeJava_output_1590726862,1590728298,1590727237,1061
surefire-batch-sorted-pom-output,JON_50-no-mods-input_r100_t518400_5M_28d_23h_34m_20s_apereo.java-cas-client-574b74f=org.jasig.cas.client.validation.AssertionImplTests.testAssertionValidity_output_1590726862,1590728084,1590727159,925
surefire-batch-sorted-pom-output,JON_50-no-mods-input_r100_t518400_5M_28d_23h_34m_20s_c2mon.c2mon-d80687b=cern.c2mon.daq.filter.dynamic.DiffTimeDeadbandActivatorTest.testNoActivationOnFirstRecord_output_1590726862,1590728685,1590727167,1518
surefire-batch-sorted-pom-output,JON_50-no-mods-input_r100_t518400_5M_28d_23h_34m_20s_c2mon.c2mon-d80687b=cern.c2mon.server.common.republisher.RepublisherImplTest.testMultipleExceptions_output_1590726862,1590728178,1590727167,1011
surefire-batch-sorted-pom-output,JON_50-no-mods-input_r100_t518400_5M_28d_23h_34m_20s_cescoffier.vertx-completable-future-011d3cd=me.escoffier.vertx.completablefuture.VertxCompletableFutureTest.testAcceptEitherAsyncWithExecutor_output_1590726862,1590730378,1590727167,3211
surefire-batch-sorted-pom-output,JON_50-no-mods-input_r100_t518400_5M_28d_23h_34m_20s_codingchili.excelastic-6bb7884=com.codingchili.TestWriter.shouldWriteToElasticPort_output_1590726862,1590727873,1590727171,702
surefire-batch-sorted-pom-output,JON_50-no-mods-input_r100_t518400_5M_28d_23h_34m_20s_davidmoten.rxjava2-extras-d0315b6=com.github.davidmoten.rx2.SpecializedMspcLinkedQueueTest.testPushPoll_output_1590726862,1590733424,1590727171,6253
surefire-batch-sorted-pom-output,JON_50-no-mods-input_r100_t518400_5M_28d_23h_34m_20s_eclipse-ee4j.tyrus-d86e0cb=org.glassfish.tyrus.test.e2e.non_deployable.ServerExecutorsManagementTest.testExecutorServicesGetClosed_output_1590726862,1590728621,1590727174,1447
surefire-batch-sorted-pom-output,JON_50-no-mods-input_r100_t518400_5M_28d_23h_34m_20s_elasticjob.elastic-job-lite-b022898=io.elasticjob.lite.event.rdb.JobEventRdbSearchTest.assertFindJobExecutionEventsWithTime_output_1590726862,1590730823,1590727235,3588
surefire-batch-sorted-pom-output,JON_50-no-mods-input_r100_t518400_5M_28d_23h_34m_20s_elasticjob.elastic-job-lite-b022898=io.elasticjob.lite.lifecycle.api.JobAPIFactoryTest.assertCreateJobStatisticsAPI_output_1590726862,1590728158,1590727232,926
surefire-batch-sorted-pom-output,JON_50-no-mods-input_r100_t518400_5M_28d_23h_34m_20s_espertechinc.esper-590fa9c=com.espertech.esper.example.rfidassetzone.TestLRMovingSimMain.testSim_output_1590726862,1590728398,1590727171,1227
surefire-batch-sorted-pom-output,JON_50-no-mods-input_r100_t518400_5M_28d_23h_34m_20s_feroult.yawp-b3bcf9c=io.yawp.testing.appengine.pipes.flow.FlowDropsTest.testFlowDropsToSameSink_output_1590726862,1590727904,1590727171,733
surefire-batch-sorted-pom-output,JON_50-no-mods-input_r100_t518400_5M_28d_23h_34m_20s_flaxsearch.luwak-c27ec08=uk.co.flax.luwak.matchers.TestParallelMatcher.testParallelSlowLog_output_1590726862,1590729085,1590727174,1911
surefire-batch-sorted-pom-output,JON_50-no-mods-input_r100_t518400_5M_28d_23h_34m_20s_fluent.fluent-logger-java-da14ec3=org.fluentd.logger.TestFluentLogger.testReconnection_output_1590726862,1590731055,1590727185,3870
surefire-batch-sorted-pom-output,JON_50-no-mods-input_r100_t518400_5M_28d_23h_34m_20s_fromage.redpipe-0aff891=net.redpipe.discovery.DiscoveryTest.checkWebClient_output_1590726862,1590727755,1590727174,581
surefire-batch-sorted-pom-output,JON_50-no-mods-input_r100_t518400_5M_28d_23h_34m_20s_fromage.redpipe-0aff891=net.redpipe.engine.swagger.SwaggerApiTest.checkSwagger_output_1590726862,1590729278,1590727174,2104
surefire-batch-sorted-pom-output,JON_50-no-mods-input_r100_t518400_5M_28d_23h_34m_20s_lcw2004.one-7b9b249=com.lcw.one.main.EmailServiceTest.sendEmailList_output_1590726862,1590728081,1590727229,852
surefire-batch-sorted-pom-output,JON_50-no-mods-input_r100_t518400_5M_28d_23h_34m_20s_fromage.redpipe-0aff891=net.redpipe.templating.freemarker.ApiTest.checkMail_output_1590726862,1590727854,1590727174,680
surefire-batch-sorted-pom-output,JON_50-no-mods-input_r100_t518400_5M_28d_23h_34m_20s_javadelight.delight-nashorn-sandbox-da35edc=delight.nashornsandbox.TestGetFunction.test_output_1590726862,1590730066,1590727240,2826
surefire-batch-sorted-pom-output,JON_50-no-mods-input_r100_t518400_5M_28d_23h_34m_20s_kagkarlsson.db-scheduler-4a8a28e=com.github.kagkarlsson.scheduler.SchedulerTest.scheduler_should_execute_rescheduled_task_when_exactly_due_output_1590726862,1590728978,1590727193,1785
surefire-batch-sorted-pom-output,JON_50-no-mods-input_r100_t518400_5M_28d_23h_34m_20s_knightliao.disconf-2ac5c82=com.baidu.disconf.client.test.DisconfMgrTestCase.demo_output_1590726862,1590728043,1590727240,803
surefire-batch-sorted-pom-output,JON_50-no-mods-input_r100_t518400_5M_28d_23h_34m_20s_looly.hutool-91565d0=cn.hutool.cron.test.CronTest.matchAllTest_output_1590726862,1590727659,1590727246,413
surefire-batch-sorted-pom-output,JON_50-no-mods-input_r100_t518400_5M_28d_23h_34m_20s_marcosbarbero.spring-cloud-zuul-ratelimit-ae9603f=com.marcosbarbero.tests.it.Bucket4jInfinispanApplicationTestIT.testExceedingQuotaCapacityRequest_output_1590726862,1590727677,1590727287,390
surefire-batch-sorted-pom-output,JON_50-no-mods-input_r100_t518400_5M_28d_23h_34m_20s_nationalsecurityagency.timely-3a8cbd3=timely.store.iterators.TimeSeriesGroupingIteratorTest.testMultipleTimeSeriesMovingAverage_output_1590726862,1590729669,1590727074,2595
surefire-batch-sorted-pom-output,JON_50-no-mods-input_r100_t518400_5M_28d_23h_34m_20s_odrotbohm.sos-d4ed68a=example.sos.modulith.orders.EmailNotificationTest.completingAnOrderUpdatesInventory_output_1590726862,1590728322,1590727145,1177
surefire-batch-sorted-pom-output,JON_50-no-mods-input_r100_t518400_5M_28d_23h_34m_20s_oracle.oci-java-sdk-2e9982f=com.oracle.bmc.objectstorage.transfer.ProgressTrackerTest.multipartUploadProgressTrackerFactory_simulateRealLifeScenario_output_1590726862,1590729496,1590727148,2348
surefire-batch-sorted-pom-output,JON_50-no-mods-input_r100_t518400_5M_28d_23h_34m_20s_orbit.orbit-c4904af=cloud.orbit.actors.extensions.test.LengthFieldHandlerTest.randomMessages_output_1590726862,1590728691,1590727248,1443
surefire-batch-sorted-pom-output,JON_50-no-mods-input_r100_t518400_5M_28d_23h_34m_20s_oryxproject.oryx-72ae4bb=com.cloudera.oryx.common.io.IOUtilsTest.testDistinctFreePorts_output_1590726862,1590730738,1590727177,3561
surefire-batch-sorted-pom-output,JON_50-no-mods-input_r100_t518400_5M_28d_23h_34m_20s_outbrain.aletheia-024a4b7=com.outbrain.aletheia.DatumAuditorStressTest.test_breadcrumbDispatcher_under_load_output_1590726862,1590727887,1590727151,736
surefire-batch-sorted-pom-output,JON_50-no-mods-input_r100_t518400_5M_28d_23h_34m_20s_pippo-java.pippo-ae898b6=ro.pippo.session.jedis.JedisSessionDataStorageTest.testDelete_output_1590726862,1590727739,1590727151,588
surefire-batch-sorted-pom-output,JON_50-no-mods-input_r100_t518400_5M_28d_23h_34m_20s_pippo-java.pippo-ae898b6=ro.pippo.session.mongodb.MongoDBSessionDataStorageTest.testCreate_output_1590726862,1590727596,1590727151,445
surefire-batch-sorted-pom-output,JON_50-no-mods-input_r100_t518400_5M_28d_23h_34m_20s_ppiastucki.recast4j-01d478e=org.recast4j.detour.tilecache.TileCacheTest.testPerformance_output_1590726862,1590729974,1590727151,2823
surefire-batch-sorted-pom-output,JON_50-no-mods-input_r100_t518400_5M_28d_23h_34m_20s_querydsl.querydsl-2bf234c=com.querydsl.hibernate.search.SearchQueryTest.count_output_1590726862,1590728710,1590727276,1434
surefire-batch-sorted-pom-output,JON_50-no-mods-input_r100_t518400_5M_28d_23h_34m_20s_spinn3r.noxy-d53a494=com.spinn3r.noxy.discovery.zookeeper.ZKTest.testBulkClusterJoining_output_1590726862,1590733356,1590727153,6203
surefire-batch-sorted-pom-output,JON_50-no-mods-input_r100_t518400_5M_28d_23h_34m_20s_spotify.helios-aebf68d=com.spotify.helios.testing.HeliosSoloDeploymentTest.testUndeployLeftoverJobs_output_1590726862,1590743653,1590727273,16380
surefire-batch-sorted-pom-output,JON_50-no-mods-input_r100_t518400_5M_28d_23h_34m_20s_square.retrofit-ae28c3d=retrofit2.adapter.rxjava.CancelDisposeTest.cancelDoesNotDispose_output_1590726862,1590728041,1590727270,771
surefire-batch-sorted-pom-output,JON_50-no-mods-input_r100_t518400_5M_28d_23h_34m_20s_square.retrofit-ae28c3d=retrofit2.CallTest.cancelOkHttpRequest_output_1590726862,1590728250,1590727237,1013
surefire-batch-sorted-pom-output,JON_50-no-mods-input_r100_t518400_5M_28d_23h_34m_20s_tootallnate.java-websocket-fa3909c=org.java_websocket.issues.Issue256Test.runReconnectBlockingScenario0_output_1590726862,1590728742,1590727248,1494
surefire-batch-sorted-pom-output,JON_50-no-mods-input_r100_t518400_5M_28d_23h_34m_20s_undertow-io.undertow-d0efffa=io.undertow.websockets.jsr.test.JsrWebSocketServer07Test.testErrorHandling_output_1590726862,1590730962,1590727266,3696
surefire-batch-sorted-pom-output,JON_50-no-mods-input_r100_t518400_5M_28d_23h_34m_20s_vert-x3.vertx-rabbitmq-client-7305bcd=io.vertx.rabbitmq.RabbitMQClientReconnectTest.testReconnect_output_1590726862,1590728530,1590727151,1379
surefire-batch-sorted-pom-output,JON_50-no-mods-input_r100_t518400_5M_28d_23h_34m_20s_vmware.admiral-e4b0293=com.vmware.admiral.adapter.registry.service.RegistryAdapterServiceProxyTest.testInitWithProxyWithList_output_1590726862,1590731073,1590727162,3911
surefire-batch-sorted-pom-output,JON_50-no-mods-input_r100_t518400_5M_28d_23h_34m_20s_wro4j.wro4j-185ab60=ro.isdc.wro.extensions.processor.TestBourbonCssProcessor.shouldBeThreadSafe_output_1590726862,1590734419,1590727248,7171
surefire-batch-sorted-pom-output,JON_50-no-mods-input_r100_t518400_5M_28d_23h_34m_20s_wso2.carbon-apimgt-a82213e=org.wso2.carbon.apimgt.throttling.siddhi.extension.ThrottleTimeBatchWindowTestCase.throttleTimeWindowBatchTest1_output_1590726862,1590730512,1590727159,3353
surefire-batch-sorted-pom-output,JON_50-no-mods-input_r100_t518400_5M_28d_23h_34m_20s_zalando.riptide-8277e11=org.zalando.riptide.backup.BackupRequestPluginTest.shouldUseBackupRequest_output_1590726862,1590729946,1590727156,2790
surefire-batch-sorted-pom-output,JON_50-no-mods-input_r100_t518400_5M_28d_23h_34m_20s_zalando.riptide-8277e11=org.zalando.riptide.failsafe.RetryAfterDelayFunctionTest.shouldRetryOnDemandWithDynamicDelay_output_1590726862,1590730042,1590727156,2886
surefire-batch-sorted-pom-output,JON_50-no-mods-input_r100_t518400_5M_28d_23h_39m_20s_alibaba.fastjson-e05e9c5=com.alibaba.json.bvt.bug.Issue_717.test_for_issue_output_1590727163,1590753293,1590727471,25822
surefire-batch-sorted-pom-output,JON_50-no-mods-input_r100_t518400_5M_28d_23h_39m_20s_apache.hbase-801fc05=org.apache.hadoop.hbase.procedure2.TestProcedureSkipPersistence.test_output_1590727163,1590743361,1590727463,15898
surefire-batch-sorted-pom-output,JON_50-no-mods-input_r100_t518400_5M_28d_23h_39m_20s_apache.incubator-dubbo-737f7a7=org.apache.dubbo.remoting.exchange.support.header.HeartbeatHandlerTest.testHeartbeat_output_1590727163,1590732443,1590727463,4980
surefire-batch-sorted-pom-output,JON_50-no-mods-input_r100_t518400_5M_28d_23h_39m_20s_apache.incubator-dubbo-737f7a7=org.apache.dubbo.rpc.protocol.dubbo.DubboLazyConnectTest.testSticky1_output_1590727163,1590743372,1590727463,15909
surefire-batch-sorted-pom-output,JON_50-no-mods-input_r100_t518400_5M_28d_23h_39m_20s_apache.incubator-dubbo-737f7a7=org.apache.dubbo.rpc.protocol.http.HttpProtocolTest.testGenericInvokeWithNativeJava_output_1590727163,1590728343,1590727462,881
surefire-batch-sorted-pom-output,JON_50-no-mods-input_r100_t518400_5M_28d_23h_39m_20s_apereo.java-cas-client-574b74f=org.jasig.cas.client.validation.AssertionImplTests.testAssertionValidity_output_1590727163,1590728394,1590727438,956
surefire-batch-sorted-pom-output,JON_50-no-mods-input_r100_t518400_5M_28d_23h_39m_20s_c2mon.c2mon-d80687b=cern.c2mon.daq.filter.dynamic.DiffTimeDeadbandActivatorTest.testNoActivationOnFirstRecord_output_1590727163,1590728841,1590727438,1403
surefire-batch-sorted-pom-output,JON_50-no-mods-input_r100_t518400_5M_28d_23h_39m_20s_c2mon.c2mon-d80687b=cern.c2mon.server.common.republisher.RepublisherImplTest.testMultipleExceptions_output_1590727163,1590728446,1590727442,1004
surefire-batch-sorted-pom-output,JON_50-no-mods-input_r100_t518400_5M_28d_23h_39m_20s_cescoffier.vertx-completable-future-011d3cd=me.escoffier.vertx.completablefuture.VertxCompletableFutureTest.testAcceptEitherAsyncWithExecutor_output_1590727163,1590730682,1590727442,3240
surefire-batch-sorted-pom-output,JON_50-no-mods-input_r100_t518400_5M_28d_23h_39m_20s_codingchili.excelastic-6bb7884=com.codingchili.TestWriter.shouldWriteToElasticPort_output_1590727163,1590728080,1590727442,638
surefire-batch-sorted-pom-output,JON_50-no-mods-input_r100_t518400_5M_28d_23h_39m_20s_davidmoten.rxjava2-extras-d0315b6=com.github.davidmoten.rx2.SpecializedMspcLinkedQueueTest.testPushPoll_output_1590727163,1590733781,1590727445,6336
surefire-batch-sorted-pom-output,JON_50-no-mods-input_r100_t518400_5M_28d_23h_39m_20s_eclipse-ee4j.tyrus-d86e0cb=org.glassfish.tyrus.test.e2e.non_deployable.ServerExecutorsManagementTest.testExecutorServicesGetClosed_output_1590727163,1590728731,1590727448,1283
surefire-batch-sorted-pom-output,JON_50-no-mods-input_r100_t518400_5M_28d_23h_39m_20s_elasticjob.elastic-job-lite-b022898=io.elasticjob.lite.event.rdb.JobEventRdbSearchTest.assertFindJobExecutionEventsWithTime_output_1590727163,1590730943,1590727463,3480
surefire-batch-sorted-pom-output,JON_50-no-mods-input_r100_t518400_5M_28d_23h_39m_20s_elasticjob.elastic-job-lite-b022898=io.elasticjob.lite.lifecycle.api.JobAPIFactoryTest.assertCreateJobStatisticsAPI_output_1590727163,1590728388,1590727464,924
surefire-batch-sorted-pom-output,JON_50-no-mods-input_r100_t518400_5M_28d_23h_39m_20s_espertechinc.esper-590fa9c=com.espertech.esper.example.rfidassetzone.TestLRMovingSimMain.testSim_output_1590727163,1590728661,1590727445,1216
surefire-batch-sorted-pom-output,JON_50-no-mods-input_r100_t518400_5M_28d_23h_39m_20s_feroult.yawp-b3bcf9c=io.yawp.testing.appengine.pipes.flow.FlowDropsTest.testFlowDropsToSameSink_output_1590727163,1590728198,1590727459,739
surefire-batch-sorted-pom-output,JON_50-no-mods-input_r100_t518400_5M_28d_23h_39m_20s_flaxsearch.luwak-c27ec08=uk.co.flax.luwak.matchers.TestParallelMatcher.testParallelSlowLog_output_1590727163,1590729157,1590727456,1701
surefire-batch-sorted-pom-output,JON_50-no-mods-input_r100_t518400_5M_28d_23h_39m_20s_fluent.fluent-logger-java-da14ec3=org.fluentd.logger.TestFluentLogger.testReconnection_output_1590727163,1590731188,1590727450,3738
surefire-batch-sorted-pom-output,JON_50-no-mods-input_r100_t518400_5M_28d_23h_39m_20s_fromage.redpipe-0aff891=net.redpipe.discovery.DiscoveryTest.checkWebClient_output_1590727163,1590728075,1590727456,619
surefire-batch-sorted-pom-output,JON_50-no-mods-input_r100_t518400_5M_28d_23h_39m_20s_fromage.redpipe-0aff891=net.redpipe.engine.swagger.SwaggerApiTest.checkSwagger_output_1590727163,1590729348,1590727456,1892
surefire-batch-sorted-pom-output,JON_50-no-mods-input_r100_t518400_5M_28d_23h_39m_20s_fromage.redpipe-0aff891=net.redpipe.templating.freemarker.ApiTest.checkMail_output_1590727163,1590728124,1590727456,668
surefire-batch-sorted-pom-output,JON_50-no-mods-input_r100_t518400_5M_28d_23h_39m_20s_javadelight.delight-nashorn-sandbox-da35edc=delight.nashornsandbox.TestGetFunction.test_output_1590727163,1590730353,1590727456,2897
surefire-batch-sorted-pom-output,JON_50-no-mods-input_r100_t518400_5M_28d_23h_39m_20s_kagkarlsson.db-scheduler-4a8a28e=com.github.kagkarlsson.scheduler.SchedulerTest.scheduler_should_execute_rescheduled_task_when_exactly_due_output_1590727163,1590729158,1590727460,1698
surefire-batch-sorted-pom-output,JON_50-no-mods-input_r100_t518400_5M_28d_23h_39m_20s_knightliao.disconf-2ac5c82=com.baidu.disconf.client.test.DisconfMgrTestCase.demo_output_1590727163,1590728249,1590727464,785
surefire-batch-sorted-pom-output,JON_50-no-mods-input_r100_t518400_5M_28d_23h_39m_20s_lcw2004.one-7b9b249=com.lcw.one.main.EmailServiceTest.sendEmailList_output_1590727163,1590728310,1590727459,851
surefire-batch-sorted-pom-output,JON_50-no-mods-input_r100_t518400_5M_28d_23h_39m_20s_looly.hutool-91565d0=cn.hutool.cron.test.CronTest.matchAllTest_output_1590727163,1590727916,1590727465,451
surefire-batch-sorted-pom-output,JON_50-no-mods-input_r100_t518400_5M_28d_23h_39m_20s_marcosbarbero.spring-cloud-zuul-ratelimit-ae9603f=com.marcosbarbero.tests.it.Bucket4jInfinispanApplicationTestIT.testExceedingQuotaCapacityRequest_output_1590727163,1590727872,1590727471,401
surefire-batch-sorted-pom-output,JON_50-no-mods-input_r100_t518400_5M_28d_23h_39m_20s_nationalsecurityagency.timely-3a8cbd3=timely.store.iterators.TimeSeriesGroupingIteratorTest.testMultipleTimeSeriesMovingAverage_output_1590727163,1590729914,1590727398,2516
surefire-batch-sorted-pom-output,JON_50-no-mods-input_r100_t518400_5M_28d_23h_39m_20s_odrotbohm.sos-d4ed68a=example.sos.modulith.orders.EmailNotificationTest.completingAnOrderUpdatesInventory_output_1590727163,1590728542,1590727412,1130
surefire-batch-sorted-pom-output,JON_50-no-mods-input_r100_t518400_5M_28d_23h_39m_20s_oracle.oci-java-sdk-2e9982f=com.oracle.bmc.objectstorage.transfer.ProgressTrackerTest.multipartUploadProgressTrackerFactory_simulateRealLifeScenario_output_1590727163,1590729742,1590727430,2312
surefire-batch-sorted-pom-output,JON_50-no-mods-input_r100_t518400_5M_28d_23h_39m_20s_orbit.orbit-c4904af=cloud.orbit.actors.extensions.test.LengthFieldHandlerTest.randomMessages_output_1590727163,1590728934,1590727465,1469
surefire-batch-sorted-pom-output,JON_50-no-mods-input_r100_t518400_5M_28d_23h_39m_20s_oryxproject.oryx-72ae4bb=com.cloudera.oryx.common.io.IOUtilsTest.testDistinctFreePorts_output_1590727163,1590730992,1590727465,3527
surefire-batch-sorted-pom-output,JON_50-no-mods-input_r100_t518400_5M_28d_23h_39m_20s_outbrain.aletheia-024a4b7=com.outbrain.aletheia.DatumAuditorStressTest.test_breadcrumbDispatcher_under_load_output_1590727163,1590728173,1590727430,743
surefire-batch-sorted-pom-output,JON_50-no-mods-input_r100_t518400_5M_28d_23h_39m_20s_pippo-java.pippo-ae898b6=ro.pippo.session.jedis.JedisSessionDataStorageTest.testDelete_output_1590727163,1590727983,1590727433,550
surefire-batch-sorted-pom-output,JON_50-no-mods-input_r100_t518400_5M_28d_23h_39m_20s_pippo-java.pippo-ae898b6=ro.pippo.session.mongodb.MongoDBSessionDataStorageTest.testCreate_output_1590727163,1590727860,1590727433,427
surefire-batch-sorted-pom-output,JON_50-no-mods-input_r100_t518400_5M_28d_23h_39m_20s_ppiastucki.recast4j-01d478e=org.recast4j.detour.tilecache.TileCacheTest.testPerformance_output_1590727163,1590730160,1590727436,2724
surefire-batch-sorted-pom-output,JON_50-no-mods-input_r100_t518400_5M_28d_23h_39m_20s_querydsl.querydsl-2bf234c=com.querydsl.hibernate.search.SearchQueryTest.count_output_1590727163,1590728828,1590727465,1363
surefire-batch-sorted-pom-output,JON_50-no-mods-input_r100_t518400_5M_28d_23h_39m_20s_spinn3r.noxy-d53a494=com.spinn3r.noxy.discovery.zookeeper.ZKTest.testBulkClusterJoining_output_1590727163,1590731926,1590727436,4490
surefire-batch-sorted-pom-output,JON_50-no-mods-input_r100_t518400_5M_28d_23h_39m_20s_square.retrofit-ae28c3d=retrofit2.adapter.rxjava.CancelDisposeTest.cancelDoesNotDispose_output_1590727163,1590728267,1590727471,796
surefire-batch-sorted-pom-output,JON_50-no-mods-input_r100_t518400_5M_28d_23h_39m_20s_square.retrofit-ae28c3d=retrofit2.CallTest.cancelOkHttpRequest_output_1590727163,1590728519,1590727468,1051
surefire-batch-sorted-pom-output,JON_50-no-mods-input_r100_t518400_5M_28d_23h_39m_20s_tootallnate.java-websocket-fa3909c=org.java_websocket.issues.Issue256Test.runReconnectBlockingScenario0_output_1590727163,1590728936,1590727471,1465
surefire-batch-sorted-pom-output,JON_50-no-mods-input_r100_t518400_5M_28d_23h_39m_20s_undertow-io.undertow-d0efffa=io.undertow.websockets.jsr.test.JsrWebSocketServer07Test.testErrorHandling_output_1590727163,1590731016,1590727468,3548
surefire-batch-sorted-pom-output,JON_50-no-mods-input_r100_t518400_5M_28d_23h_39m_20s_vert-x3.vertx-rabbitmq-client-7305bcd=io.vertx.rabbitmq.RabbitMQClientReconnectTest.testReconnect_output_1590727163,1590728902,1590727438,1464
surefire-batch-sorted-pom-output,JON_50-no-mods-input_r100_t518400_5M_28d_23h_39m_20s_vmware.admiral-e4b0293=com.vmware.admiral.adapter.registry.service.RegistryAdapterServiceProxyTest.testInitWithProxyWithList_output_1590727163,1590731318,1590727436,3882
surefire-batch-sorted-pom-output,JON_50-no-mods-input_r100_t518400_5M_28d_23h_39m_20s_wro4j.wro4j-185ab60=ro.isdc.wro.extensions.processor.TestBourbonCssProcessor.shouldBeThreadSafe_output_1590727163,1590733637,1590727471,6166
surefire-batch-sorted-pom-output,JON_50-no-mods-input_r100_t518400_5M_28d_23h_39m_20s_wso2.carbon-apimgt-a82213e=org.wso2.carbon.apimgt.throttling.siddhi.extension.ThrottleTimeBatchWindowTestCase.throttleTimeWindowBatchTest1_output_1590727163,1590730739,1590727442,3297
surefire-batch-sorted-pom-output,JON_50-no-mods-input_r100_t518400_5M_28d_23h_39m_20s_zalando.riptide-8277e11=org.zalando.riptide.backup.BackupRequestPluginTest.shouldUseBackupRequest_output_1590727163,1590730089,1590727442,2647
surefire-batch-sorted-pom-output,JON_50-no-mods-input_r100_t518400_5M_28d_23h_39m_20s_zalando.riptide-8277e11=org.zalando.riptide.failsafe.RetryAfterDelayFunctionTest.shouldRetryOnDemandWithDynamicDelay_output_1590727163,1590730478,1590727442,3036
surefire-batch-sorted-pom-output,JON_50-no-mods-input_r100_t518400_5M_28d_23h_44m_20s_alibaba.fastjson-e05e9c5=com.alibaba.json.bvt.bug.Issue_717.test_for_issue_output_1590727463,1590752955,1590727863,25092
surefire-batch-sorted-pom-output,JON_50-no-mods-input_r100_t518400_5M_28d_23h_44m_20s_apache.hbase-801fc05=org.apache.hadoop.hbase.procedure2.TestProcedureSkipPersistence.test_output_1590727463,1590743914,1590727789,16125
surefire-batch-sorted-pom-output,JON_50-no-mods-input_r100_t518400_5M_28d_23h_44m_20s_apache.incubator-dubbo-737f7a7=org.apache.dubbo.remoting.exchange.support.header.HeartbeatHandlerTest.testHeartbeat_output_1590727463,1590732789,1590727791,4998
surefire-batch-sorted-pom-output,JON_50-no-mods-input_r100_t518400_5M_28d_23h_44m_20s_apache.incubator-dubbo-737f7a7=org.apache.dubbo.rpc.protocol.dubbo.DubboLazyConnectTest.testSticky1_output_1590727463,1590743653,1590727826,15827
surefire-batch-sorted-pom-output,JON_50-no-mods-input_r100_t518400_5M_28d_23h_44m_20s_apache.incubator-dubbo-737f7a7=org.apache.dubbo.rpc.protocol.http.HttpProtocolTest.testGenericInvokeWithNativeJava_output_1590727463,1590728890,1590727826,1064
surefire-batch-sorted-pom-output,JON_50-no-mods-input_r100_t518400_5M_28d_23h_44m_20s_apereo.java-cas-client-574b74f=org.jasig.cas.client.validation.AssertionImplTests.testAssertionValidity_output_1590727463,1590728724,1590727771,953
surefire-batch-sorted-pom-output,JON_50-no-mods-input_r100_t518400_5M_28d_23h_44m_20s_c2mon.c2mon-d80687b=cern.c2mon.daq.filter.dynamic.DiffTimeDeadbandActivatorTest.testNoActivationOnFirstRecord_output_1590727463,1590729225,1590727771,1454
surefire-batch-sorted-pom-output,JON_50-no-mods-input_r100_t518400_5M_28d_23h_44m_20s_c2mon.c2mon-d80687b=cern.c2mon.server.common.republisher.RepublisherImplTest.testMultipleExceptions_output_1590727463,1590728804,1590727771,1033
surefire-batch-sorted-pom-output,JON_50-no-mods-input_r100_t518400_5M_28d_23h_44m_20s_cescoffier.vertx-completable-future-011d3cd=me.escoffier.vertx.completablefuture.VertxCompletableFutureTest.testAcceptEitherAsyncWithExecutor_output_1590727463,1590731043,1590727774,3269
surefire-batch-sorted-pom-output,JON_50-no-mods-input_r100_t518400_5M_28d_23h_44m_20s_codingchili.excelastic-6bb7884=com.codingchili.TestWriter.shouldWriteToElasticPort_output_1590727463,1590728467,1590727774,693
surefire-batch-sorted-pom-output,JON_50-no-mods-input_r100_t518400_5M_28d_23h_44m_20s_davidmoten.rxjava2-extras-d0315b6=com.github.davidmoten.rx2.SpecializedMspcLinkedQueueTest.testPushPoll_output_1590727463,1590733851,1590727774,6077
surefire-batch-sorted-pom-output,JON_50-no-mods-input_r100_t518400_5M_28d_23h_44m_20s_eclipse-ee4j.tyrus-d86e0cb=org.glassfish.tyrus.test.e2e.non_deployable.ServerExecutorsManagementTest.testExecutorServicesGetClosed_output_1590727463,1590729140,1590727777,1363
surefire-batch-sorted-pom-output,JON_50-no-mods-input_r100_t518400_5M_28d_23h_44m_20s_elasticjob.elastic-job-lite-b022898=io.elasticjob.lite.event.rdb.JobEventRdbSearchTest.assertFindJobExecutionEventsWithTime_output_1590727463,1590731485,1590727826,3659
surefire-batch-sorted-pom-output,JON_50-no-mods-input_r100_t518400_5M_28d_23h_44m_20s_elasticjob.elastic-job-lite-b022898=io.elasticjob.lite.lifecycle.api.JobAPIFactoryTest.assertCreateJobStatisticsAPI_output_1590727463,1590728783,1590727826,957
surefire-batch-sorted-pom-output,JON_50-no-mods-input_r100_t518400_5M_28d_23h_44m_20s_espertechinc.esper-590fa9c=com.espertech.esper.example.rfidassetzone.TestLRMovingSimMain.testSim_output_1590727463,1590728993,1590727778,1215
surefire-batch-sorted-pom-output,JON_50-no-mods-input_r100_t518400_5M_28d_23h_44m_20s_feroult.yawp-b3bcf9c=io.yawp.testing.appengine.pipes.flow.FlowDropsTest.testFlowDropsToSameSink_output_1590727463,1590728524,1590727780,744
surefire-batch-sorted-pom-output,JON_50-no-mods-input_r100_t518400_5M_28d_23h_44m_20s_flaxsearch.luwak-c27ec08=uk.co.flax.luwak.matchers.TestParallelMatcher.testParallelSlowLog_output_1590727463,1590729720,1590727780,1940
surefire-batch-sorted-pom-output,JON_50-no-mods-input_r100_t518400_5M_28d_23h_44m_20s_fluent.fluent-logger-java-da14ec3=org.fluentd.logger.TestFluentLogger.testReconnection_output_1590727463,1590731652,1590727783,3869
surefire-batch-sorted-pom-output,JON_50-no-mods-input_r100_t518400_5M_28d_23h_44m_20s_fromage.redpipe-0aff891=net.redpipe.discovery.DiscoveryTest.checkWebClient_output_1590727463,1590728413,1590727783,630
surefire-batch-sorted-pom-output,JON_50-no-mods-input_r100_t518400_5M_28d_23h_44m_20s_fromage.redpipe-0aff891=net.redpipe.engine.swagger.SwaggerApiTest.checkSwagger_output_1590727463,1590729781,1590727780,2001
surefire-batch-sorted-pom-output,JON_50-no-mods-input_r100_t518400_5M_28d_23h_44m_20s_fromage.redpipe-0aff891=net.redpipe.templating.freemarker.ApiTest.checkMail_output_1590727463,1590728515,1590727786,729
surefire-batch-sorted-pom-output,JON_50-no-mods-input_r100_t518400_5M_28d_23h_44m_20s_javadelight.delight-nashorn-sandbox-da35edc=delight.nashornsandbox.TestGetFunction.test_output_1590727463,1590730911,1590727786,3125
surefire-batch-sorted-pom-output,JON_50-no-mods-input_r100_t518400_5M_28d_23h_44m_20s_kagkarlsson.db-scheduler-4a8a28e=com.github.kagkarlsson.scheduler.SchedulerTest.scheduler_should_execute_rescheduled_task_when_exactly_due_output_1590727463,1590729603,1590727832,1771
surefire-batch-sorted-pom-output,JON_50-no-mods-input_r100_t518400_5M_28d_23h_44m_20s_knightliao.disconf-2ac5c82=com.baidu.disconf.client.test.DisconfMgrTestCase.demo_output_1590727463,1590728728,1590727861,867
surefire-batch-sorted-pom-output,JON_50-no-mods-input_r100_t518400_5M_28d_23h_44m_20s_lcw2004.one-7b9b249=com.lcw.one.main.EmailServiceTest.sendEmailList_output_1590727463,1590728706,1590727829,877
surefire-batch-sorted-pom-output,JON_50-no-mods-input_r100_t518400_5M_28d_23h_44m_20s_looly.hutool-91565d0=cn.hutool.cron.test.CronTest.matchAllTest_output_1590727463,1590728328,1590727852,476
surefire-batch-sorted-pom-output,JON_50-no-mods-input_r100_t518400_5M_28d_23h_44m_20s_marcosbarbero.spring-cloud-zuul-ratelimit-ae9603f=com.marcosbarbero.tests.it.Bucket4jInfinispanApplicationTestIT.testExceedingQuotaCapacityRequest_output_1590727463,1590728267,1590727861,406
surefire-batch-sorted-pom-output,JON_50-no-mods-input_r100_t518400_5M_28d_23h_44m_20s_nationalsecurityagency.timely-3a8cbd3=timely.store.iterators.TimeSeriesGroupingIteratorTest.testMultipleTimeSeriesMovingAverage_output_1590727463,1590730289,1590727697,2592
surefire-batch-sorted-pom-output,JON_50-no-mods-input_r100_t518400_5M_28d_23h_44m_20s_odrotbohm.sos-d4ed68a=example.sos.modulith.orders.EmailNotificationTest.completingAnOrderUpdatesInventory_output_1590727463,1590728957,1590727746,1211
surefire-batch-sorted-pom-output,JON_50-no-mods-input_r100_t518400_5M_28d_23h_44m_20s_oracle.oci-java-sdk-2e9982f=com.oracle.bmc.objectstorage.transfer.ProgressTrackerTest.multipartUploadProgressTrackerFactory_simulateRealLifeScenario_output_1590727463,1590730179,1590727754,2425
surefire-batch-sorted-pom-output,JON_50-no-mods-input_r100_t518400_5M_28d_23h_44m_20s_orbit.orbit-c4904af=cloud.orbit.actors.extensions.test.LengthFieldHandlerTest.randomMessages_output_1590727463,1590729261,1590727852,1409
surefire-batch-sorted-pom-output,JON_50-no-mods-input_r100_t518400_5M_28d_23h_44m_20s_querydsl.querydsl-2bf234c=com.querydsl.hibernate.search.SearchQueryTest.count_output_1590727463,1590729221,1590727832,1389
surefire-batch-sorted-pom-output,JON_50-no-mods-input_r100_t518400_5M_28d_23h_44m_20s_oryxproject.oryx-72ae4bb=com.cloudera.oryx.common.io.IOUtilsTest.testDistinctFreePorts_output_1590727463,1590731432,1590727834,3598
surefire-batch-sorted-pom-output,JON_50-no-mods-input_r100_t518400_5M_28d_23h_44m_20s_outbrain.aletheia-024a4b7=com.outbrain.aletheia.DatumAuditorStressTest.test_breadcrumbDispatcher_under_load_output_1590727463,1590728549,1590727755,794
surefire-batch-sorted-pom-output,JON_50-no-mods-input_r100_t518400_5M_28d_23h_44m_20s_pippo-java.pippo-ae898b6=ro.pippo.session.jedis.JedisSessionDataStorageTest.testDelete_output_1590727463,1590728351,1590727753,598
surefire-batch-sorted-pom-output,JON_50-no-mods-input_r100_t518400_5M_28d_23h_44m_20s_pippo-java.pippo-ae898b6=ro.pippo.session.mongodb.MongoDBSessionDataStorageTest.testCreate_output_1590727463,1590728201,1590727765,436
surefire-batch-sorted-pom-output,JON_50-no-mods-input_r100_t518400_5M_28d_23h_44m_20s_ppiastucki.recast4j-01d478e=org.recast4j.detour.tilecache.TileCacheTest.testPerformance_output_1590727463,1590730578,1590727754,2824
surefire-batch-sorted-pom-output,JON_50-no-mods-input_r100_t518400_5M_28d_23h_44m_20s_spinn3r.noxy-d53a494=com.spinn3r.noxy.discovery.zookeeper.ZKTest.testBulkClusterJoining_output_1590727463,1590733190,1590727757,5433
surefire-batch-sorted-pom-output,JON_50-no-mods-input_r100_t518400_5M_28d_23h_44m_20s_square.retrofit-ae28c3d=retrofit2.adapter.rxjava.CancelDisposeTest.cancelDoesNotDispose_output_1590727463,1590728704,1590727837,867
surefire-batch-sorted-pom-output,JON_50-no-mods-input_r100_t518400_5M_28d_23h_44m_20s_square.retrofit-ae28c3d=retrofit2.CallTest.cancelOkHttpRequest_output_1590727463,1590728859,1590727832,1027
surefire-batch-sorted-pom-output,JON_50-no-mods-input_r100_t518400_5M_28d_23h_44m_20s_tootallnate.java-websocket-fa3909c=org.java_websocket.issues.Issue256Test.runReconnectBlockingScenario0_output_1590727463,1590729488,1590727870,1618
surefire-batch-sorted-pom-output,JON_50-no-mods-input_r100_t518400_5M_28d_23h_44m_20s_undertow-io.undertow-d0efffa=io.undertow.websockets.jsr.test.JsrWebSocketServer07Test.testErrorHandling_output_1590727463,1590731707,1590727866,3841
surefire-batch-sorted-pom-output,JON_50-no-mods-input_r100_t518400_5M_28d_23h_44m_20s_vert-x3.vertx-rabbitmq-client-7305bcd=io.vertx.rabbitmq.RabbitMQClientReconnectTest.testReconnect_output_1590727463,1590729184,1590727765,1419
surefire-batch-sorted-pom-output,JON_50-no-mods-input_r100_t518400_5M_28d_23h_44m_20s_vmware.admiral-e4b0293=com.vmware.admiral.adapter.registry.service.RegistryAdapterServiceProxyTest.testInitWithProxyWithList_output_1590727463,1590732102,1590727753,4349
surefire-batch-sorted-pom-output,JON_50-no-mods-input_r100_t518400_5M_28d_23h_44m_20s_wro4j.wro4j-185ab60=ro.isdc.wro.extensions.processor.TestBourbonCssProcessor.shouldBeThreadSafe_output_1590727463,1590734967,1590727863,7104
surefire-batch-sorted-pom-output,JON_50-no-mods-input_r100_t518400_5M_28d_23h_44m_20s_wso2.carbon-apimgt-a82213e=org.wso2.carbon.apimgt.throttling.siddhi.extension.ThrottleTimeBatchWindowTestCase.throttleTimeWindowBatchTest1_output_1590727463,1590731076,1590727748,3328
surefire-batch-sorted-pom-output,JON_50-no-mods-input_r100_t518400_5M_28d_23h_44m_20s_zalando.riptide-8277e11=org.zalando.riptide.backup.BackupRequestPluginTest.shouldUseBackupRequest_output_1590727463,1590730487,1590727768,2719
surefire-batch-sorted-pom-output,JON_50-no-mods-input_r100_t518400_5M_28d_23h_44m_20s_zalando.riptide-8277e11=org.zalando.riptide.failsafe.RetryAfterDelayFunctionTest.shouldRetryOnDemandWithDynamicDelay_output_1590727463,1590730793,1590727768,3025
surefire-batch-sorted-pom-output,JON_50-no-mods-input_r100_t518400_5M_28d_23h_49m_20s_alibaba.fastjson-e05e9c5=com.alibaba.json.bvt.bug.Issue_717.test_for_issue_output_1590727763,1590751780,1590728079,23701
surefire-batch-sorted-pom-output,JON_50-no-mods-input_r100_t518400_5M_28d_23h_49m_20s_apache.hbase-801fc05=org.apache.hadoop.hbase.procedure2.TestProcedureSkipPersistence.test_output_1590727763,1590744839,1590728064,16775
surefire-batch-sorted-pom-output,JON_50-no-mods-input_r100_t518400_5M_28d_23h_49m_20s_apache.incubator-dubbo-737f7a7=org.apache.dubbo.remoting.exchange.support.header.HeartbeatHandlerTest.testHeartbeat_output_1590727763,1590733066,1590728064,5002
surefire-batch-sorted-pom-output,JON_50-no-mods-input_r100_t518400_5M_28d_23h_49m_20s_apache.incubator-dubbo-737f7a7=org.apache.dubbo.rpc.protocol.dubbo.DubboLazyConnectTest.testSticky1_output_1590727763,1590743961,1590728064,15897
surefire-batch-sorted-pom-output,JON_50-no-mods-input_r100_t518400_5M_28d_23h_49m_20s_apache.incubator-dubbo-737f7a7=org.apache.dubbo.rpc.protocol.http.HttpProtocolTest.testGenericInvokeWithNativeJava_output_1590727763,1590729044,1590728073,971
surefire-batch-sorted-pom-output,JON_50-no-mods-input_r100_t518400_5M_28d_23h_49m_20s_apereo.java-cas-client-574b74f=org.jasig.cas.client.validation.AssertionImplTests.testAssertionValidity_output_1590727763,1590728990,1590728053,937
surefire-batch-sorted-pom-output,JON_50-no-mods-input_r100_t518400_5M_28d_23h_49m_20s_c2mon.c2mon-d80687b=cern.c2mon.daq.filter.dynamic.DiffTimeDeadbandActivatorTest.testNoActivationOnFirstRecord_output_1590727763,1590729542,1590728050,1492
surefire-batch-sorted-pom-output,JON_50-no-mods-input_r100_t518400_5M_28d_23h_49m_20s_c2mon.c2mon-d80687b=cern.c2mon.server.common.republisher.RepublisherImplTest.testMultipleExceptions_output_1590727763,1590729035,1590728050,985
surefire-batch-sorted-pom-output,JON_50-no-mods-input_r100_t518400_5M_28d_23h_49m_20s_cescoffier.vertx-completable-future-011d3cd=me.escoffier.vertx.completablefuture.VertxCompletableFutureTest.testAcceptEitherAsyncWithExecutor_output_1590727763,1590731303,1590728053,3250
surefire-batch-sorted-pom-output,JON_50-no-mods-input_r100_t518400_5M_28d_23h_49m_20s_codingchili.excelastic-6bb7884=com.codingchili.TestWriter.shouldWriteToElasticPort_output_1590727763,1590728788,1590728053,735
surefire-batch-sorted-pom-output,JON_50-no-mods-input_r100_t518400_5M_28d_23h_49m_20s_davidmoten.rxjava2-extras-d0315b6=com.github.davidmoten.rx2.SpecializedMspcLinkedQueueTest.testPushPoll_output_1590727763,1590734154,1590728050,6104
surefire-batch-sorted-pom-output,JON_50-no-mods-input_r100_t518400_5M_28d_23h_49m_20s_eclipse-ee4j.tyrus-d86e0cb=org.glassfish.tyrus.test.e2e.non_deployable.ServerExecutorsManagementTest.testExecutorServicesGetClosed_output_1590727763,1590729555,1590728050,1505
surefire-batch-sorted-pom-output,JON_50-no-mods-input_r100_t518400_5M_28d_23h_49m_20s_elasticjob.elastic-job-lite-b022898=io.elasticjob.lite.event.rdb.JobEventRdbSearchTest.assertFindJobExecutionEventsWithTime_output_1590727763,1590731812,1590728067,3745
surefire-batch-sorted-pom-output,JON_50-no-mods-input_r100_t518400_5M_28d_23h_49m_20s_elasticjob.elastic-job-lite-b022898=io.elasticjob.lite.lifecycle.api.JobAPIFactoryTest.assertCreateJobStatisticsAPI_output_1590727763,1590729052,1590728071,981
surefire-batch-sorted-pom-output,JON_50-no-mods-input_r100_t518400_5M_28d_23h_49m_20s_espertechinc.esper-590fa9c=com.espertech.esper.example.rfidassetzone.TestLRMovingSimMain.testSim_output_1590727763,1590729271,1590728059,1212
surefire-batch-sorted-pom-output,JON_50-no-mods-input_r100_t518400_5M_28d_23h_49m_20s_feroult.yawp-b3bcf9c=io.yawp.testing.appengine.pipes.flow.FlowDropsTest.testFlowDropsToSameSink_output_1590727763,1590728841,1590728059,782
surefire-batch-sorted-pom-output,JON_50-no-mods-input_r100_t518400_5M_28d_23h_49m_20s_flaxsearch.luwak-c27ec08=uk.co.flax.luwak.matchers.TestParallelMatcher.testParallelSlowLog_output_1590727763,1590729978,1590728059,1919
surefire-batch-sorted-pom-output,JON_50-no-mods-input_r100_t518400_5M_28d_23h_49m_20s_fluent.fluent-logger-java-da14ec3=org.fluentd.logger.TestFluentLogger.testReconnection_output_1590727763,1590731906,1590728059,3847
surefire-batch-sorted-pom-output,JON_50-no-mods-input_r100_t518400_5M_28d_23h_49m_20s_fromage.redpipe-0aff891=net.redpipe.discovery.DiscoveryTest.checkWebClient_output_1590727763,1590728651,1590728061,590
surefire-batch-sorted-pom-output,JON_50-no-mods-input_r100_t518400_5M_28d_23h_49m_20s_fromage.redpipe-0aff891=net.redpipe.engine.swagger.SwaggerApiTest.checkSwagger_output_1590727763,1590730092,1590728061,2031
surefire-batch-sorted-pom-output,JON_50-no-mods-input_r100_t518400_5M_28d_23h_49m_20s_fromage.redpipe-0aff891=net.redpipe.templating.freemarker.ApiTest.checkMail_output_1590727763,1590728809,1590728061,748
surefire-batch-sorted-pom-output,JON_50-no-mods-input_r100_t518400_5M_28d_23h_49m_20s_javadelight.delight-nashorn-sandbox-da35edc=delight.nashornsandbox.TestGetFunction.test_output_1590727763,1590730676,1590728064,2612
surefire-batch-sorted-pom-output,JON_50-no-mods-input_r100_t518400_5M_28d_23h_49m_20s_kagkarlsson.db-scheduler-4a8a28e=com.github.kagkarlsson.scheduler.SchedulerTest.scheduler_should_execute_rescheduled_task_when_exactly_due_output_1590727763,1590729822,1590728068,1754
surefire-batch-sorted-pom-output,JON_50-no-mods-input_r100_t518400_5M_28d_23h_49m_20s_knightliao.disconf-2ac5c82=com.baidu.disconf.client.test.DisconfMgrTestCase.demo_output_1590727763,1590728841,1590728071,770
surefire-batch-sorted-pom-output,JON_50-no-mods-input_r100_t518400_5M_28d_23h_49m_20s_lcw2004.one-7b9b249=com.lcw.one.main.EmailServiceTest.sendEmailList_output_1590727763,1590729020,1590728071,949
surefire-batch-sorted-pom-output,JON_50-no-mods-input_r100_t518400_5M_28d_23h_49m_20s_looly.hutool-91565d0=cn.hutool.cron.test.CronTest.matchAllTest_output_1590727763,1590728501,1590728073,428
surefire-batch-sorted-pom-output,JON_50-no-mods-input_r100_t518400_5M_28d_23h_49m_20s_marcosbarbero.spring-cloud-zuul-ratelimit-ae9603f=com.marcosbarbero.tests.it.Bucket4jInfinispanApplicationTestIT.testExceedingQuotaCapacityRequest_output_1590727763,1590728497,1590728082,415
surefire-batch-sorted-pom-output,JON_50-no-mods-input_r100_t518400_5M_28d_23h_49m_20s_odrotbohm.sos-d4ed68a=example.sos.modulith.orders.EmailNotificationTest.completingAnOrderUpdatesInventory_output_1590727763,1590729121,1590727996,1125
surefire-batch-sorted-pom-output,JON_50-no-mods-input_r100_t518400_5M_28d_23h_49m_20s_nationalsecurityagency.timely-3a8cbd3=timely.store.iterators.TimeSeriesGroupingIteratorTest.testMultipleTimeSeriesMovingAverage_output_1590727763,1590730413,1590728033,2380
surefire-batch-sorted-pom-output,JON_50-no-mods-input_r100_t518400_5M_28d_23h_49m_20s_oracle.oci-java-sdk-2e9982f=com.oracle.bmc.objectstorage.transfer.ProgressTrackerTest.multipartUploadProgressTrackerFactory_simulateRealLifeScenario_output_1590727763,1590730349,1590728038,2311
surefire-batch-sorted-pom-output,JON_50-no-mods-input_r100_t518400_5M_28d_23h_49m_20s_orbit.orbit-c4904af=cloud.orbit.actors.extensions.test.LengthFieldHandlerTest.randomMessages_output_1590727763,1590729460,1590728071,1389
surefire-batch-sorted-pom-output,JON_50-no-mods-input_r100_t518400_5M_28d_23h_49m_20s_oryxproject.oryx-72ae4bb=com.cloudera.oryx.common.io.IOUtilsTest.testDistinctFreePorts_output_1590727763,1590731603,1590728071,3532
surefire-batch-sorted-pom-output,JON_50-no-mods-input_r100_t518400_5M_28d_23h_49m_20s_outbrain.aletheia-024a4b7=com.outbrain.aletheia.DatumAuditorStressTest.test_breadcrumbDispatcher_under_load_output_1590727763,1590728811,1590728045,766
surefire-batch-sorted-pom-output,JON_50-no-mods-input_r100_t518400_5M_28d_23h_49m_20s_pippo-java.pippo-ae898b6=ro.pippo.session.jedis.JedisSessionDataStorageTest.testDelete_output_1590727763,1590728638,1590728042,596
surefire-batch-sorted-pom-output,JON_50-no-mods-input_r100_t518400_5M_28d_23h_49m_20s_pippo-java.pippo-ae898b6=ro.pippo.session.mongodb.MongoDBSessionDataStorageTest.testCreate_output_1590727763,1590728505,1590728045,460
surefire-batch-sorted-pom-output,JON_50-no-mods-input_r100_t518400_5M_28d_23h_49m_20s_ppiastucki.recast4j-01d478e=org.recast4j.detour.tilecache.TileCacheTest.testPerformance_output_1590727763,1590730859,1590728038,2821
surefire-batch-sorted-pom-output,JON_50-no-mods-input_r100_t518400_5M_28d_23h_49m_20s_querydsl.querydsl-2bf234c=com.querydsl.hibernate.search.SearchQueryTest.count_output_1590727763,1590729379,1590728071,1308
surefire-batch-sorted-pom-output,JON_50-no-mods-input_r100_t518400_5M_28d_23h_49m_20s_spinn3r.noxy-d53a494=com.spinn3r.noxy.discovery.zookeeper.ZKTest.testBulkClusterJoining_output_1590727763,1590734160,1590728045,6115
surefire-batch-sorted-pom-output,JON_50-no-mods-input_r100_t518400_5M_28d_23h_49m_20s_square.retrofit-ae28c3d=retrofit2.adapter.rxjava.CancelDisposeTest.cancelDoesNotDispose_output_1590727763,1590728835,1590728076,759
surefire-batch-sorted-pom-output,JON_50-no-mods-input_r100_t518400_5M_28d_23h_49m_20s_square.retrofit-ae28c3d=retrofit2.CallTest.cancelOkHttpRequest_output_1590727763,1590729042,1590728076,966
surefire-batch-sorted-pom-output,JON_50-no-mods-input_r100_t518400_5M_28d_23h_49m_20s_tootallnate.java-websocket-fa3909c=org.java_websocket.issues.Issue256Test.runReconnectBlockingScenario0_output_1590727763,1590729617,1590728079,1538
surefire-batch-sorted-pom-output,JON_50-no-mods-input_r100_t518400_5M_28d_23h_49m_20s_vert-x3.vertx-rabbitmq-client-7305bcd=io.vertx.rabbitmq.RabbitMQClientReconnectTest.testReconnect_output_1590727763,1590729466,1590728047,1419
surefire-batch-sorted-pom-output,JON_50-no-mods-input_r100_t518400_5M_28d_23h_49m_20s_vmware.admiral-e4b0293=com.vmware.admiral.adapter.registry.service.RegistryAdapterServiceProxyTest.testInitWithProxyWithList_output_1590727763,1590732296,1590728047,4249
surefire-batch-sorted-pom-output,JON_50-no-mods-input_r100_t518400_5M_28d_23h_49m_20s_wro4j.wro4j-185ab60=ro.isdc.wro.extensions.processor.TestBourbonCssProcessor.shouldBeThreadSafe_output_1590727763,1590735052,1590728087,6965
surefire-batch-sorted-pom-output,JON_50-no-mods-input_r100_t518400_5M_28d_23h_49m_20s_wso2.carbon-apimgt-a82213e=org.wso2.carbon.apimgt.throttling.siddhi.extension.ThrottleTimeBatchWindowTestCase.throttleTimeWindowBatchTest1_output_1590727763,1590731459,1590728047,3412
surefire-batch-sorted-pom-output,JON_50-no-mods-input_r100_t518400_5M_28d_23h_49m_20s_zalando.riptide-8277e11=org.zalando.riptide.backup.BackupRequestPluginTest.shouldUseBackupRequest_output_1590727763,1590730723,1590728047,2676
surefire-batch-sorted-pom-output,JON_50-no-mods-input_r100_t518400_5M_28d_23h_49m_20s_zalando.riptide-8277e11=org.zalando.riptide.failsafe.RetryAfterDelayFunctionTest.shouldRetryOnDemandWithDynamicDelay_output_1590727763,1590731024,1590728050,2974
surefire-batch-sorted-pom-output,JON_50-no-mods-input_r100_t518400_5M_28d_23h_54m_20s_alibaba.fastjson-e05e9c5=com.alibaba.json.bvt.bug.Issue_717.test_for_issue_output_1590728062,1590756953,1590728381,28572
surefire-batch-sorted-pom-output,JON_50-no-mods-input_r100_t518400_5M_28d_23h_54m_20s_apache.hbase-801fc05=org.apache.hadoop.hbase.procedure2.TestProcedureSkipPersistence.test_output_1590728062,1590745119,1590728369,16750
surefire-batch-sorted-pom-output,JON_50-no-mods-input_r100_t518400_5M_28d_23h_54m_20s_apache.incubator-dubbo-737f7a7=org.apache.dubbo.remoting.exchange.support.header.HeartbeatHandlerTest.testHeartbeat_output_1590728062,1590733381,1590728359,5022
surefire-batch-sorted-pom-output,JON_50-no-mods-input_r100_t518400_5M_28d_23h_54m_20s_apache.incubator-dubbo-737f7a7=org.apache.dubbo.rpc.protocol.dubbo.DubboLazyConnectTest.testSticky1_output_1590728062,1590744276,1590728364,15912
surefire-batch-sorted-pom-output,JON_50-no-mods-input_r100_t518400_5M_28d_23h_54m_20s_apache.incubator-dubbo-737f7a7=org.apache.dubbo.rpc.protocol.http.HttpProtocolTest.testGenericInvokeWithNativeJava_output_1590728062,1590729378,1590728364,1014
surefire-batch-sorted-pom-output,JON_50-no-mods-input_r100_t518400_5M_28d_23h_54m_20s_apereo.java-cas-client-574b74f=org.jasig.cas.client.validation.AssertionImplTests.testAssertionValidity_output_1590728062,1590729286,1590728345,941
surefire-batch-sorted-pom-output,JON_50-no-mods-input_r100_t518400_5M_28d_23h_54m_20s_c2mon.c2mon-d80687b=cern.c2mon.daq.filter.dynamic.DiffTimeDeadbandActivatorTest.testNoActivationOnFirstRecord_output_1590728062,1590729886,1590728345,1541
surefire-batch-sorted-pom-output,JON_50-no-mods-input_r100_t518400_5M_28d_23h_54m_20s_c2mon.c2mon-d80687b=cern.c2mon.server.common.republisher.RepublisherImplTest.testMultipleExceptions_output_1590728062,1590729390,1590728345,1045
surefire-batch-sorted-pom-output,JON_50-no-mods-input_r100_t518400_5M_28d_23h_54m_20s_cescoffier.vertx-completable-future-011d3cd=me.escoffier.vertx.completablefuture.VertxCompletableFutureTest.testAcceptEitherAsyncWithExecutor_output_1590728062,1590731651,1590728348,3303
surefire-batch-sorted-pom-output,JON_50-no-mods-input_r100_t518400_5M_28d_23h_54m_20s_codingchili.excelastic-6bb7884=com.codingchili.TestWriter.shouldWriteToElasticPort_output_1590728062,1590729027,1590728345,682
surefire-batch-sorted-pom-output,JON_50-no-mods-input_r100_t518400_5M_28d_23h_54m_20s_davidmoten.rxjava2-extras-d0315b6=com.github.davidmoten.rx2.SpecializedMspcLinkedQueueTest.testPushPoll_output_1590728062,1590734722,1590728348,6374
surefire-batch-sorted-pom-output,JON_50-no-mods-input_r100_t518400_5M_28d_23h_54m_20s_eclipse-ee4j.tyrus-d86e0cb=org.glassfish.tyrus.test.e2e.non_deployable.ServerExecutorsManagementTest.testExecutorServicesGetClosed_output_1590728062,1590729847,1590728353,1494
surefire-batch-sorted-pom-output,JON_50-no-mods-input_r100_t518400_5M_28d_23h_54m_20s_elasticjob.elastic-job-lite-b022898=io.elasticjob.lite.event.rdb.JobEventRdbSearchTest.assertFindJobExecutionEventsWithTime_output_1590728062,1590732037,1590728362,3675
surefire-batch-sorted-pom-output,JON_50-no-mods-input_r100_t518400_5M_28d_23h_54m_20s_elasticjob.elastic-job-lite-b022898=io.elasticjob.lite.lifecycle.api.JobAPIFactoryTest.assertCreateJobStatisticsAPI_output_1590728062,1590729296,1590728369,927
surefire-batch-sorted-pom-output,JON_50-no-mods-input_r100_t518400_5M_28d_23h_54m_20s_espertechinc.esper-590fa9c=com.espertech.esper.example.rfidassetzone.TestLRMovingSimMain.testSim_output_1590728062,1590729609,1590728353,1256
surefire-batch-sorted-pom-output,JON_50-no-mods-input_r100_t518400_5M_28d_23h_54m_20s_feroult.yawp-b3bcf9c=io.yawp.testing.appengine.pipes.flow.FlowDropsTest.testFlowDropsToSameSink_output_1590728062,1590729138,1590728348,790
surefire-batch-sorted-pom-output,JON_50-no-mods-input_r100_t518400_5M_28d_23h_54m_20s_flaxsearch.luwak-c27ec08=uk.co.flax.luwak.matchers.TestParallelMatcher.testParallelSlowLog_output_1590728062,1590730300,1590728351,1949
surefire-batch-sorted-pom-output,JON_50-no-mods-input_r100_t518400_5M_28d_23h_54m_20s_fluent.fluent-logger-java-da14ec3=org.fluentd.logger.TestFluentLogger.testReconnection_output_1590728062,1590732159,1590728351,3808
surefire-batch-sorted-pom-output,JON_50-no-mods-input_r100_t518400_5M_28d_23h_54m_20s_fromage.redpipe-0aff891=net.redpipe.discovery.DiscoveryTest.checkWebClient_output_1590728062,1590728969,1590728350,619
surefire-batch-sorted-pom-output,JON_50-no-mods-input_r100_t518400_5M_28d_23h_54m_20s_fromage.redpipe-0aff891=net.redpipe.engine.swagger.SwaggerApiTest.checkSwagger_output_1590728062,1590730419,1590728350,2069
surefire-batch-sorted-pom-output,JON_50-no-mods-input_r100_t518400_5M_28d_23h_54m_20s_fromage.redpipe-0aff891=net.redpipe.templating.freemarker.ApiTest.checkMail_output_1590728062,1590729117,1590728353,764
surefire-batch-sorted-pom-output,JON_50-no-mods-input_r100_t518400_5M_28d_23h_54m_20s_javadelight.delight-nashorn-sandbox-da35edc=delight.nashornsandbox.TestGetFunction.test_output_1590728062,1590731292,1590728353,2939
surefire-batch-sorted-pom-output,JON_50-no-mods-input_r100_t518400_5M_28d_23h_54m_20s_kagkarlsson.db-scheduler-4a8a28e=com.github.kagkarlsson.scheduler.SchedulerTest.scheduler_should_execute_rescheduled_task_when_exactly_due_output_1590728062,1590730039,1590728353,1686
surefire-batch-sorted-pom-output,JON_50-no-mods-input_r100_t518400_5M_28d_23h_54m_20s_knightliao.disconf-2ac5c82=com.baidu.disconf.client.test.DisconfMgrTestCase.demo_output_1590728062,1590729178,1590728369,809
surefire-batch-sorted-pom-output,JON_50-no-mods-input_r100_t518400_5M_28d_23h_54m_20s_lcw2004.one-7b9b249=com.lcw.one.main.EmailServiceTest.sendEmailList_output_1590728062,1590729237,1590728359,878
surefire-batch-sorted-pom-output,JON_50-no-mods-input_r100_t518400_5M_28d_23h_54m_20s_looly.hutool-91565d0=cn.hutool.cron.test.CronTest.matchAllTest_output_1590728062,1590728808,1590728374,434
surefire-batch-sorted-pom-output,JON_50-no-mods-input_r100_t518400_5M_28d_23h_54m_20s_marcosbarbero.spring-cloud-zuul-ratelimit-ae9603f=com.marcosbarbero.tests.it.Bucket4jInfinispanApplicationTestIT.testExceedingQuotaCapacityRequest_output_1590728062,1590728815,1590728386,429
surefire-batch-sorted-pom-output,JON_50-no-mods-input_r100_t518400_5M_28d_23h_54m_20s_nationalsecurityagency.timely-3a8cbd3=timely.store.iterators.TimeSeriesGroupingIteratorTest.testMultipleTimeSeriesMovingAverage_output_1590728062,1590730894,1590728320,2574
surefire-batch-sorted-pom-output,JON_50-no-mods-input_r100_t518400_5M_28d_23h_54m_20s_odrotbohm.sos-d4ed68a=example.sos.modulith.orders.EmailNotificationTest.completingAnOrderUpdatesInventory_output_1590728062,1590729484,1590728301,1183
surefire-batch-sorted-pom-output,JON_50-no-mods-input_r100_t518400_5M_28d_23h_54m_20s_oracle.oci-java-sdk-2e9982f=com.oracle.bmc.objectstorage.transfer.ProgressTrackerTest.multipartUploadProgressTrackerFactory_simulateRealLifeScenario_output_1590728062,1590730664,1590728320,2344
surefire-batch-sorted-pom-output,JON_50-no-mods-input_r100_t518400_5M_28d_23h_54m_20s_orbit.orbit-c4904af=cloud.orbit.actors.extensions.test.LengthFieldHandlerTest.randomMessages_output_1590728062,1590729807,1590728374,1433
surefire-batch-sorted-pom-output,JON_50-no-mods-input_r100_t518400_5M_28d_23h_54m_20s_oryxproject.oryx-72ae4bb=com.cloudera.oryx.common.io.IOUtilsTest.testDistinctFreePorts_output_1590728062,1590731966,1590728372,3594
surefire-batch-sorted-pom-output,JON_50-no-mods-input_r100_t518400_5M_28d_23h_54m_20s_outbrain.aletheia-024a4b7=com.outbrain.aletheia.DatumAuditorStressTest.test_breadcrumbDispatcher_under_load_output_1590728062,1590729125,1590728322,803
surefire-batch-sorted-pom-output,JON_50-no-mods-input_r100_t518400_5M_28d_23h_54m_20s_pippo-java.pippo-ae898b6=ro.pippo.session.jedis.JedisSessionDataStorageTest.testDelete_output_1590728062,1590728902,1590728322,580
surefire-batch-sorted-pom-output,JON_50-no-mods-input_r100_t518400_5M_28d_23h_54m_20s_pippo-java.pippo-ae898b6=ro.pippo.session.mongodb.MongoDBSessionDataStorageTest.testCreate_output_1590728062,1590728756,1590728327,429
surefire-batch-sorted-pom-output,JON_50-no-mods-input_r100_t518400_5M_28d_23h_54m_20s_ppiastucki.recast4j-01d478e=org.recast4j.detour.tilecache.TileCacheTest.testPerformance_output_1590728062,1590731249,1590728329,2920
surefire-batch-sorted-pom-output,JON_50-no-mods-input_r100_t518400_5M_28d_23h_54m_20s_querydsl.querydsl-2bf234c=com.querydsl.hibernate.search.SearchQueryTest.count_output_1590728062,1590729782,1590728369,1413
surefire-batch-sorted-pom-output,JON_50-no-mods-input_r100_t518400_5M_28d_23h_54m_20s_spinn3r.noxy-d53a494=com.spinn3r.noxy.discovery.zookeeper.ZKTest.testBulkClusterJoining_output_1590728062,1590734015,1590728342,5673
surefire-batch-sorted-pom-output,JON_50-no-mods-input_r100_t518400_5M_28d_23h_54m_20s_square.retrofit-ae28c3d=retrofit2.adapter.rxjava.CancelDisposeTest.cancelDoesNotDispose_output_1590728062,1590729182,1590728373,809
surefire-batch-sorted-pom-output,JON_50-no-mods-input_r100_t518400_5M_28d_23h_54m_20s_square.retrofit-ae28c3d=retrofit2.CallTest.cancelOkHttpRequest_output_1590728062,1590729430,1590728374,1056
surefire-batch-sorted-pom-output,JON_50-no-mods-input_r100_t518400_5M_28d_23h_54m_20s_tootallnate.java-websocket-fa3909c=org.java_websocket.issues.Issue256Test.runReconnectBlockingScenario0_output_1590728062,1590729958,1590728386,1572
surefire-batch-sorted-pom-output,JON_50-no-mods-input_r100_t518400_5M_28d_23h_54m_20s_vert-x3.vertx-rabbitmq-client-7305bcd=io.vertx.rabbitmq.RabbitMQClientReconnectTest.testReconnect_output_1590728062,1590729773,1590728337,1436
surefire-batch-sorted-pom-output,JON_50-no-mods-input_r100_t518400_5M_28d_23h_54m_20s_vmware.admiral-e4b0293=com.vmware.admiral.adapter.registry.service.RegistryAdapterServiceProxyTest.testInitWithProxyWithList_output_1590728062,1590732753,1590728332,4421
surefire-batch-sorted-pom-output,JON_50-no-mods-input_r100_t518400_5M_28d_23h_54m_20s_wro4j.wro4j-185ab60=ro.isdc.wro.extensions.processor.TestBourbonCssProcessor.shouldBeThreadSafe_output_1590728062,1590735838,1590728374,7464
surefire-batch-sorted-pom-output,JON_50-no-mods-input_r100_t518400_5M_28d_23h_54m_20s_wso2.carbon-apimgt-a82213e=org.wso2.carbon.apimgt.throttling.siddhi.extension.ThrottleTimeBatchWindowTestCase.throttleTimeWindowBatchTest1_output_1590728062,1590731712,1590728333,3379
surefire-batch-sorted-pom-output,JON_50-no-mods-input_r100_t518400_5M_28d_23h_54m_20s_zalando.riptide-8277e11=org.zalando.riptide.backup.BackupRequestPluginTest.shouldUseBackupRequest_output_1590728062,1590731174,1590728334,2840
surefire-batch-sorted-pom-output,JON_50-no-mods-input_r100_t518400_5M_28d_23h_59m_21s_alibaba.fastjson-e05e9c5=com.alibaba.json.bvt.bug.Issue_717.test_for_issue_output_1590728363,1590755125,1590728842,26283
surefire-batch-sorted-pom-output,JON_50-no-mods-input_r100_t518400_5M_28d_23h_54m_20s_zalando.riptide-8277e11=org.zalando.riptide.failsafe.RetryAfterDelayFunctionTest.shouldRetryOnDemandWithDynamicDelay_output_1590728062,1590731393,1590728342,3051
surefire-batch-sorted-pom-output,JON_50-no-mods-input_r100_t518400_5M_28d_23h_59m_21s_apache.hbase-801fc05=org.apache.hadoop.hbase.procedure2.TestProcedureSkipPersistence.test_output_1590728363,1590744238,1590728742,15496
surefire-batch-sorted-pom-output,JON_50-no-mods-input_r100_t518400_5M_28d_23h_59m_21s_apache.incubator-dubbo-737f7a7=org.apache.dubbo.remoting.exchange.support.header.HeartbeatHandlerTest.testHeartbeat_output_1590728363,1590733709,1590728742,4967
surefire-batch-sorted-pom-output,JON_50-no-mods-input_r100_t518400_5M_28d_23h_59m_21s_apache.incubator-dubbo-737f7a7=org.apache.dubbo.rpc.protocol.dubbo.DubboLazyConnectTest.testSticky1_output_1590728363,1590744618,1590728742,15876
surefire-batch-sorted-pom-output,JON_50-no-mods-input_r100_t518400_5M_28d_23h_59m_21s_apache.incubator-dubbo-737f7a7=org.apache.dubbo.rpc.protocol.http.HttpProtocolTest.testGenericInvokeWithNativeJava_output_1590728363,1590729679,1590728748,931
surefire-batch-sorted-pom-output,JON_50-no-mods-input_r100_t518400_5M_28d_23h_59m_21s_apereo.java-cas-client-574b74f=org.jasig.cas.client.validation.AssertionImplTests.testAssertionValidity_output_1590728363,1590729619,1590728696,923
surefire-batch-sorted-pom-output,JON_50-no-mods-input_r100_t518400_5M_28d_23h_59m_21s_c2mon.c2mon-d80687b=cern.c2mon.daq.filter.dynamic.DiffTimeDeadbandActivatorTest.testNoActivationOnFirstRecord_output_1590728363,1590730116,1590728696,1420
surefire-batch-sorted-pom-output,JON_50-no-mods-input_r100_t518400_5M_28d_23h_59m_21s_c2mon.c2mon-d80687b=cern.c2mon.server.common.republisher.RepublisherImplTest.testMultipleExceptions_output_1590728363,1590729701,1590728696,1005
surefire-batch-sorted-pom-output,JON_50-no-mods-input_r100_t518400_5M_28d_23h_59m_21s_cescoffier.vertx-completable-future-011d3cd=me.escoffier.vertx.completablefuture.VertxCompletableFutureTest.testAcceptEitherAsyncWithExecutor_output_1590728363,1590731919,1590728699,3220
surefire-batch-sorted-pom-output,JON_50-no-mods-input_r100_t518400_5M_28d_23h_59m_21s_codingchili.excelastic-6bb7884=com.codingchili.TestWriter.shouldWriteToElasticPort_output_1590728363,1590729379,1590728696,683
surefire-batch-sorted-pom-output,JON_50-no-mods-input_r100_t518400_5M_28d_23h_59m_21s_davidmoten.rxjava2-extras-d0315b6=com.github.davidmoten.rx2.SpecializedMspcLinkedQueueTest.testPushPoll_output_1590728363,1590734881,1590728702,6179
surefire-batch-sorted-pom-output,JON_50-no-mods-input_r100_t518400_5M_28d_23h_59m_21s_eclipse-ee4j.tyrus-d86e0cb=org.glassfish.tyrus.test.e2e.non_deployable.ServerExecutorsManagementTest.testExecutorServicesGetClosed_output_1590728363,1590730130,1590728711,1419
surefire-batch-sorted-pom-output,JON_50-no-mods-input_r100_t518400_5M_28d_23h_59m_21s_elasticjob.elastic-job-lite-b022898=io.elasticjob.lite.event.rdb.JobEventRdbSearchTest.assertFindJobExecutionEventsWithTime_output_1590728363,1590732276,1590728752,3524
surefire-batch-sorted-pom-output,JON_50-no-mods-input_r100_t518400_5M_28d_23h_59m_21s_elasticjob.elastic-job-lite-b022898=io.elasticjob.lite.lifecycle.api.JobAPIFactoryTest.assertCreateJobStatisticsAPI_output_1590728363,1590729688,1590728757,931
surefire-batch-sorted-pom-output,JON_50-no-mods-input_r100_t518400_5M_28d_23h_59m_21s_espertechinc.esper-590fa9c=com.espertech.esper.example.rfidassetzone.TestLRMovingSimMain.testSim_output_1590728363,1590729933,1590728705,1228
surefire-batch-sorted-pom-output,JON_50-no-mods-input_r100_t518400_5M_28d_23h_59m_21s_feroult.yawp-b3bcf9c=io.yawp.testing.appengine.pipes.flow.FlowDropsTest.testFlowDropsToSameSink_output_1590728363,1590729455,1590728702,753
surefire-batch-sorted-pom-output,JON_50-no-mods-input_r100_t518400_5M_28d_23h_59m_21s_flaxsearch.luwak-c27ec08=uk.co.flax.luwak.matchers.TestParallelMatcher.testParallelSlowLog_output_1590728363,1590730574,1590728702,1872
surefire-batch-sorted-pom-output,JON_50-no-mods-input_r100_t518400_5M_28d_23h_59m_21s_fluent.fluent-logger-java-da14ec3=org.fluentd.logger.TestFluentLogger.testReconnection_output_1590728363,1590732463,1590728711,3752
surefire-batch-sorted-pom-output,JON_50-no-mods-input_r100_t518400_5M_28d_23h_59m_21s_fromage.redpipe-0aff891=net.redpipe.discovery.DiscoveryTest.checkWebClient_output_1590728363,1590729242,1590728705,537
surefire-batch-sorted-pom-output,JON_50-no-mods-input_r100_t518400_5M_28d_23h_59m_21s_fromage.redpipe-0aff891=net.redpipe.engine.swagger.SwaggerApiTest.checkSwagger_output_1590728363,1590730722,1590728708,2014
surefire-batch-sorted-pom-output,JON_50-no-mods-input_r100_t518400_5M_28d_23h_59m_21s_fromage.redpipe-0aff891=net.redpipe.templating.freemarker.ApiTest.checkMail_output_1590728363,1590729404,1590728713,691
surefire-batch-sorted-pom-output,JON_50-no-mods-input_r100_t518400_5M_28d_23h_59m_21s_lcw2004.one-7b9b249=com.lcw.one.main.EmailServiceTest.sendEmailList_output_1590728363,1590729569,1590728716,853
surefire-batch-sorted-pom-output,JON_50-no-mods-input_r100_t518400_5M_28d_23h_59m_21s_javadelight.delight-nashorn-sandbox-da35edc=delight.nashornsandbox.TestGetFunction.test_output_1590728363,1590731588,1590728713,2875
surefire-batch-sorted-pom-output,JON_50-no-mods-input_r100_t518400_5M_28d_23h_59m_21s_kagkarlsson.db-scheduler-4a8a28e=com.github.kagkarlsson.scheduler.SchedulerTest.scheduler_should_execute_rescheduled_task_when_exactly_due_output_1590728363,1590730423,1590728723,1700
surefire-batch-sorted-pom-output,JON_50-no-mods-input_r100_t518400_5M_28d_23h_59m_21s_knightliao.disconf-2ac5c82=com.baidu.disconf.client.test.DisconfMgrTestCase.demo_output_1590728363,1590729521,1590728757,764
surefire-batch-sorted-pom-output,JON_50-no-mods-input_r100_t518400_5M_28d_23h_59m_21s_looly.hutool-91565d0=cn.hutool.cron.test.CronTest.matchAllTest_output_1590728363,1590729157,1590728766,391
surefire-batch-sorted-pom-output,JON_50-no-mods-input_r100_t518400_5M_28d_23h_59m_21s_marcosbarbero.spring-cloud-zuul-ratelimit-ae9603f=com.marcosbarbero.tests.it.Bucket4jInfinispanApplicationTestIT.testExceedingQuotaCapacityRequest_output_1590728363,1590729228,1590728816,412
surefire-batch-sorted-pom-output,JON_50-no-mods-input_r100_t518400_5M_28d_23h_59m_21s_nationalsecurityagency.timely-3a8cbd3=timely.store.iterators.TimeSeriesGroupingIteratorTest.testMultipleTimeSeriesMovingAverage_output_1590728363,1590730992,1590728587,2405
surefire-batch-sorted-pom-output,JON_50-no-mods-input_r100_t518400_5M_28d_23h_59m_21s_odrotbohm.sos-d4ed68a=example.sos.modulith.orders.EmailNotificationTest.completingAnOrderUpdatesInventory_output_1590728363,1590729834,1590728648,1186
surefire-batch-sorted-pom-output,JON_50-no-mods-input_r100_t518400_5M_28d_23h_59m_21s_oracle.oci-java-sdk-2e9982f=com.oracle.bmc.objectstorage.transfer.ProgressTrackerTest.multipartUploadProgressTrackerFactory_simulateRealLifeScenario_output_1590728363,1590730976,1590728653,2323
surefire-batch-sorted-pom-output,JON_50-no-mods-input_r100_t518400_5M_28d_23h_59m_21s_orbit.orbit-c4904af=cloud.orbit.actors.extensions.test.LengthFieldHandlerTest.randomMessages_output_1590728363,1590730191,1590728772,1419
surefire-batch-sorted-pom-output,JON_50-no-mods-input_r100_t518400_5M_28d_23h_59m_21s_oryxproject.oryx-72ae4bb=com.cloudera.oryx.common.io.IOUtilsTest.testDistinctFreePorts_output_1590728363,1590732273,1590728772,3501
surefire-batch-sorted-pom-output,JON_50-no-mods-input_r100_t518400_5M_28d_23h_59m_21s_outbrain.aletheia-024a4b7=com.outbrain.aletheia.DatumAuditorStressTest.test_breadcrumbDispatcher_under_load_output_1590728363,1590729380,1590728656,724
surefire-batch-sorted-pom-output,JON_50-no-mods-input_r100_t518400_5M_28d_23h_59m_21s_pippo-java.pippo-ae898b6=ro.pippo.session.jedis.JedisSessionDataStorageTest.testDelete_output_1590728363,1590729212,1590728659,553
surefire-batch-sorted-pom-output,JON_50-no-mods-input_r100_t518400_5M_28d_23h_59m_21s_pippo-java.pippo-ae898b6=ro.pippo.session.mongodb.MongoDBSessionDataStorageTest.testCreate_output_1590728363,1590729100,1590728659,441
surefire-batch-sorted-pom-output,JON_50-no-mods-input_r100_t518400_5M_28d_23h_59m_21s_ppiastucki.recast4j-01d478e=org.recast4j.detour.tilecache.TileCacheTest.testPerformance_output_1590728363,1590731438,1590728661,2777
surefire-batch-sorted-pom-output,JON_50-no-mods-input_r100_t518400_5M_28d_23h_59m_21s_querydsl.querydsl-2bf234c=com.querydsl.hibernate.search.SearchQueryTest.count_output_1590728363,1590730139,1590728775,1364
surefire-batch-sorted-pom-output,JON_50-no-mods-input_r100_t518400_5M_28d_23h_59m_21s_spinn3r.noxy-d53a494=com.spinn3r.noxy.discovery.zookeeper.ZKTest.testBulkClusterJoining_output_1590728363,1590734749,1590728668,6081
surefire-batch-sorted-pom-output,JON_50-no-mods-input_r100_t518400_5M_28d_23h_59m_21s_square.retrofit-ae28c3d=retrofit2.adapter.rxjava.CancelDisposeTest.cancelDoesNotDispose_output_1590728363,1590729552,1590728824,728
surefire-batch-sorted-pom-output,JON_50-no-mods-input_r100_t518400_5M_28d_23h_59m_21s_square.retrofit-ae28c3d=retrofit2.CallTest.cancelOkHttpRequest_output_1590728363,1590729846,1590728824,1022
surefire-batch-sorted-pom-output,JON_50-no-mods-input_r100_t518400_5M_28d_23h_59m_21s_tootallnate.java-websocket-fa3909c=org.java_websocket.issues.Issue256Test.runReconnectBlockingScenario0_output_1590728363,1590730306,1590728818,1488
surefire-batch-sorted-pom-output,JON_50-no-mods-input_r100_t518400_5M_28d_23h_59m_21s_undertow-io.undertow-d0efffa=io.undertow.websockets.jsr.test.JsrWebSocketServer07Test.testErrorHandling_output_1590728363,1590732464,1590728827,3637
surefire-batch-sorted-pom-output,JON_50-no-mods-input_r100_t518400_5M_28d_23h_59m_21s_vert-x3.vertx-rabbitmq-client-7305bcd=io.vertx.rabbitmq.RabbitMQClientReconnectTest.testReconnect_output_1590728363,1590730044,1590728661,1383
surefire-batch-sorted-pom-output,JON_50-no-mods-input_r100_t518400_5M_28d_23h_59m_21s_vmware.admiral-e4b0293=com.vmware.admiral.adapter.registry.service.RegistryAdapterServiceProxyTest.testInitWithProxyWithList_output_1590728363,1590732854,1590728668,4186
surefire-batch-sorted-pom-output,JON_50-no-mods-input_r100_t518400_5M_28d_23h_59m_21s_wro4j.wro4j-185ab60=ro.isdc.wro.extensions.processor.TestBourbonCssProcessor.shouldBeThreadSafe_output_1590728363,1590735777,1590728803,6974
surefire-batch-sorted-pom-output,JON_50-no-mods-input_r100_t518400_5M_28d_23h_59m_21s_wso2.carbon-apimgt-a82213e=org.wso2.carbon.apimgt.throttling.siddhi.extension.ThrottleTimeBatchWindowTestCase.throttleTimeWindowBatchTest1_output_1590728363,1590731935,1590728676,3259
surefire-batch-sorted-pom-output,JON_50-no-mods-input_r100_t518400_5M_28d_23h_59m_21s_zalando.riptide-8277e11=org.zalando.riptide.backup.BackupRequestPluginTest.shouldUseBackupRequest_output_1590728363,1590731364,1590728679,2685
surefire-batch-sorted-pom-output,JON_50-no-mods-input_r100_t518400_5M_28d_23h_59m_21s_zalando.riptide-8277e11=org.zalando.riptide.failsafe.RetryAfterDelayFunctionTest.shouldRetryOnDemandWithDynamicDelay_output_1590728363,1590731635,1590728694,2941
surefire-batch-sorted-pom-output,JON_50-no-mods-input_r100_t518400_5M_28d_23h_9m_20s_alibaba.fastjson-e05e9c5=com.alibaba.json.bvt.bug.Issue_717.test_for_issue_output_1590725363,1590749490,1590725696,23794
surefire-batch-sorted-pom-output,JON_50-no-mods-input_r100_t518400_5M_28d_23h_9m_20s_apache.hbase-801fc05=org.apache.hadoop.hbase.procedure2.TestProcedureSkipPersistence.test_output_1590725363,1590742101,1590725680,16421
surefire-batch-sorted-pom-output,JON_50-no-mods-input_r100_t518400_5M_28d_23h_9m_20s_apache.incubator-dubbo-737f7a7=org.apache.dubbo.remoting.exchange.support.header.HeartbeatHandlerTest.testHeartbeat_output_1590725363,1590730609,1590725683,4926
surefire-batch-sorted-pom-output,JON_50-no-mods-input_r100_t518400_5M_28d_23h_9m_20s_apache.incubator-dubbo-737f7a7=org.apache.dubbo.rpc.protocol.dubbo.DubboLazyConnectTest.testSticky1_output_1590725363,1590741641,1590725688,15953
surefire-batch-sorted-pom-output,JON_50-no-mods-input_r100_t518400_5M_28d_23h_9m_20s_apache.incubator-dubbo-737f7a7=org.apache.dubbo.rpc.protocol.http.HttpProtocolTest.testGenericInvokeWithNativeJava_output_1590725363,1590726694,1590725691,1003
surefire-batch-sorted-pom-output,JON_50-no-mods-input_r100_t518400_5M_28d_23h_9m_20s_apereo.java-cas-client-574b74f=org.jasig.cas.client.validation.AssertionImplTests.testAssertionValidity_output_1590725363,1590726511,1590725671,840
surefire-batch-sorted-pom-output,JON_50-no-mods-input_r100_t518400_5M_28d_23h_9m_20s_c2mon.c2mon-d80687b=cern.c2mon.daq.filter.dynamic.DiffTimeDeadbandActivatorTest.testNoActivationOnFirstRecord_output_1590725363,1590727067,1590725671,1396
surefire-batch-sorted-pom-output,JON_50-no-mods-input_r100_t518400_5M_28d_23h_9m_20s_c2mon.c2mon-d80687b=cern.c2mon.server.common.republisher.RepublisherImplTest.testMultipleExceptions_output_1590725363,1590726721,1590725671,1050
surefire-batch-sorted-pom-output,JON_50-no-mods-input_r100_t518400_5M_28d_23h_9m_20s_cescoffier.vertx-completable-future-011d3cd=me.escoffier.vertx.completablefuture.VertxCompletableFutureTest.testAcceptEitherAsyncWithExecutor_output_1590725363,1590728994,1590725663,3331
surefire-batch-sorted-pom-output,JON_50-no-mods-input_r100_t518400_5M_28d_23h_9m_20s_codingchili.excelastic-6bb7884=com.codingchili.TestWriter.shouldWriteToElasticPort_output_1590725363,1590726320,1590725663,657
surefire-batch-sorted-pom-output,JON_50-no-mods-input_r100_t518400_5M_28d_23h_9m_20s_davidmoten.rxjava2-extras-d0315b6=com.github.davidmoten.rx2.SpecializedMspcLinkedQueueTest.testPushPoll_output_1590725363,1590732137,1590725675,6462
surefire-batch-sorted-pom-output,JON_50-no-mods-input_r100_t518400_5M_28d_23h_9m_20s_eclipse-ee4j.tyrus-d86e0cb=org.glassfish.tyrus.test.e2e.non_deployable.ServerExecutorsManagementTest.testExecutorServicesGetClosed_output_1590725363,1590726997,1590725669,1328
surefire-batch-sorted-pom-output,JON_50-no-mods-input_r100_t518400_5M_28d_23h_9m_20s_elasticjob.elastic-job-lite-b022898=io.elasticjob.lite.event.rdb.JobEventRdbSearchTest.assertFindJobExecutionEventsWithTime_output_1590725363,1590729351,1590725691,3660
surefire-batch-sorted-pom-output,JON_50-no-mods-input_r100_t518400_5M_28d_23h_9m_20s_elasticjob.elastic-job-lite-b022898=io.elasticjob.lite.lifecycle.api.JobAPIFactoryTest.assertCreateJobStatisticsAPI_output_1590725363,1590726647,1590725691,956
surefire-batch-sorted-pom-output,JON_50-no-mods-input_r100_t518400_5M_28d_23h_9m_20s_espertechinc.esper-590fa9c=com.espertech.esper.example.rfidassetzone.TestLRMovingSimMain.testSim_output_1590725363,1590726930,1590725677,1253
surefire-batch-sorted-pom-output,JON_50-no-mods-input_r100_t518400_5M_28d_23h_9m_20s_feroult.yawp-b3bcf9c=io.yawp.testing.appengine.pipes.flow.FlowDropsTest.testFlowDropsToSameSink_output_1590725363,1590726563,1590725677,886
surefire-batch-sorted-pom-output,JON_50-no-mods-input_r100_t518400_5M_28d_23h_9m_20s_flaxsearch.luwak-c27ec08=uk.co.flax.luwak.matchers.TestParallelMatcher.testParallelSlowLog_output_1590725363,1590727454,1590725678,1776
surefire-batch-sorted-pom-output,JON_50-no-mods-input_r100_t518400_5M_28d_23h_9m_20s_fluent.fluent-logger-java-da14ec3=org.fluentd.logger.TestFluentLogger.testReconnection_output_1590725363,1590729464,1590725671,3793
surefire-batch-sorted-pom-output,JON_50-no-mods-input_r100_t518400_5M_28d_23h_9m_20s_fromage.redpipe-0aff891=net.redpipe.discovery.DiscoveryTest.checkWebClient_output_1590725363,1590726213,1590725674,539
surefire-batch-sorted-pom-output,JON_50-no-mods-input_r100_t518400_5M_28d_23h_9m_20s_fromage.redpipe-0aff891=net.redpipe.engine.swagger.SwaggerApiTest.checkSwagger_output_1590725363,1590727750,1590725677,2073
surefire-batch-sorted-pom-output,JON_50-no-mods-input_r100_t518400_5M_28d_23h_9m_20s_fromage.redpipe-0aff891=net.redpipe.templating.freemarker.ApiTest.checkMail_output_1590725363,1590726353,1590725680,673
surefire-batch-sorted-pom-output,JON_50-no-mods-input_r100_t518400_5M_28d_23h_9m_20s_javadelight.delight-nashorn-sandbox-da35edc=delight.nashornsandbox.TestGetFunction.test_output_1590725363,1590728564,1590725653,2911
surefire-batch-sorted-pom-output,JON_50-no-mods-input_r100_t518400_5M_28d_23h_9m_20s_kagkarlsson.db-scheduler-4a8a28e=com.github.kagkarlsson.scheduler.SchedulerTest.scheduler_should_execute_rescheduled_task_when_exactly_due_output_1590725363,1590727416,1590725685,1731
surefire-batch-sorted-pom-output,JON_50-no-mods-input_r100_t518400_5M_28d_23h_9m_20s_knightliao.disconf-2ac5c82=com.baidu.disconf.client.test.DisconfMgrTestCase.demo_output_1590725363,1590726507,1590725688,819
surefire-batch-sorted-pom-output,JON_50-no-mods-input_r100_t518400_5M_28d_23h_9m_20s_lcw2004.one-7b9b249=com.lcw.one.main.EmailServiceTest.sendEmailList_output_1590725363,1590726547,1590725688,859
surefire-batch-sorted-pom-output,JON_50-no-mods-input_r100_t518400_5M_28d_23h_9m_20s_looly.hutool-91565d0=cn.hutool.cron.test.CronTest.matchAllTest_output_1590725363,1590726112,1590725688,424
surefire-batch-sorted-pom-output,JON_50-no-mods-input_r100_t518400_5M_28d_23h_9m_20s_marcosbarbero.spring-cloud-zuul-ratelimit-ae9603f=com.marcosbarbero.tests.it.Bucket4jInfinispanApplicationTestIT.testExceedingQuotaCapacityRequest_output_1590725363,1590726092,1590725702,390
surefire-batch-sorted-pom-output,JON_50-no-mods-input_r100_t518400_5M_28d_23h_9m_20s_nationalsecurityagency.timely-3a8cbd3=timely.store.iterators.TimeSeriesGroupingIteratorTest.testMultipleTimeSeriesMovingAverage_output_1590725363,1590728429,1590725611,2818
surefire-batch-sorted-pom-output,JON_50-no-mods-input_r100_t518400_5M_28d_23h_9m_20s_odrotbohm.sos-d4ed68a=example.sos.modulith.orders.EmailNotificationTest.completingAnOrderUpdatesInventory_output_1590725363,1590726999,1590725648,1351
surefire-batch-sorted-pom-output,JON_50-no-mods-input_r100_t518400_5M_28d_23h_9m_20s_oracle.oci-java-sdk-2e9982f=com.oracle.bmc.objectstorage.transfer.ProgressTrackerTest.multipartUploadProgressTrackerFactory_simulateRealLifeScenario_output_1590725363,1590728074,1590725653,2421
surefire-batch-sorted-pom-output,JON_50-no-mods-input_r100_t518400_5M_28d_23h_9m_20s_orbit.orbit-c4904af=cloud.orbit.actors.extensions.test.LengthFieldHandlerTest.randomMessages_output_1590725363,1590727122,1590725688,1434
surefire-batch-sorted-pom-output,JON_50-no-mods-input_r100_t518400_5M_28d_23h_9m_20s_oryxproject.oryx-72ae4bb=com.cloudera.oryx.common.io.IOUtilsTest.testDistinctFreePorts_output_1590725363,1590729338,1590725693,3645
surefire-batch-sorted-pom-output,JON_50-no-mods-input_r100_t518400_5M_28d_23h_9m_20s_outbrain.aletheia-024a4b7=com.outbrain.aletheia.DatumAuditorStressTest.test_breadcrumbDispatcher_under_load_output_1590725363,1590726420,1590725655,765
surefire-batch-sorted-pom-output,JON_50-no-mods-input_r100_t518400_5M_28d_23h_9m_20s_pippo-java.pippo-ae898b6=ro.pippo.session.jedis.JedisSessionDataStorageTest.testDelete_output_1590725363,1590726231,1590725653,578
surefire-batch-sorted-pom-output,JON_50-no-mods-input_r100_t518400_5M_28d_23h_9m_20s_pippo-java.pippo-ae898b6=ro.pippo.session.mongodb.MongoDBSessionDataStorageTest.testCreate_output_1590725363,1590726105,1590725655,450
surefire-batch-sorted-pom-output,JON_50-no-mods-input_r100_t518400_5M_28d_23h_9m_20s_ppiastucki.recast4j-01d478e=org.recast4j.detour.tilecache.TileCacheTest.testPerformance_output_1590725363,1590728490,1590725658,2832
surefire-batch-sorted-pom-output,JON_50-no-mods-input_r100_t518400_5M_28d_23h_9m_20s_querydsl.querydsl-2bf234c=com.querydsl.hibernate.search.SearchQueryTest.count_output_1590725363,1590727041,1590725693,1348
surefire-batch-sorted-pom-output,JON_50-no-mods-input_r100_t518400_5M_28d_23h_9m_20s_spinn3r.noxy-d53a494=com.spinn3r.noxy.discovery.zookeeper.ZKTest.testBulkClusterJoining_output_1590725363,1590731048,1590725658,5390
surefire-batch-sorted-pom-output,JON_50-no-mods-input_r100_t518400_5M_28d_23h_9m_20s_spotify.helios-aebf68d=com.spotify.helios.testing.HeliosSoloDeploymentTest.testUndeployLeftoverJobs_output_1590725363,1590741661,1590725696,15965
surefire-batch-sorted-pom-output,JON_50-no-mods-input_r100_t518400_5M_28d_23h_9m_20s_square.retrofit-ae28c3d=retrofit2.CallTest.cancelOkHttpRequest_output_1590725363,1590726756,1590725696,1060
surefire-batch-sorted-pom-output,JON_50-no-mods-input_r100_t518400_5M_28d_23h_9m_20s_square.retrofit-ae28c3d=retrofit2.adapter.rxjava.CancelDisposeTest.cancelDoesNotDispose_output_1590725363,1590726480,1590725696,784
surefire-batch-sorted-pom-output,JON_50-no-mods-input_r100_t518400_5M_28d_23h_9m_20s_tootallnate.java-websocket-fa3909c=org.java_websocket.issues.Issue256Test.runReconnectBlockingScenario0_output_1590725363,1590727215,1590725696,1519
surefire-batch-sorted-pom-output,JON_50-no-mods-input_r100_t518400_5M_28d_23h_9m_20s_vert-x3.vertx-rabbitmq-client-7305bcd=io.vertx.rabbitmq.RabbitMQClientReconnectTest.testReconnect_output_1590725363,1590727096,1590725658,1438
surefire-batch-sorted-pom-output,JON_50-no-mods-input_r100_t518400_5M_28d_23h_9m_20s_vmware.admiral-e4b0293=com.vmware.admiral.adapter.registry.service.RegistryAdapterServiceProxyTest.testInitWithProxyWithList_output_1590725363,1590729872,1590725661,4211
surefire-batch-sorted-pom-output,JON_50-no-mods-input_r100_t518400_5M_28d_23h_9m_20s_wro4j.wro4j-185ab60=ro.isdc.wro.extensions.processor.TestBourbonCssProcessor.shouldBeThreadSafe_output_1590725363,1590732845,1590725698,7147
surefire-batch-sorted-pom-output,JON_50-no-mods-input_r100_t518400_5M_28d_23h_9m_20s_wso2.carbon-apimgt-a82213e=org.wso2.carbon.apimgt.throttling.siddhi.extension.ThrottleTimeBatchWindowTestCase.throttleTimeWindowBatchTest1_output_1590725363,1590729036,1590725663,3373
surefire-batch-sorted-pom-output,JON_50-no-mods-input_r100_t518400_5M_28d_23h_9m_20s_zalando.riptide-8277e11=org.zalando.riptide.backup.BackupRequestPluginTest.shouldUseBackupRequest_output_1590725363,1590728238,1590725663,2575
surefire-batch-sorted-pom-output,JON_50-no-mods-input_r100_t518400_5M_28d_23h_9m_20s_zalando.riptide-8277e11=org.zalando.riptide.failsafe.RetryAfterDelayFunctionTest.shouldRetryOnDemandWithDynamicDelay_output_1590725363,1590728785,1590725663,3122
surefire-batch-sorted-pom-output,JON_50-no-mods-input_r100_t518400_5M_29d_0h_14m_20s_alibaba.fastjson-e05e9c5=com.alibaba.json.bvt.bug.Issue_717.test_for_issue_output_1590729262,1590752874,1590729585,23289
surefire-batch-sorted-pom-output,JON_50-no-mods-input_r100_t518400_5M_29d_0h_14m_20s_apache.hbase-801fc05=org.apache.hadoop.hbase.procedure2.TestProcedureSkipPersistence.test_output_1590729262,1590745415,1590729583,15832
surefire-batch-sorted-pom-output,JON_50-no-mods-input_r100_t518400_5M_29d_0h_14m_20s_apache.incubator-dubbo-737f7a7=org.apache.dubbo.remoting.exchange.support.header.HeartbeatHandlerTest.testHeartbeat_output_1590729262,1590734570,1590729583,4987
surefire-batch-sorted-pom-output,JON_50-no-mods-input_r100_t518400_5M_29d_0h_14m_20s_apache.incubator-dubbo-737f7a7=org.apache.dubbo.rpc.protocol.dubbo.DubboLazyConnectTest.testSticky1_output_1590729262,1590745409,1590729580,15829
surefire-batch-sorted-pom-output,JON_50-no-mods-input_r100_t518400_5M_29d_0h_14m_20s_apache.incubator-dubbo-737f7a7=org.apache.dubbo.rpc.protocol.http.HttpProtocolTest.testGenericInvokeWithNativeJava_output_1590729262,1590730678,1590729583,1095
surefire-batch-sorted-pom-output,JON_50-no-mods-input_r100_t518400_5M_29d_0h_14m_20s_apereo.java-cas-client-574b74f=org.jasig.cas.client.validation.AssertionImplTests.testAssertionValidity_output_1590729262,1590730473,1590729571,902
surefire-batch-sorted-pom-output,JON_50-no-mods-input_r100_t518400_5M_29d_0h_14m_20s_c2mon.c2mon-d80687b=cern.c2mon.daq.filter.dynamic.DiffTimeDeadbandActivatorTest.testNoActivationOnFirstRecord_output_1590729262,1590731017,1590729568,1449
surefire-batch-sorted-pom-output,JON_50-no-mods-input_r100_t518400_5M_29d_0h_14m_20s_c2mon.c2mon-d80687b=cern.c2mon.server.common.republisher.RepublisherImplTest.testMultipleExceptions_output_1590729262,1590730559,1590729572,987
surefire-batch-sorted-pom-output,JON_50-no-mods-input_r100_t518400_5M_29d_0h_14m_20s_cescoffier.vertx-completable-future-011d3cd=me.escoffier.vertx.completablefuture.VertxCompletableFutureTest.testAcceptEitherAsyncWithExecutor_output_1590729262,1590732813,1590729575,3238
surefire-batch-sorted-pom-output,JON_50-no-mods-input_r100_t518400_5M_29d_0h_14m_20s_codingchili.excelastic-6bb7884=com.codingchili.TestWriter.shouldWriteToElasticPort_output_1590729262,1590730253,1590729572,681
surefire-batch-sorted-pom-output,JON_50-no-mods-input_r100_t518400_5M_29d_0h_14m_20s_davidmoten.rxjava2-extras-d0315b6=com.github.davidmoten.rx2.SpecializedMspcLinkedQueueTest.testPushPoll_output_1590729262,1590735783,1590729572,6211
surefire-batch-sorted-pom-output,JON_50-no-mods-input_r100_t518400_5M_29d_0h_14m_20s_eclipse-ee4j.tyrus-d86e0cb=org.glassfish.tyrus.test.e2e.non_deployable.ServerExecutorsManagementTest.testExecutorServicesGetClosed_output_1590729262,1590730962,1590729572,1390
surefire-batch-sorted-pom-output,JON_50-no-mods-input_r100_t518400_5M_29d_0h_14m_20s_elasticjob.elastic-job-lite-b022898=io.elasticjob.lite.event.rdb.JobEventRdbSearchTest.assertFindJobExecutionEventsWithTime_output_1590729262,1590733188,1590729583,3605
surefire-batch-sorted-pom-output,JON_50-no-mods-input_r100_t518400_5M_29d_0h_14m_20s_elasticjob.elastic-job-lite-b022898=io.elasticjob.lite.lifecycle.api.JobAPIFactoryTest.assertCreateJobStatisticsAPI_output_1590729262,1590730483,1590729585,898
surefire-batch-sorted-pom-output,JON_50-no-mods-input_r100_t518400_5M_29d_0h_14m_20s_espertechinc.esper-590fa9c=com.espertech.esper.example.rfidassetzone.TestLRMovingSimMain.testSim_output_1590729262,1590730840,1590729577,1263
surefire-batch-sorted-pom-output,JON_50-no-mods-input_r100_t518400_5M_29d_0h_14m_20s_feroult.yawp-b3bcf9c=io.yawp.testing.appengine.pipes.flow.FlowDropsTest.testFlowDropsToSameSink_output_1590729262,1590730273,1590729580,693
surefire-batch-sorted-pom-output,JON_50-no-mods-input_r100_t518400_5M_29d_0h_14m_20s_flaxsearch.luwak-c27ec08=uk.co.flax.luwak.matchers.TestParallelMatcher.testParallelSlowLog_output_1590729262,1590731367,1590729562,1805
surefire-batch-sorted-pom-output,JON_50-no-mods-input_r100_t518400_5M_29d_0h_14m_20s_fluent.fluent-logger-java-da14ec3=org.fluentd.logger.TestFluentLogger.testReconnection_output_1590729262,1590733375,1590729575,3800
surefire-batch-sorted-pom-output,JON_50-no-mods-input_r100_t518400_5M_29d_0h_14m_20s_fromage.redpipe-0aff891=net.redpipe.discovery.DiscoveryTest.checkWebClient_output_1590729262,1590730145,1590729580,565
surefire-batch-sorted-pom-output,JON_50-no-mods-input_r100_t518400_5M_29d_0h_14m_20s_fromage.redpipe-0aff891=net.redpipe.engine.swagger.SwaggerApiTest.checkSwagger_output_1590729262,1590731572,1590729575,1997
surefire-batch-sorted-pom-output,JON_50-no-mods-input_r100_t518400_5M_29d_0h_14m_20s_fromage.redpipe-0aff891=net.redpipe.templating.freemarker.ApiTest.checkMail_output_1590729262,1590730289,1590729585,704
surefire-batch-sorted-pom-output,JON_50-no-mods-input_r100_t518400_5M_29d_0h_14m_20s_javadelight.delight-nashorn-sandbox-da35edc=delight.nashornsandbox.TestGetFunction.test_output_1590729262,1590732499,1590729577,2922
surefire-batch-sorted-pom-output,JON_50-no-mods-input_r100_t518400_5M_29d_0h_14m_20s_kagkarlsson.db-scheduler-4a8a28e=com.github.kagkarlsson.scheduler.SchedulerTest.scheduler_should_execute_rescheduled_task_when_exactly_due_output_1590729262,1590731272,1590729579,1693
surefire-batch-sorted-pom-output,JON_50-no-mods-input_r100_t518400_5M_29d_0h_14m_20s_knightliao.disconf-2ac5c82=com.baidu.disconf.client.test.DisconfMgrTestCase.demo_output_1590729262,1590730381,1590729583,798
surefire-batch-sorted-pom-output,JON_50-no-mods-input_r100_t518400_5M_29d_0h_14m_20s_lcw2004.one-7b9b249=com.lcw.one.main.EmailServiceTest.sendEmailList_output_1590729262,1590730443,1590729580,863
surefire-batch-sorted-pom-output,JON_50-no-mods-input_r100_t518400_5M_29d_0h_14m_20s_looly.hutool-91565d0=cn.hutool.cron.test.CronTest.matchAllTest_output_1590729262,1590730000,1590729585,415
surefire-batch-sorted-pom-output,JON_50-no-mods-input_r100_t518400_5M_29d_0h_14m_20s_marcosbarbero.spring-cloud-zuul-ratelimit-ae9603f=com.marcosbarbero.tests.it.Bucket4jInfinispanApplicationTestIT.testExceedingQuotaCapacityRequest_output_1590729262,1590729997,1590729591,406
surefire-batch-sorted-pom-output,JON_50-no-mods-input_r100_t518400_5M_29d_0h_14m_20s_nationalsecurityagency.timely-3a8cbd3=timely.store.iterators.TimeSeriesGroupingIteratorTest.testMultipleTimeSeriesMovingAverage_output_1590729262,1590732169,1590729528,2641
surefire-batch-sorted-pom-output,JON_50-no-mods-input_r100_t518400_5M_29d_0h_14m_20s_odrotbohm.sos-d4ed68a=example.sos.modulith.orders.EmailNotificationTest.completingAnOrderUpdatesInventory_output_1590729262,1590730764,1590729562,1202
surefire-batch-sorted-pom-output,JON_50-no-mods-input_r100_t518400_5M_29d_0h_14m_20s_oracle.oci-java-sdk-2e9982f=com.oracle.bmc.objectstorage.transfer.ProgressTrackerTest.multipartUploadProgressTrackerFactory_simulateRealLifeScenario_output_1590729262,1590731855,1590729564,2291
surefire-batch-sorted-pom-output,JON_50-no-mods-input_r100_t518400_5M_29d_0h_14m_20s_orbit.orbit-c4904af=cloud.orbit.actors.extensions.test.LengthFieldHandlerTest.randomMessages_output_1590729262,1590730899,1590729583,1316
surefire-batch-sorted-pom-output,JON_50-no-mods-input_r100_t518400_5M_29d_0h_14m_20s_oryxproject.oryx-72ae4bb=com.cloudera.oryx.common.io.IOUtilsTest.testDistinctFreePorts_output_1590729262,1590733156,1590729583,3573
surefire-batch-sorted-pom-output,JON_50-no-mods-input_r100_t518400_5M_29d_0h_14m_20s_outbrain.aletheia-024a4b7=com.outbrain.aletheia.DatumAuditorStressTest.test_breadcrumbDispatcher_under_load_output_1590729262,1590730329,1590729563,766
surefire-batch-sorted-pom-output,JON_50-no-mods-input_r100_t518400_5M_29d_0h_14m_20s_pippo-java.pippo-ae898b6=ro.pippo.session.jedis.JedisSessionDataStorageTest.testDelete_output_1590729262,1590730082,1590729564,518
surefire-batch-sorted-pom-output,JON_50-no-mods-input_r100_t518400_5M_29d_0h_14m_20s_pippo-java.pippo-ae898b6=ro.pippo.session.mongodb.MongoDBSessionDataStorageTest.testCreate_output_1590729262,1590730004,1590729562,442
surefire-batch-sorted-pom-output,JON_50-no-mods-input_r100_t518400_5M_29d_0h_14m_20s_ppiastucki.recast4j-01d478e=org.recast4j.detour.tilecache.TileCacheTest.testPerformance_output_1590729262,1590732446,1590729567,2879
surefire-batch-sorted-pom-output,JON_50-no-mods-input_r100_t518400_5M_29d_0h_14m_20s_querydsl.querydsl-2bf234c=com.querydsl.hibernate.search.SearchQueryTest.count_output_1590729262,1590730974,1590729585,1389
surefire-batch-sorted-pom-output,JON_50-no-mods-input_r100_t518400_5M_29d_0h_14m_20s_spinn3r.noxy-d53a494=com.spinn3r.noxy.discovery.zookeeper.ZKTest.testBulkClusterJoining_output_1590729262,1590735182,1590729568,5614
surefire-batch-sorted-pom-output,JON_50-no-mods-input_r100_t518400_5M_29d_0h_14m_20s_square.retrofit-ae28c3d=retrofit2.adapter.rxjava.CancelDisposeTest.cancelDoesNotDispose_output_1590729262,1590730407,1590729590,817
surefire-batch-sorted-pom-output,JON_50-no-mods-input_r100_t518400_5M_29d_0h_14m_20s_square.retrofit-ae28c3d=retrofit2.CallTest.cancelOkHttpRequest_output_1590729262,1590730588,1590729585,1003
surefire-batch-sorted-pom-output,JON_50-no-mods-input_r100_t518400_5M_29d_0h_14m_20s_tootallnate.java-websocket-fa3909c=org.java_websocket.issues.Issue256Test.runReconnectBlockingScenario0_output_1590729262,1590731086,1590729588,1498
surefire-batch-sorted-pom-output,JON_50-no-mods-input_r100_t518400_5M_29d_0h_14m_20s_undertow-io.undertow-d0efffa=io.undertow.websockets.jsr.test.JsrWebSocketServer07Test.testErrorHandling_output_1590729262,1590733146,1590729585,3561
surefire-batch-sorted-pom-output,JON_50-no-mods-input_r100_t518400_5M_29d_0h_14m_20s_vert-x3.vertx-rabbitmq-client-7305bcd=io.vertx.rabbitmq.RabbitMQClientReconnectTest.testReconnect_output_1590729262,1590730941,1590729567,1374
surefire-batch-sorted-pom-output,JON_50-no-mods-input_r100_t518400_5M_29d_0h_14m_20s_vmware.admiral-e4b0293=com.vmware.admiral.adapter.registry.service.RegistryAdapterServiceProxyTest.testInitWithProxyWithList_output_1590729262,1590733462,1590729572,3890
surefire-batch-sorted-pom-output,JON_50-no-mods-input_r100_t518400_5M_29d_0h_14m_20s_wro4j.wro4j-185ab60=ro.isdc.wro.extensions.processor.TestBourbonCssProcessor.shouldBeThreadSafe_output_1590729262,1590736042,1590729585,6457
surefire-batch-sorted-pom-output,JON_50-no-mods-input_r100_t518400_5M_29d_0h_14m_20s_wso2.carbon-apimgt-a82213e=org.wso2.carbon.apimgt.throttling.siddhi.extension.ThrottleTimeBatchWindowTestCase.throttleTimeWindowBatchTest1_output_1590729262,1590732845,1590729567,3278
surefire-batch-sorted-pom-output,JON_50-no-mods-input_r100_t518400_5M_29d_0h_14m_20s_zalando.riptide-8277e11=org.zalando.riptide.backup.BackupRequestPluginTest.shouldUseBackupRequest_output_1590729262,1590732276,1590729572,2704
surefire-batch-sorted-pom-output,JON_50-no-mods-input_r100_t518400_5M_29d_0h_14m_20s_zalando.riptide-8277e11=org.zalando.riptide.failsafe.RetryAfterDelayFunctionTest.shouldRetryOnDemandWithDynamicDelay_output_1590729262,1590732534,1590729567,2967
surefire-batch-sorted-pom-output,JON_50-no-mods-input_r100_t518400_5M_29d_0h_19m_20s_alibaba.fastjson-e05e9c5=com.alibaba.json.bvt.bug.Issue_717.test_for_issue_output_1590729562,1590756761,1590729875,26886
surefire-batch-sorted-pom-output,JON_50-no-mods-input_r100_t518400_5M_29d_0h_19m_20s_apache.hbase-801fc05=org.apache.hadoop.hbase.procedure2.TestProcedureSkipPersistence.test_output_1590729562,1590746225,1590729867,16358
surefire-batch-sorted-pom-output,JON_50-no-mods-input_r100_t518400_5M_29d_0h_19m_20s_apache.incubator-dubbo-737f7a7=org.apache.dubbo.remoting.exchange.support.header.HeartbeatHandlerTest.testHeartbeat_output_1590729562,1590734910,1590729870,5040
surefire-batch-sorted-pom-output,JON_50-no-mods-input_r100_t518400_5M_29d_0h_19m_20s_apache.incubator-dubbo-737f7a7=org.apache.dubbo.rpc.protocol.dubbo.DubboLazyConnectTest.testSticky1_output_1590729562,1590745769,1590729867,15902
surefire-batch-sorted-pom-output,JON_50-no-mods-input_r100_t518400_5M_29d_0h_19m_20s_apache.incubator-dubbo-737f7a7=org.apache.dubbo.rpc.protocol.http.HttpProtocolTest.testGenericInvokeWithNativeJava_output_1590729562,1590730901,1590729867,1034
surefire-batch-sorted-pom-output,JON_50-no-mods-input_r100_t518400_5M_29d_0h_19m_20s_apereo.java-cas-client-574b74f=org.jasig.cas.client.validation.AssertionImplTests.testAssertionValidity_output_1590729562,1590730827,1590729845,982
surefire-batch-sorted-pom-output,JON_50-no-mods-input_r100_t518400_5M_29d_0h_19m_20s_c2mon.c2mon-d80687b=cern.c2mon.daq.filter.dynamic.DiffTimeDeadbandActivatorTest.testNoActivationOnFirstRecord_output_1590729562,1590731338,1590729851,1487
surefire-batch-sorted-pom-output,JON_50-no-mods-input_r100_t518400_5M_29d_0h_19m_20s_c2mon.c2mon-d80687b=cern.c2mon.server.common.republisher.RepublisherImplTest.testMultipleExceptions_output_1590729562,1590730874,1590729851,1023
surefire-batch-sorted-pom-output,JON_50-no-mods-input_r100_t518400_5M_29d_0h_19m_20s_cescoffier.vertx-completable-future-011d3cd=me.escoffier.vertx.completablefuture.VertxCompletableFutureTest.testAcceptEitherAsyncWithExecutor_output_1590729562,1590733144,1590729859,3285
surefire-batch-sorted-pom-output,JON_50-no-mods-input_r100_t518400_5M_29d_0h_19m_20s_codingchili.excelastic-6bb7884=com.codingchili.TestWriter.shouldWriteToElasticPort_output_1590729562,1590730528,1590729851,677
surefire-batch-sorted-pom-output,JON_50-no-mods-input_r100_t518400_5M_29d_0h_19m_20s_davidmoten.rxjava2-extras-d0315b6=com.github.davidmoten.rx2.SpecializedMspcLinkedQueueTest.testPushPoll_output_1590729562,1590736361,1590729854,6507
surefire-batch-sorted-pom-output,JON_50-no-mods-input_r100_t518400_5M_29d_0h_19m_20s_eclipse-ee4j.tyrus-d86e0cb=org.glassfish.tyrus.test.e2e.non_deployable.ServerExecutorsManagementTest.testExecutorServicesGetClosed_output_1590729562,1590731350,1590729859,1491
surefire-batch-sorted-pom-output,JON_50-no-mods-input_r100_t518400_5M_29d_0h_19m_20s_elasticjob.elastic-job-lite-b022898=io.elasticjob.lite.event.rdb.JobEventRdbSearchTest.assertFindJobExecutionEventsWithTime_output_1590729562,1590733544,1590729832,3712
surefire-batch-sorted-pom-output,JON_50-no-mods-input_r100_t518400_5M_29d_0h_19m_20s_elasticjob.elastic-job-lite-b022898=io.elasticjob.lite.lifecycle.api.JobAPIFactoryTest.assertCreateJobStatisticsAPI_output_1590729562,1590730851,1590729871,980
surefire-batch-sorted-pom-output,JON_50-no-mods-input_r100_t518400_5M_29d_0h_19m_20s_espertechinc.esper-590fa9c=com.espertech.esper.example.rfidassetzone.TestLRMovingSimMain.testSim_output_1590729562,1590731098,1590729854,1244
surefire-batch-sorted-pom-output,JON_50-no-mods-input_r100_t518400_5M_29d_0h_19m_20s_feroult.yawp-b3bcf9c=io.yawp.testing.appengine.pipes.flow.FlowDropsTest.testFlowDropsToSameSink_output_1590729562,1590730672,1590729859,813
surefire-batch-sorted-pom-output,JON_50-no-mods-input_r100_t518400_5M_29d_0h_19m_20s_flaxsearch.luwak-c27ec08=uk.co.flax.luwak.matchers.TestParallelMatcher.testParallelSlowLog_output_1590729562,1590731776,1590729856,1920
surefire-batch-sorted-pom-output,JON_50-no-mods-input_r100_t518400_5M_29d_0h_19m_20s_fluent.fluent-logger-java-da14ec3=org.fluentd.logger.TestFluentLogger.testReconnection_output_1590729562,1590733682,1590729856,3826
surefire-batch-sorted-pom-output,JON_50-no-mods-input_r100_t518400_5M_29d_0h_19m_20s_fromage.redpipe-0aff891=net.redpipe.discovery.DiscoveryTest.checkWebClient_output_1590729562,1590730431,1590729856,575
surefire-batch-sorted-pom-output,JON_50-no-mods-input_r100_t518400_5M_29d_0h_19m_20s_fromage.redpipe-0aff891=net.redpipe.engine.swagger.SwaggerApiTest.checkSwagger_output_1590729562,1590732016,1590729872,2144
surefire-batch-sorted-pom-output,JON_50-no-mods-input_r100_t518400_5M_29d_0h_19m_20s_fromage.redpipe-0aff891=net.redpipe.templating.freemarker.ApiTest.checkMail_output_1590729562,1590730587,1590729872,715
surefire-batch-sorted-pom-output,JON_50-no-mods-input_r100_t518400_5M_29d_0h_19m_20s_javadelight.delight-nashorn-sandbox-da35edc=delight.nashornsandbox.TestGetFunction.test_output_1590729562,1590732792,1590729862,2930
surefire-batch-sorted-pom-output,JON_50-no-mods-input_r100_t518400_5M_29d_0h_19m_20s_kagkarlsson.db-scheduler-4a8a28e=com.github.kagkarlsson.scheduler.SchedulerTest.scheduler_should_execute_rescheduled_task_when_exactly_due_output_1590729562,1590731587,1590729872,1715
surefire-batch-sorted-pom-output,JON_50-no-mods-input_r100_t518400_5M_29d_0h_19m_20s_knightliao.disconf-2ac5c82=com.baidu.disconf.client.test.DisconfMgrTestCase.demo_output_1590729562,1590730713,1590729870,843
surefire-batch-sorted-pom-output,JON_50-no-mods-input_r100_t518400_5M_29d_0h_19m_20s_lcw2004.one-7b9b249=com.lcw.one.main.EmailServiceTest.sendEmailList_output_1590729562,1590730749,1590729870,879
surefire-batch-sorted-pom-output,JON_50-no-mods-input_r100_t518400_5M_29d_0h_19m_20s_looly.hutool-91565d0=cn.hutool.cron.test.CronTest.matchAllTest_output_1590729562,1590730276,1590729870,406
surefire-batch-sorted-pom-output,JON_50-no-mods-input_r100_t518400_5M_29d_0h_19m_20s_marcosbarbero.spring-cloud-zuul-ratelimit-ae9603f=com.marcosbarbero.tests.it.Bucket4jInfinispanApplicationTestIT.testExceedingQuotaCapacityRequest_output_1590729562,1590730327,1590729887,440
surefire-batch-sorted-pom-output,JON_50-no-mods-input_r100_t518400_5M_29d_0h_19m_20s_nationalsecurityagency.timely-3a8cbd3=timely.store.iterators.TimeSeriesGroupingIteratorTest.testMultipleTimeSeriesMovingAverage_output_1590729562,1590732224,1590729772,2452
surefire-batch-sorted-pom-output,JON_50-no-mods-input_r100_t518400_5M_29d_0h_19m_20s_odrotbohm.sos-d4ed68a=example.sos.modulith.orders.EmailNotificationTest.completingAnOrderUpdatesInventory_output_1590729562,1590731039,1590729832,1207
surefire-batch-sorted-pom-output,JON_50-no-mods-input_r100_t518400_5M_29d_0h_19m_20s_oracle.oci-java-sdk-2e9982f=com.oracle.bmc.objectstorage.transfer.ProgressTrackerTest.multipartUploadProgressTrackerFactory_simulateRealLifeScenario_output_1590729562,1590732231,1590729834,2397
surefire-batch-sorted-pom-output,JON_50-no-mods-input_r100_t518400_5M_29d_0h_19m_20s_orbit.orbit-c4904af=cloud.orbit.actors.extensions.test.LengthFieldHandlerTest.randomMessages_output_1590729562,1590731316,1590729870,1446
surefire-batch-sorted-pom-output,JON_50-no-mods-input_r100_t518400_5M_29d_0h_19m_20s_oryxproject.oryx-72ae4bb=com.cloudera.oryx.common.io.IOUtilsTest.testDistinctFreePorts_output_1590729562,1590733492,1590729870,3622
surefire-batch-sorted-pom-output,JON_50-no-mods-input_r100_t518400_5M_29d_0h_19m_20s_outbrain.aletheia-024a4b7=com.outbrain.aletheia.DatumAuditorStressTest.test_breadcrumbDispatcher_under_load_output_1590729562,1590730608,1590729821,787
surefire-batch-sorted-pom-output,JON_50-no-mods-input_r100_t518400_5M_29d_0h_19m_20s_pippo-java.pippo-ae898b6=ro.pippo.session.jedis.JedisSessionDataStorageTest.testDelete_output_1590729562,1590730401,1590729837,564
surefire-batch-sorted-pom-output,JON_50-no-mods-input_r100_t518400_5M_29d_0h_19m_20s_pippo-java.pippo-ae898b6=ro.pippo.session.mongodb.MongoDBSessionDataStorageTest.testCreate_output_1590729562,1590730267,1590729834,433
surefire-batch-sorted-pom-output,JON_50-no-mods-input_r100_t518400_5M_29d_0h_19m_20s_ppiastucki.recast4j-01d478e=org.recast4j.detour.tilecache.TileCacheTest.testPerformance_output_1590729562,1590732812,1590729832,2980
surefire-batch-sorted-pom-output,JON_50-no-mods-input_r100_t518400_5M_29d_0h_19m_20s_querydsl.querydsl-2bf234c=com.querydsl.hibernate.search.SearchQueryTest.count_output_1590729562,1590731382,1590729867,1515
surefire-batch-sorted-pom-output,JON_50-no-mods-input_r100_t518400_5M_29d_0h_19m_20s_spinn3r.noxy-d53a494=com.spinn3r.noxy.discovery.zookeeper.ZKTest.testBulkClusterJoining_output_1590729562,1590734344,1590729832,4512
surefire-batch-sorted-pom-output,JON_50-no-mods-input_r100_t518400_5M_29d_0h_19m_20s_square.retrofit-ae28c3d=retrofit2.adapter.rxjava.CancelDisposeTest.cancelDoesNotDispose_output_1590729562,1590730696,1590729872,824
surefire-batch-sorted-pom-output,JON_50-no-mods-input_r100_t518400_5M_29d_0h_19m_20s_square.retrofit-ae28c3d=retrofit2.CallTest.cancelOkHttpRequest_output_1590729562,1590731009,1590729872,1137
surefire-batch-sorted-pom-output,JON_50-no-mods-input_r100_t518400_5M_29d_0h_19m_20s_tootallnate.java-websocket-fa3909c=org.java_websocket.issues.Issue256Test.runReconnectBlockingScenario0_output_1590729562,1590731465,1590729872,1593
surefire-batch-sorted-pom-output,JON_50-no-mods-input_r100_t518400_5M_29d_0h_19m_20s_undertow-io.undertow-d0efffa=io.undertow.websockets.jsr.test.JsrWebSocketServer07Test.testErrorHandling_output_1590729562,1590733789,1590729878,3911
surefire-batch-sorted-pom-output,JON_50-no-mods-input_r100_t518400_5M_29d_0h_19m_20s_vert-x3.vertx-rabbitmq-client-7305bcd=io.vertx.rabbitmq.RabbitMQClientReconnectTest.testReconnect_output_1590729562,1590731300,1590729837,1463
surefire-batch-sorted-pom-output,JON_50-no-mods-input_r100_t518400_5M_29d_0h_19m_20s_vmware.admiral-e4b0293=com.vmware.admiral.adapter.registry.service.RegistryAdapterServiceProxyTest.testInitWithProxyWithList_output_1590729562,1590734086,1590729846,4240
surefire-batch-sorted-pom-output,JON_50-no-mods-input_r100_t518400_5M_29d_0h_19m_20s_wro4j.wro4j-185ab60=ro.isdc.wro.extensions.processor.TestBourbonCssProcessor.shouldBeThreadSafe_output_1590729562,1590737024,1590729875,7149
surefire-batch-sorted-pom-output,JON_50-no-mods-input_r100_t518400_5M_29d_0h_19m_20s_wso2.carbon-apimgt-a82213e=org.wso2.carbon.apimgt.throttling.siddhi.extension.ThrottleTimeBatchWindowTestCase.throttleTimeWindowBatchTest1_output_1590729562,1590733210,1590729840,3370
surefire-batch-sorted-pom-output,JON_50-no-mods-input_r100_t518400_5M_29d_0h_19m_20s_zalando.riptide-8277e11=org.zalando.riptide.backup.BackupRequestPluginTest.shouldUseBackupRequest_output_1590729562,1590732575,1590729846,2729
surefire-batch-sorted-pom-output,JON_50-no-mods-input_r100_t518400_5M_29d_0h_19m_20s_zalando.riptide-8277e11=org.zalando.riptide.failsafe.RetryAfterDelayFunctionTest.shouldRetryOnDemandWithDynamicDelay_output_1590729562,1590733008,1590729840,3168
surefire-batch-sorted-pom-output,JON_50-no-mods-input_r100_t518400_5M_29d_0h_24m_20s_alibaba.fastjson-e05e9c5=com.alibaba.json.bvt.bug.Issue_717.test_for_issue_output_1590729863,1590757928,1590730164,27764
surefire-batch-sorted-pom-output,JON_50-no-mods-input_r100_t518400_5M_29d_0h_24m_20s_apache.hbase-801fc05=org.apache.hadoop.hbase.procedure2.TestProcedureSkipPersistence.test_output_1590729863,1590746680,1590730148,16532
surefire-batch-sorted-pom-output,JON_50-no-mods-input_r100_t518400_5M_29d_0h_24m_20s_apache.incubator-dubbo-737f7a7=org.apache.dubbo.remoting.exchange.support.header.HeartbeatHandlerTest.testHeartbeat_output_1590729863,1590735179,1590730150,5029
surefire-batch-sorted-pom-output,JON_50-no-mods-input_r100_t518400_5M_29d_0h_24m_20s_apache.incubator-dubbo-737f7a7=org.apache.dubbo.rpc.protocol.dubbo.DubboLazyConnectTest.testSticky1_output_1590729863,1590746264,1590730150,16114
surefire-batch-sorted-pom-output,JON_50-no-mods-input_r100_t518400_5M_29d_0h_24m_20s_apache.incubator-dubbo-737f7a7=org.apache.dubbo.rpc.protocol.http.HttpProtocolTest.testGenericInvokeWithNativeJava_output_1590729863,1590731188,1590730150,1038
surefire-batch-sorted-pom-output,JON_50-no-mods-input_r100_t518400_5M_29d_0h_24m_20s_apereo.java-cas-client-574b74f=org.jasig.cas.client.validation.AssertionImplTests.testAssertionValidity_output_1590729862,1590731107,1590730139,968
surefire-batch-sorted-pom-output,JON_50-no-mods-input_r100_t518400_5M_29d_0h_24m_20s_c2mon.c2mon-d80687b=cern.c2mon.daq.filter.dynamic.DiffTimeDeadbandActivatorTest.testNoActivationOnFirstRecord_output_1590729862,1590731624,1590730141,1483
surefire-batch-sorted-pom-output,JON_50-no-mods-input_r100_t518400_5M_29d_0h_24m_20s_c2mon.c2mon-d80687b=cern.c2mon.server.common.republisher.RepublisherImplTest.testMultipleExceptions_output_1590729863,1590731170,1590730141,1029
surefire-batch-sorted-pom-output,JON_50-no-mods-input_r100_t518400_5M_29d_0h_24m_20s_cescoffier.vertx-completable-future-011d3cd=me.escoffier.vertx.completablefuture.VertxCompletableFutureTest.testAcceptEitherAsyncWithExecutor_output_1590729863,1590733463,1590730142,3321
surefire-batch-sorted-pom-output,JON_50-no-mods-input_r100_t518400_5M_29d_0h_24m_20s_codingchili.excelastic-6bb7884=com.codingchili.TestWriter.shouldWriteToElasticPort_output_1590729863,1590730838,1590730141,697
surefire-batch-sorted-pom-output,JON_50-no-mods-input_r100_t518400_5M_29d_0h_24m_20s_davidmoten.rxjava2-extras-d0315b6=com.github.davidmoten.rx2.SpecializedMspcLinkedQueueTest.testPushPoll_output_1590729863,1590736417,1590730144,6273
surefire-batch-sorted-pom-output,JON_50-no-mods-input_r100_t518400_5M_29d_0h_24m_20s_eclipse-ee4j.tyrus-d86e0cb=org.glassfish.tyrus.test.e2e.non_deployable.ServerExecutorsManagementTest.testExecutorServicesGetClosed_output_1590729863,1590731645,1590730144,1501
surefire-batch-sorted-pom-output,JON_50-no-mods-input_r100_t518400_5M_29d_0h_24m_20s_elasticjob.elastic-job-lite-b022898=io.elasticjob.lite.event.rdb.JobEventRdbSearchTest.assertFindJobExecutionEventsWithTime_output_1590729863,1590733951,1590730150,3801
surefire-batch-sorted-pom-output,JON_50-no-mods-input_r100_t518400_5M_29d_0h_24m_20s_elasticjob.elastic-job-lite-b022898=io.elasticjob.lite.lifecycle.api.JobAPIFactoryTest.assertCreateJobStatisticsAPI_output_1590729863,1590731125,1590730150,975
surefire-batch-sorted-pom-output,JON_50-no-mods-input_r100_t518400_5M_29d_0h_24m_20s_espertechinc.esper-590fa9c=com.espertech.esper.example.rfidassetzone.TestLRMovingSimMain.testSim_output_1590729863,1590731392,1590730144,1248
surefire-batch-sorted-pom-output,JON_50-no-mods-input_r100_t518400_5M_29d_0h_24m_20s_feroult.yawp-b3bcf9c=io.yawp.testing.appengine.pipes.flow.FlowDropsTest.testFlowDropsToSameSink_output_1590729863,1590730940,1590730144,796
surefire-batch-sorted-pom-output,JON_50-no-mods-input_r100_t518400_5M_29d_0h_24m_20s_flaxsearch.luwak-c27ec08=uk.co.flax.luwak.matchers.TestParallelMatcher.testParallelSlowLog_output_1590729863,1590732047,1590730144,1903
surefire-batch-sorted-pom-output,JON_50-no-mods-input_r100_t518400_5M_29d_0h_24m_20s_fluent.fluent-logger-java-da14ec3=org.fluentd.logger.TestFluentLogger.testReconnection_output_1590729863,1590733976,1590730144,3832
surefire-batch-sorted-pom-output,JON_50-no-mods-input_r100_t518400_5M_29d_0h_24m_20s_fromage.redpipe-0aff891=net.redpipe.discovery.DiscoveryTest.checkWebClient_output_1590729863,1590730771,1590730148,623
surefire-batch-sorted-pom-output,JON_50-no-mods-input_r100_t518400_5M_29d_0h_24m_20s_fromage.redpipe-0aff891=net.redpipe.engine.swagger.SwaggerApiTest.checkSwagger_output_1590729863,1590732204,1590730147,2057
surefire-batch-sorted-pom-output,JON_50-no-mods-input_r100_t518400_5M_29d_0h_24m_20s_fromage.redpipe-0aff891=net.redpipe.templating.freemarker.ApiTest.checkMail_output_1590729863,1590730846,1590730148,698
surefire-batch-sorted-pom-output,JON_50-no-mods-input_r100_t518400_5M_29d_0h_24m_20s_javadelight.delight-nashorn-sandbox-da35edc=delight.nashornsandbox.TestGetFunction.test_output_1590729863,1590733154,1590730147,3007
surefire-batch-sorted-pom-output,JON_50-no-mods-input_r100_t518400_5M_29d_0h_24m_20s_kagkarlsson.db-scheduler-4a8a28e=com.github.kagkarlsson.scheduler.SchedulerTest.scheduler_should_execute_rescheduled_task_when_exactly_due_output_1590729863,1590731864,1590730147,1717
surefire-batch-sorted-pom-output,JON_50-no-mods-input_r100_t518400_5M_29d_0h_24m_20s_knightliao.disconf-2ac5c82=com.baidu.disconf.client.test.DisconfMgrTestCase.demo_output_1590729863,1590730942,1590730150,792
surefire-batch-sorted-pom-output,JON_50-no-mods-input_r100_t518400_5M_29d_0h_24m_20s_lcw2004.one-7b9b249=com.lcw.one.main.EmailServiceTest.sendEmailList_output_1590729863,1590731071,1590730150,921
surefire-batch-sorted-pom-output,JON_50-no-mods-input_r100_t518400_5M_29d_0h_24m_20s_looly.hutool-91565d0=cn.hutool.cron.test.CronTest.matchAllTest_output_1590729863,1590730599,1590730153,446
surefire-batch-sorted-pom-output,JON_50-no-mods-input_r100_t518400_5M_29d_0h_24m_20s_marcosbarbero.spring-cloud-zuul-ratelimit-ae9603f=com.marcosbarbero.tests.it.Bucket4jInfinispanApplicationTestIT.testExceedingQuotaCapacityRequest_output_1590729863,1590730601,1590730167,434
surefire-batch-sorted-pom-output,JON_50-no-mods-input_r100_t518400_5M_29d_0h_24m_20s_nationalsecurityagency.timely-3a8cbd3=timely.store.iterators.TimeSeriesGroupingIteratorTest.testMultipleTimeSeriesMovingAverage_output_1590729862,1590732852,1590730106,2746
surefire-batch-sorted-pom-output,JON_50-no-mods-input_r100_t518400_5M_29d_0h_24m_20s_odrotbohm.sos-d4ed68a=example.sos.modulith.orders.EmailNotificationTest.completingAnOrderUpdatesInventory_output_1590729862,1590731295,1590730104,1191
surefire-batch-sorted-pom-output,JON_50-no-mods-input_r100_t518400_5M_29d_0h_24m_20s_oracle.oci-java-sdk-2e9982f=com.oracle.bmc.objectstorage.transfer.ProgressTrackerTest.multipartUploadProgressTrackerFactory_simulateRealLifeScenario_output_1590729862,1590732500,1590730106,2394
surefire-batch-sorted-pom-output,JON_50-no-mods-input_r100_t518400_5M_29d_0h_24m_20s_orbit.orbit-c4904af=cloud.orbit.actors.extensions.test.LengthFieldHandlerTest.randomMessages_output_1590729863,1590731563,1590730149,1414
surefire-batch-sorted-pom-output,JON_50-no-mods-input_r100_t518400_5M_29d_0h_24m_20s_oryxproject.oryx-72ae4bb=com.cloudera.oryx.common.io.IOUtilsTest.testDistinctFreePorts_output_1590729863,1590733727,1590730153,3574
surefire-batch-sorted-pom-output,JON_50-no-mods-input_r100_t518400_5M_29d_0h_24m_20s_outbrain.aletheia-024a4b7=com.outbrain.aletheia.DatumAuditorStressTest.test_breadcrumbDispatcher_under_load_output_1590729862,1590730929,1590730115,814
surefire-batch-sorted-pom-output,JON_50-no-mods-input_r100_t518400_5M_29d_0h_24m_20s_pippo-java.pippo-ae898b6=ro.pippo.session.jedis.JedisSessionDataStorageTest.testDelete_output_1590729862,1590730706,1590730120,586
surefire-batch-sorted-pom-output,JON_50-no-mods-input_r100_t518400_5M_29d_0h_24m_20s_pippo-java.pippo-ae898b6=ro.pippo.session.mongodb.MongoDBSessionDataStorageTest.testCreate_output_1590729862,1590730593,1590730128,465
surefire-batch-sorted-pom-output,JON_50-no-mods-input_r100_t518400_5M_29d_0h_24m_20s_ppiastucki.recast4j-01d478e=org.recast4j.detour.tilecache.TileCacheTest.testPerformance_output_1590729862,1590733060,1590730122,2938
surefire-batch-sorted-pom-output,JON_50-no-mods-input_r100_t518400_5M_29d_0h_24m_20s_querydsl.querydsl-2bf234c=com.querydsl.hibernate.search.SearchQueryTest.count_output_1590729863,1590731597,1590730153,1444
surefire-batch-sorted-pom-output,JON_50-no-mods-input_r100_t518400_5M_29d_0h_24m_20s_spinn3r.noxy-d53a494=com.spinn3r.noxy.discovery.zookeeper.ZKTest.testBulkClusterJoining_output_1590729862,1590736852,1590730130,6722
surefire-batch-sorted-pom-output,JON_50-no-mods-input_r100_t518400_5M_29d_0h_24m_20s_square.retrofit-ae28c3d=retrofit2.adapter.rxjava.CancelDisposeTest.cancelDoesNotDispose_output_1590729863,1590730997,1590730153,844
surefire-batch-sorted-pom-output,JON_50-no-mods-input_r100_t518400_5M_29d_0h_24m_20s_square.retrofit-ae28c3d=retrofit2.CallTest.cancelOkHttpRequest_output_1590729863,1590731268,1590730153,1115
surefire-batch-sorted-pom-output,JON_50-no-mods-input_r100_t518400_5M_29d_0h_24m_20s_tootallnate.java-websocket-fa3909c=org.java_websocket.issues.Issue256Test.runReconnectBlockingScenario0_output_1590729863,1590731713,1590730153,1560
surefire-batch-sorted-pom-output,JON_50-no-mods-input_r100_t518400_5M_29d_0h_24m_20s_vert-x3.vertx-rabbitmq-client-7305bcd=io.vertx.rabbitmq.RabbitMQClientReconnectTest.testReconnect_output_1590729862,1590731529,1590730131,1398
surefire-batch-sorted-pom-output,JON_50-no-mods-input_r100_t518400_5M_29d_0h_24m_20s_vmware.admiral-e4b0293=com.vmware.admiral.adapter.registry.service.RegistryAdapterServiceProxyTest.testInitWithProxyWithList_output_1590729862,1590734264,1590730133,4131
surefire-batch-sorted-pom-output,JON_50-no-mods-input_r100_t518400_5M_29d_0h_24m_20s_wro4j.wro4j-185ab60=ro.isdc.wro.extensions.processor.TestBourbonCssProcessor.shouldBeThreadSafe_output_1590729863,1590737525,1590730156,7369
surefire-batch-sorted-pom-output,JON_50-no-mods-input_r100_t518400_5M_29d_0h_24m_20s_wso2.carbon-apimgt-a82213e=org.wso2.carbon.apimgt.throttling.siddhi.extension.ThrottleTimeBatchWindowTestCase.throttleTimeWindowBatchTest1_output_1590729862,1590733509,1590730136,3373
surefire-batch-sorted-pom-output,JON_50-no-mods-input_r100_t518400_5M_29d_0h_24m_20s_zalando.riptide-8277e11=org.zalando.riptide.backup.BackupRequestPluginTest.shouldUseBackupRequest_output_1590729862,1590732877,1590730136,2741
surefire-batch-sorted-pom-output,JON_50-no-mods-input_r100_t518400_5M_29d_0h_24m_20s_zalando.riptide-8277e11=org.zalando.riptide.failsafe.RetryAfterDelayFunctionTest.shouldRetryOnDemandWithDynamicDelay_output_1590729862,1590733220,1590730136,3084
surefire-batch-sorted-pom-output,JON_50-no-mods-input_r100_t518400_5M_29d_0h_29m_20s_alibaba.fastjson-e05e9c5=com.alibaba.json.bvt.bug.Issue_717.test_for_issue_output_1590730163,1590755362,1590730584,24778
surefire-batch-sorted-pom-output,JON_50-no-mods-input_r100_t518400_5M_29d_0h_29m_20s_apache.hbase-801fc05=org.apache.hadoop.hbase.procedure2.TestProcedureSkipPersistence.test_output_1590730163,1590747180,1590730517,16663
surefire-batch-sorted-pom-output,JON_50-no-mods-input_r100_t518400_5M_29d_0h_29m_20s_apache.incubator-dubbo-737f7a7=org.apache.dubbo.remoting.exchange.support.header.HeartbeatHandlerTest.testHeartbeat_output_1590730163,1590735489,1590730541,4948
surefire-batch-sorted-pom-output,JON_50-no-mods-input_r100_t518400_5M_29d_0h_29m_20s_apache.incubator-dubbo-737f7a7=org.apache.dubbo.rpc.protocol.dubbo.DubboLazyConnectTest.testSticky1_output_1590730163,1590746174,1590730522,15652
surefire-batch-sorted-pom-output,JON_50-no-mods-input_r100_t518400_5M_29d_0h_29m_20s_apache.incubator-dubbo-737f7a7=org.apache.dubbo.rpc.protocol.http.HttpProtocolTest.testGenericInvokeWithNativeJava_output_1590730163,1590731425,1590730528,897
surefire-batch-sorted-pom-output,JON_50-no-mods-input_r100_t518400_5M_29d_0h_29m_20s_apereo.java-cas-client-574b74f=org.jasig.cas.client.validation.AssertionImplTests.testAssertionValidity_output_1590730163,1590731376,1590730483,893
surefire-batch-sorted-pom-output,JON_50-no-mods-input_r100_t518400_5M_29d_0h_29m_20s_c2mon.c2mon-d80687b=cern.c2mon.daq.filter.dynamic.DiffTimeDeadbandActivatorTest.testNoActivationOnFirstRecord_output_1590730163,1590732012,1590730488,1524
surefire-batch-sorted-pom-output,JON_50-no-mods-input_r100_t518400_5M_29d_0h_29m_20s_c2mon.c2mon-d80687b=cern.c2mon.server.common.republisher.RepublisherImplTest.testMultipleExceptions_output_1590730163,1590731472,1590730483,989
surefire-batch-sorted-pom-output,JON_50-no-mods-input_r100_t518400_5M_29d_0h_29m_20s_cescoffier.vertx-completable-future-011d3cd=me.escoffier.vertx.completablefuture.VertxCompletableFutureTest.testAcceptEitherAsyncWithExecutor_output_1590730163,1590733730,1590730488,3242
surefire-batch-sorted-pom-output,JON_50-no-mods-input_r100_t518400_5M_29d_0h_29m_20s_codingchili.excelastic-6bb7884=com.codingchili.TestWriter.shouldWriteToElasticPort_output_1590730163,1590731134,1590730491,643
surefire-batch-sorted-pom-output,JON_50-no-mods-input_r100_t518400_5M_29d_0h_29m_20s_davidmoten.rxjava2-extras-d0315b6=com.github.davidmoten.rx2.SpecializedMspcLinkedQueueTest.testPushPoll_output_1590730163,1590736687,1590730500,6187
surefire-batch-sorted-pom-output,JON_50-no-mods-input_r100_t518400_5M_29d_0h_29m_20s_eclipse-ee4j.tyrus-d86e0cb=org.glassfish.tyrus.test.e2e.non_deployable.ServerExecutorsManagementTest.testExecutorServicesGetClosed_output_1590730163,1590731867,1590730488,1379
surefire-batch-sorted-pom-output,JON_50-no-mods-input_r100_t518400_5M_29d_0h_29m_20s_elasticjob.elastic-job-lite-b022898=io.elasticjob.lite.event.rdb.JobEventRdbSearchTest.assertFindJobExecutionEventsWithTime_output_1590730163,1590733948,1590730541,3407
surefire-batch-sorted-pom-output,JON_50-no-mods-input_r100_t518400_5M_29d_0h_29m_20s_elasticjob.elastic-job-lite-b022898=io.elasticjob.lite.lifecycle.api.JobAPIFactoryTest.assertCreateJobStatisticsAPI_output_1590730163,1590731401,1590730522,879
surefire-batch-sorted-pom-output,JON_50-no-mods-input_r100_t518400_5M_29d_0h_29m_20s_espertechinc.esper-590fa9c=com.espertech.esper.example.rfidassetzone.TestLRMovingSimMain.testSim_output_1590730163,1590731664,1590730488,1176
surefire-batch-sorted-pom-output,JON_50-no-mods-input_r100_t518400_5M_29d_0h_29m_20s_feroult.yawp-b3bcf9c=io.yawp.testing.appengine.pipes.flow.FlowDropsTest.testFlowDropsToSameSink_output_1590730163,1590731199,1590730500,699
surefire-batch-sorted-pom-output,JON_50-no-mods-input_r100_t518400_5M_29d_0h_29m_20s_flaxsearch.luwak-c27ec08=uk.co.flax.luwak.matchers.TestParallelMatcher.testParallelSlowLog_output_1590730163,1590732294,1590730497,1797
surefire-batch-sorted-pom-output,JON_50-no-mods-input_r100_t518400_5M_29d_0h_29m_20s_fluent.fluent-logger-java-da14ec3=org.fluentd.logger.TestFluentLogger.testReconnection_output_1590730163,1590734311,1590730509,3802
surefire-batch-sorted-pom-output,JON_50-no-mods-input_r100_t518400_5M_29d_0h_29m_20s_fromage.redpipe-0aff891=net.redpipe.discovery.DiscoveryTest.checkWebClient_output_1590730163,1590731071,1590730509,562
surefire-batch-sorted-pom-output,JON_50-no-mods-input_r100_t518400_5M_29d_0h_29m_20s_fromage.redpipe-0aff891=net.redpipe.engine.swagger.SwaggerApiTest.checkSwagger_output_1590730163,1590732525,1590730512,2013
surefire-batch-sorted-pom-output,JON_50-no-mods-input_r100_t518400_5M_29d_0h_29m_20s_fromage.redpipe-0aff891=net.redpipe.templating.freemarker.ApiTest.checkMail_output_1590730163,1590731186,1590730511,675
surefire-batch-sorted-pom-output,JON_50-no-mods-input_r100_t518400_5M_29d_0h_29m_20s_javadelight.delight-nashorn-sandbox-da35edc=delight.nashornsandbox.TestGetFunction.test_output_1590730163,1590733554,1590730514,3040
surefire-batch-sorted-pom-output,JON_50-no-mods-input_r100_t518400_5M_29d_0h_29m_20s_kagkarlsson.db-scheduler-4a8a28e=com.github.kagkarlsson.scheduler.SchedulerTest.scheduler_should_execute_rescheduled_task_when_exactly_due_output_1590730163,1590732139,1590730520,1619
surefire-batch-sorted-pom-output,JON_50-no-mods-input_r100_t518400_5M_29d_0h_29m_20s_lcw2004.one-7b9b249=com.lcw.one.main.EmailServiceTest.sendEmailList_output_1590730163,1590731362,1590730514,848
surefire-batch-sorted-pom-output,JON_50-no-mods-input_r100_t518400_5M_29d_0h_29m_20s_knightliao.disconf-2ac5c82=com.baidu.disconf.client.test.DisconfMgrTestCase.demo_output_1590730163,1590731309,1590730541,768
surefire-batch-sorted-pom-output,JON_50-no-mods-input_r100_t518400_5M_29d_0h_29m_20s_looly.hutool-91565d0=cn.hutool.cron.test.CronTest.matchAllTest_output_1590730163,1590730925,1590730541,384
surefire-batch-sorted-pom-output,JON_50-no-mods-input_r100_t518400_5M_29d_0h_29m_20s_marcosbarbero.spring-cloud-zuul-ratelimit-ae9603f=com.marcosbarbero.tests.it.Bucket4jInfinispanApplicationTestIT.testExceedingQuotaCapacityRequest_output_1590730163,1590730983,1590730578,405
surefire-batch-sorted-pom-output,JON_50-no-mods-input_r100_t518400_5M_29d_0h_29m_20s_nationalsecurityagency.timely-3a8cbd3=timely.store.iterators.TimeSeriesGroupingIteratorTest.testMultipleTimeSeriesMovingAverage_output_1590730163,1590732787,1590730452,2335
surefire-batch-sorted-pom-output,JON_50-no-mods-input_r100_t518400_5M_29d_0h_29m_20s_odrotbohm.sos-d4ed68a=example.sos.modulith.orders.EmailNotificationTest.completingAnOrderUpdatesInventory_output_1590730163,1590731558,1590730379,1179
surefire-batch-sorted-pom-output,JON_50-no-mods-input_r100_t518400_5M_29d_0h_29m_20s_oracle.oci-java-sdk-2e9982f=com.oracle.bmc.objectstorage.transfer.ProgressTrackerTest.multipartUploadProgressTrackerFactory_simulateRealLifeScenario_output_1590730163,1590732705,1590730472,2233
surefire-batch-sorted-pom-output,JON_50-no-mods-input_r100_t518400_5M_29d_0h_29m_20s_orbit.orbit-c4904af=cloud.orbit.actors.extensions.test.LengthFieldHandlerTest.randomMessages_output_1590730163,1590731831,1590730548,1283
surefire-batch-sorted-pom-output,JON_50-no-mods-input_r100_t518400_5M_29d_0h_29m_20s_oryxproject.oryx-72ae4bb=com.cloudera.oryx.common.io.IOUtilsTest.testDistinctFreePorts_output_1590730163,1590734044,1590730550,3494
surefire-batch-sorted-pom-output,JON_50-no-mods-input_r100_t518400_5M_29d_0h_29m_20s_outbrain.aletheia-024a4b7=com.outbrain.aletheia.DatumAuditorStressTest.test_breadcrumbDispatcher_under_load_output_1590730163,1590731133,1590730466,667
surefire-batch-sorted-pom-output,JON_50-no-mods-input_r100_t518400_5M_29d_0h_29m_20s_pippo-java.pippo-ae898b6=ro.pippo.session.jedis.JedisSessionDataStorageTest.testDelete_output_1590730163,1590730991,1590730460,531
surefire-batch-sorted-pom-output,JON_50-no-mods-input_r100_t518400_5M_29d_0h_29m_20s_pippo-java.pippo-ae898b6=ro.pippo.session.mongodb.MongoDBSessionDataStorageTest.testCreate_output_1590730163,1590730839,1590730457,382
surefire-batch-sorted-pom-output,JON_50-no-mods-input_r100_t518400_5M_29d_0h_29m_20s_ppiastucki.recast4j-01d478e=org.recast4j.detour.tilecache.TileCacheTest.testPerformance_output_1590730163,1590733218,1590730463,2755
surefire-batch-sorted-pom-output,JON_50-no-mods-input_r100_t518400_5M_29d_0h_29m_20s_querydsl.querydsl-2bf234c=com.querydsl.hibernate.search.SearchQueryTest.count_output_1590730163,1590731871,1590730554,1317
surefire-batch-sorted-pom-output,JON_50-no-mods-input_r100_t518400_5M_29d_0h_29m_20s_spinn3r.noxy-d53a494=com.spinn3r.noxy.discovery.zookeeper.ZKTest.testBulkClusterJoining_output_1590730163,1590735557,1590730472,5085
surefire-batch-sorted-pom-output,JON_50-no-mods-input_r100_t518400_5M_29d_0h_29m_20s_square.retrofit-ae28c3d=retrofit2.adapter.rxjava.CancelDisposeTest.cancelDoesNotDispose_output_1590730163,1590731287,1590730559,728
surefire-batch-sorted-pom-output,JON_50-no-mods-input_r100_t518400_5M_29d_0h_29m_20s_square.retrofit-ae28c3d=retrofit2.CallTest.cancelOkHttpRequest_output_1590730163,1590731527,1590730562,965
surefire-batch-sorted-pom-output,JON_50-no-mods-input_r100_t518400_5M_29d_0h_29m_20s_tootallnate.java-websocket-fa3909c=org.java_websocket.issues.Issue256Test.runReconnectBlockingScenario0_output_1590730163,1590732160,1590730567,1593
surefire-batch-sorted-pom-output,JON_50-no-mods-input_r100_t518400_5M_29d_0h_29m_20s_undertow-io.undertow-d0efffa=io.undertow.websockets.jsr.test.JsrWebSocketServer07Test.testErrorHandling_output_1590730163,1590734050,1590730562,3488
surefire-batch-sorted-pom-output,JON_50-no-mods-input_r100_t518400_5M_29d_0h_29m_20s_vert-x3.vertx-rabbitmq-client-7305bcd=io.vertx.rabbitmq.RabbitMQClientReconnectTest.testReconnect_output_1590730163,1590731804,1590730477,1327
surefire-batch-sorted-pom-output,JON_50-no-mods-input_r100_t518400_5M_29d_0h_29m_20s_vmware.admiral-e4b0293=com.vmware.admiral.adapter.registry.service.RegistryAdapterServiceProxyTest.testInitWithProxyWithList_output_1590730163,1590734331,1590730480,3851
surefire-batch-sorted-pom-output,JON_50-no-mods-input_r100_t518400_5M_29d_0h_29m_20s_wro4j.wro4j-185ab60=ro.isdc.wro.extensions.processor.TestBourbonCssProcessor.shouldBeThreadSafe_output_1590730163,1590737789,1590730578,7211
surefire-batch-sorted-pom-output,JON_50-no-mods-input_r100_t518400_5M_29d_0h_29m_20s_wso2.carbon-apimgt-a82213e=org.wso2.carbon.apimgt.throttling.siddhi.extension.ThrottleTimeBatchWindowTestCase.throttleTimeWindowBatchTest1_output_1590730163,1590733802,1590730480,3322
surefire-batch-sorted-pom-output,JON_50-no-mods-input_r100_t518400_5M_29d_0h_29m_20s_zalando.riptide-8277e11=org.zalando.riptide.backup.BackupRequestPluginTest.shouldUseBackupRequest_output_1590730163,1590733082,1590730483,2599
surefire-batch-sorted-pom-output,JON_50-no-mods-input_r100_t518400_5M_29d_0h_29m_20s_zalando.riptide-8277e11=org.zalando.riptide.failsafe.RetryAfterDelayFunctionTest.shouldRetryOnDemandWithDynamicDelay_output_1590730163,1590733478,1590730486,2992
surefire-batch-sorted-pom-output,JON_50-no-mods-input_r100_t518400_5M_29d_0h_34m_20s_alibaba.fastjson-e05e9c5=com.alibaba.json.bvt.bug.Issue_717.test_for_issue_output_1590730462,1590757837,1590730812,27025
surefire-batch-sorted-pom-output,JON_50-no-mods-input_r100_t518400_5M_29d_0h_34m_20s_apache.hbase-801fc05=org.apache.hadoop.hbase.procedure2.TestProcedureSkipPersistence.test_output_1590730462,1590746975,1590730800,16175
surefire-batch-sorted-pom-output,JON_50-no-mods-input_r100_t518400_5M_29d_0h_34m_20s_apache.incubator-dubbo-737f7a7=org.apache.dubbo.remoting.exchange.support.header.HeartbeatHandlerTest.testHeartbeat_output_1590730462,1590735827,1590730785,5042
surefire-batch-sorted-pom-output,JON_50-no-mods-input_r100_t518400_5M_29d_0h_34m_20s_apache.incubator-dubbo-737f7a7=org.apache.dubbo.rpc.protocol.dubbo.DubboLazyConnectTest.testSticky1_output_1590730462,1590746582,1590730803,15779
surefire-batch-sorted-pom-output,JON_50-no-mods-input_r100_t518400_5M_29d_0h_34m_20s_apache.incubator-dubbo-737f7a7=org.apache.dubbo.rpc.protocol.http.HttpProtocolTest.testGenericInvokeWithNativeJava_output_1590730462,1590731789,1590730806,983
surefire-batch-sorted-pom-output,JON_50-no-mods-input_r100_t518400_5M_29d_0h_34m_20s_apereo.java-cas-client-574b74f=org.jasig.cas.client.validation.AssertionImplTests.testAssertionValidity_output_1590730462,1590731676,1590730762,914
surefire-batch-sorted-pom-output,JON_50-no-mods-input_r100_t518400_5M_29d_0h_34m_20s_c2mon.c2mon-d80687b=cern.c2mon.daq.filter.dynamic.DiffTimeDeadbandActivatorTest.testNoActivationOnFirstRecord_output_1590730462,1590732193,1590730762,1431
surefire-batch-sorted-pom-output,JON_50-no-mods-input_r100_t518400_5M_29d_0h_34m_20s_c2mon.c2mon-d80687b=cern.c2mon.server.common.republisher.RepublisherImplTest.testMultipleExceptions_output_1590730462,1590731755,1590730765,990
surefire-batch-sorted-pom-output,JON_50-no-mods-input_r100_t518400_5M_29d_0h_34m_20s_cescoffier.vertx-completable-future-011d3cd=me.escoffier.vertx.completablefuture.VertxCompletableFutureTest.testAcceptEitherAsyncWithExecutor_output_1590730462,1590734076,1590730768,3308
surefire-batch-sorted-pom-output,JON_50-no-mods-input_r100_t518400_5M_29d_0h_34m_20s_codingchili.excelastic-6bb7884=com.codingchili.TestWriter.shouldWriteToElasticPort_output_1590730462,1590731438,1590730765,673
surefire-batch-sorted-pom-output,JON_50-no-mods-input_r100_t518400_5M_29d_0h_34m_20s_davidmoten.rxjava2-extras-d0315b6=com.github.davidmoten.rx2.SpecializedMspcLinkedQueueTest.testPushPoll_output_1590730462,1590737058,1590730768,6290
surefire-batch-sorted-pom-output,JON_50-no-mods-input_r100_t518400_5M_29d_0h_34m_20s_eclipse-ee4j.tyrus-d86e0cb=org.glassfish.tyrus.test.e2e.non_deployable.ServerExecutorsManagementTest.testExecutorServicesGetClosed_output_1590730462,1590732268,1590730768,1500
surefire-batch-sorted-pom-output,JON_50-no-mods-input_r100_t518400_5M_29d_0h_34m_20s_elasticjob.elastic-job-lite-b022898=io.elasticjob.lite.event.rdb.JobEventRdbSearchTest.assertFindJobExecutionEventsWithTime_output_1590730462,1590734374,1590730804,3570
surefire-batch-sorted-pom-output,JON_50-no-mods-input_r100_t518400_5M_29d_0h_34m_20s_elasticjob.elastic-job-lite-b022898=io.elasticjob.lite.lifecycle.api.JobAPIFactoryTest.assertCreateJobStatisticsAPI_output_1590730462,1590731753,1590730804,949
surefire-batch-sorted-pom-output,JON_50-no-mods-input_r100_t518400_5M_29d_0h_34m_20s_espertechinc.esper-590fa9c=com.espertech.esper.example.rfidassetzone.TestLRMovingSimMain.testSim_output_1590730462,1590731987,1590730768,1219
surefire-batch-sorted-pom-output,JON_50-no-mods-input_r100_t518400_5M_29d_0h_34m_20s_feroult.yawp-b3bcf9c=io.yawp.testing.appengine.pipes.flow.FlowDropsTest.testFlowDropsToSameSink_output_1590730462,1590731535,1590730768,767
surefire-batch-sorted-pom-output,JON_50-no-mods-input_r100_t518400_5M_29d_0h_34m_20s_flaxsearch.luwak-c27ec08=uk.co.flax.luwak.matchers.TestParallelMatcher.testParallelSlowLog_output_1590730462,1590732605,1590730771,1834
surefire-batch-sorted-pom-output,JON_50-no-mods-input_r100_t518400_5M_29d_0h_34m_20s_fluent.fluent-logger-java-da14ec3=org.fluentd.logger.TestFluentLogger.testReconnection_output_1590730462,1590734685,1590730771,3914
surefire-batch-sorted-pom-output,JON_50-no-mods-input_r100_t518400_5M_29d_0h_34m_20s_fromage.redpipe-0aff891=net.redpipe.discovery.DiscoveryTest.checkWebClient_output_1590730462,1590731323,1590730771,552
surefire-batch-sorted-pom-output,JON_50-no-mods-input_r100_t518400_5M_29d_0h_34m_20s_lcw2004.one-7b9b249=com.lcw.one.main.EmailServiceTest.sendEmailList_output_1590730462,1590731653,1590730801,852
surefire-batch-sorted-pom-output,JON_50-no-mods-input_r100_t518400_5M_29d_0h_34m_20s_fromage.redpipe-0aff891=net.redpipe.engine.swagger.SwaggerApiTest.checkSwagger_output_1590730462,1590732766,1590730782,1984
surefire-batch-sorted-pom-output,JON_50-no-mods-input_r100_t518400_5M_29d_0h_34m_20s_fromage.redpipe-0aff891=net.redpipe.templating.freemarker.ApiTest.checkMail_output_1590730462,1590731505,1590730774,731
surefire-batch-sorted-pom-output,JON_50-no-mods-input_r100_t518400_5M_29d_0h_34m_20s_javadelight.delight-nashorn-sandbox-da35edc=delight.nashornsandbox.TestGetFunction.test_output_1590730462,1590734159,1590730771,3388
surefire-batch-sorted-pom-output,JON_50-no-mods-input_r100_t518400_5M_29d_0h_34m_20s_kagkarlsson.db-scheduler-4a8a28e=com.github.kagkarlsson.scheduler.SchedulerTest.scheduler_should_execute_rescheduled_task_when_exactly_due_output_1590730462,1590732486,1590730773,1713
surefire-batch-sorted-pom-output,JON_50-no-mods-input_r100_t518400_5M_29d_0h_34m_20s_knightliao.disconf-2ac5c82=com.baidu.disconf.client.test.DisconfMgrTestCase.demo_output_1590730462,1590731671,1590730806,865
surefire-batch-sorted-pom-output,JON_50-no-mods-input_r100_t518400_5M_29d_0h_34m_20s_looly.hutool-91565d0=cn.hutool.cron.test.CronTest.matchAllTest_output_1590730462,1590731229,1590730806,423
surefire-batch-sorted-pom-output,JON_50-no-mods-input_r100_t518400_5M_29d_0h_34m_20s_marcosbarbero.spring-cloud-zuul-ratelimit-ae9603f=com.marcosbarbero.tests.it.Bucket4jInfinispanApplicationTestIT.testExceedingQuotaCapacityRequest_output_1590730462,1590731226,1590730815,411
surefire-batch-sorted-pom-output,JON_50-no-mods-input_r100_t518400_5M_29d_0h_34m_20s_nationalsecurityagency.timely-3a8cbd3=timely.store.iterators.TimeSeriesGroupingIteratorTest.testMultipleTimeSeriesMovingAverage_output_1590730462,1590733408,1590730710,2698
surefire-batch-sorted-pom-output,JON_50-no-mods-input_r100_t518400_5M_29d_0h_34m_20s_odrotbohm.sos-d4ed68a=example.sos.modulith.orders.EmailNotificationTest.completingAnOrderUpdatesInventory_output_1590730462,1590731877,1590730742,1135
surefire-batch-sorted-pom-output,JON_50-no-mods-input_r100_t518400_5M_29d_0h_34m_20s_oracle.oci-java-sdk-2e9982f=com.oracle.bmc.objectstorage.transfer.ProgressTrackerTest.multipartUploadProgressTrackerFactory_simulateRealLifeScenario_output_1590730462,1590733038,1590730746,2292
surefire-batch-sorted-pom-output,JON_50-no-mods-input_r100_t518400_5M_29d_0h_34m_20s_orbit.orbit-c4904af=cloud.orbit.actors.extensions.test.LengthFieldHandlerTest.randomMessages_output_1590730462,1590732241,1590730812,1429
surefire-batch-sorted-pom-output,JON_50-no-mods-input_r100_t518400_5M_29d_0h_34m_20s_oryxproject.oryx-72ae4bb=com.cloudera.oryx.common.io.IOUtilsTest.testDistinctFreePorts_output_1590730462,1590734360,1590730806,3554
surefire-batch-sorted-pom-output,JON_50-no-mods-input_r100_t518400_5M_29d_0h_34m_20s_outbrain.aletheia-024a4b7=com.outbrain.aletheia.DatumAuditorStressTest.test_breadcrumbDispatcher_under_load_output_1590730462,1590731479,1590730746,733
surefire-batch-sorted-pom-output,JON_50-no-mods-input_r100_t518400_5M_29d_0h_34m_20s_pippo-java.pippo-ae898b6=ro.pippo.session.jedis.JedisSessionDataStorageTest.testDelete_output_1590730462,1590731311,1590730750,561
surefire-batch-sorted-pom-output,JON_50-no-mods-input_r100_t518400_5M_29d_0h_34m_20s_pippo-java.pippo-ae898b6=ro.pippo.session.mongodb.MongoDBSessionDataStorageTest.testCreate_output_1590730462,1590731210,1590730757,453
surefire-batch-sorted-pom-output,JON_50-no-mods-input_r100_t518400_5M_29d_0h_34m_20s_ppiastucki.recast4j-01d478e=org.recast4j.detour.tilecache.TileCacheTest.testPerformance_output_1590730462,1590733583,1590730757,2826
surefire-batch-sorted-pom-output,JON_50-no-mods-input_r100_t518400_5M_29d_0h_34m_20s_querydsl.querydsl-2bf234c=com.querydsl.hibernate.search.SearchQueryTest.count_output_1590730462,1590732146,1590730816,1330
surefire-batch-sorted-pom-output,JON_50-no-mods-input_r100_t518400_5M_29d_0h_34m_20s_spinn3r.noxy-d53a494=com.spinn3r.noxy.discovery.zookeeper.ZKTest.testBulkClusterJoining_output_1590730462,1590737113,1590730751,6362
surefire-batch-sorted-pom-output,JON_50-no-mods-input_r100_t518400_5M_29d_0h_34m_20s_square.retrofit-ae28c3d=retrofit2.adapter.rxjava.CancelDisposeTest.cancelDoesNotDispose_output_1590730462,1590731647,1590730823,824
surefire-batch-sorted-pom-output,JON_50-no-mods-input_r100_t518400_5M_29d_0h_34m_20s_square.retrofit-ae28c3d=retrofit2.CallTest.cancelOkHttpRequest_output_1590730462,1590731903,1590730824,1079
surefire-batch-sorted-pom-output,JON_50-no-mods-input_r100_t518400_5M_29d_0h_34m_20s_tootallnate.java-websocket-fa3909c=org.java_websocket.issues.Issue256Test.runReconnectBlockingScenario0_output_1590730462,1590732278,1590730815,1463
surefire-batch-sorted-pom-output,JON_50-no-mods-input_r100_t518400_5M_29d_0h_34m_20s_vert-x3.vertx-rabbitmq-client-7305bcd=io.vertx.rabbitmq.RabbitMQClientReconnectTest.testReconnect_output_1590730462,1590732134,1590730754,1380
surefire-batch-sorted-pom-output,JON_50-no-mods-input_r100_t518400_5M_29d_0h_34m_20s_vmware.admiral-e4b0293=com.vmware.admiral.adapter.registry.service.RegistryAdapterServiceProxyTest.testInitWithProxyWithList_output_1590730462,1590734737,1590730754,3983
surefire-batch-sorted-pom-output,JON_50-no-mods-input_r100_t518400_5M_29d_0h_34m_20s_wro4j.wro4j-185ab60=ro.isdc.wro.extensions.processor.TestBourbonCssProcessor.shouldBeThreadSafe_output_1590730462,1590737877,1590730812,7065
surefire-batch-sorted-pom-output,JON_50-no-mods-input_r100_t518400_5M_29d_0h_34m_20s_wso2.carbon-apimgt-a82213e=org.wso2.carbon.apimgt.throttling.siddhi.extension.ThrottleTimeBatchWindowTestCase.throttleTimeWindowBatchTest1_output_1590730462,1590734017,1590730757,3260
surefire-batch-sorted-pom-output,JON_50-no-mods-input_r100_t518400_5M_29d_0h_34m_20s_zalando.riptide-8277e11=org.zalando.riptide.backup.BackupRequestPluginTest.shouldUseBackupRequest_output_1590730462,1590733452,1590730759,2693
surefire-batch-sorted-pom-output,JON_50-no-mods-input_r100_t518400_5M_29d_0h_34m_20s_zalando.riptide-8277e11=org.zalando.riptide.failsafe.RetryAfterDelayFunctionTest.shouldRetryOnDemandWithDynamicDelay_output_1590730462,1590733663,1590730764,2899
surefire-batch-sorted-pom-output,JON_50-no-mods-input_r100_t518400_5M_29d_0h_39m_20s_alibaba.fastjson-e05e9c5=com.alibaba.json.bvt.bug.Issue_717.test_for_issue_output_1590730762,1590758439,1590731128,27311
surefire-batch-sorted-pom-output,JON_50-no-mods-input_r100_t518400_5M_29d_0h_39m_20s_apache.hbase-801fc05=org.apache.hadoop.hbase.procedure2.TestProcedureSkipPersistence.test_output_1590730762,1590746883,1590731080,15803
surefire-batch-sorted-pom-output,JON_50-no-mods-input_r100_t518400_5M_29d_0h_39m_20s_apache.incubator-dubbo-737f7a7=org.apache.dubbo.remoting.exchange.support.header.HeartbeatHandlerTest.testHeartbeat_output_1590730762,1590736032,1590731100,4932
surefire-batch-sorted-pom-output,JON_50-no-mods-input_r100_t518400_5M_29d_0h_39m_20s_apache.incubator-dubbo-737f7a7=org.apache.dubbo.rpc.protocol.dubbo.DubboLazyConnectTest.testSticky1_output_1590730762,1590746883,1590731100,15783
surefire-batch-sorted-pom-output,JON_50-no-mods-input_r100_t518400_5M_29d_0h_39m_20s_apache.incubator-dubbo-737f7a7=org.apache.dubbo.rpc.protocol.http.HttpProtocolTest.testGenericInvokeWithNativeJava_output_1590730762,1590732043,1590731100,943
surefire-batch-sorted-pom-output,JON_50-no-mods-input_r100_t518400_5M_29d_0h_39m_20s_apereo.java-cas-client-574b74f=org.jasig.cas.client.validation.AssertionImplTests.testAssertionValidity_output_1590730762,1590731989,1590731061,928
surefire-batch-sorted-pom-output,JON_50-no-mods-input_r100_t518400_5M_29d_0h_39m_20s_c2mon.c2mon-d80687b=cern.c2mon.daq.filter.dynamic.DiffTimeDeadbandActivatorTest.testNoActivationOnFirstRecord_output_1590730762,1590732418,1590731061,1357
surefire-batch-sorted-pom-output,JON_50-no-mods-input_r100_t518400_5M_29d_0h_39m_20s_c2mon.c2mon-d80687b=cern.c2mon.server.common.republisher.RepublisherImplTest.testMultipleExceptions_output_1590730762,1590732065,1590731064,1001
surefire-batch-sorted-pom-output,JON_50-no-mods-input_r100_t518400_5M_29d_0h_39m_20s_cescoffier.vertx-completable-future-011d3cd=me.escoffier.vertx.completablefuture.VertxCompletableFutureTest.testAcceptEitherAsyncWithExecutor_output_1590730762,1590734335,1590731061,3274
surefire-batch-sorted-pom-output,JON_50-no-mods-input_r100_t518400_5M_29d_0h_39m_20s_codingchili.excelastic-6bb7884=com.codingchili.TestWriter.shouldWriteToElasticPort_output_1590730762,1590731729,1590731064,665
surefire-batch-sorted-pom-output,JON_50-no-mods-input_r100_t518400_5M_29d_0h_39m_20s_davidmoten.rxjava2-extras-d0315b6=com.github.davidmoten.rx2.SpecializedMspcLinkedQueueTest.testPushPoll_output_1590730762,1590737382,1590731064,6318
surefire-batch-sorted-pom-output,JON_50-no-mods-input_r100_t518400_5M_29d_0h_39m_20s_eclipse-ee4j.tyrus-d86e0cb=org.glassfish.tyrus.test.e2e.non_deployable.ServerExecutorsManagementTest.testExecutorServicesGetClosed_output_1590730762,1590732467,1590731061,1406
surefire-batch-sorted-pom-output,JON_50-no-mods-input_r100_t518400_5M_29d_0h_39m_20s_elasticjob.elastic-job-lite-b022898=io.elasticjob.lite.event.rdb.JobEventRdbSearchTest.assertFindJobExecutionEventsWithTime_output_1590730762,1590734705,1590731103,3602
surefire-batch-sorted-pom-output,JON_50-no-mods-input_r100_t518400_5M_29d_0h_39m_20s_elasticjob.elastic-job-lite-b022898=io.elasticjob.lite.lifecycle.api.JobAPIFactoryTest.assertCreateJobStatisticsAPI_output_1590730762,1590732009,1590731106,903
surefire-batch-sorted-pom-output,JON_50-no-mods-input_r100_t518400_5M_29d_0h_39m_20s_espertechinc.esper-590fa9c=com.espertech.esper.example.rfidassetzone.TestLRMovingSimMain.testSim_output_1590730762,1590732279,1590731064,1215
surefire-batch-sorted-pom-output,JON_50-no-mods-input_r100_t518400_5M_29d_0h_39m_20s_feroult.yawp-b3bcf9c=io.yawp.testing.appengine.pipes.flow.FlowDropsTest.testFlowDropsToSameSink_output_1590730762,1590731769,1590731064,705
surefire-batch-sorted-pom-output,JON_50-no-mods-input_r100_t518400_5M_29d_0h_39m_20s_flaxsearch.luwak-c27ec08=uk.co.flax.luwak.matchers.TestParallelMatcher.testParallelSlowLog_output_1590730762,1590732813,1590731064,1749
surefire-batch-sorted-pom-output,JON_50-no-mods-input_r100_t518400_5M_29d_0h_39m_20s_fluent.fluent-logger-java-da14ec3=org.fluentd.logger.TestFluentLogger.testReconnection_output_1590730762,1590734833,1590731066,3767
surefire-batch-sorted-pom-output,JON_50-no-mods-input_r100_t518400_5M_29d_0h_39m_20s_fromage.redpipe-0aff891=net.redpipe.discovery.DiscoveryTest.checkWebClient_output_1590730762,1590731612,1590731066,546
surefire-batch-sorted-pom-output,JON_50-no-mods-input_r100_t518400_5M_29d_0h_39m_20s_fromage.redpipe-0aff891=net.redpipe.engine.swagger.SwaggerApiTest.checkSwagger_output_1590730762,1590732920,1590731069,1851
surefire-batch-sorted-pom-output,JON_50-no-mods-input_r100_t518400_5M_29d_0h_39m_20s_fromage.redpipe-0aff891=net.redpipe.templating.freemarker.ApiTest.checkMail_output_1590730762,1590731800,1590731070,730
surefire-batch-sorted-pom-output,JON_50-no-mods-input_r100_t518400_5M_29d_0h_39m_20s_javadelight.delight-nashorn-sandbox-da35edc=delight.nashornsandbox.TestGetFunction.test_output_1590730762,1590733816,1590731077,2739
surefire-batch-sorted-pom-output,JON_50-no-mods-input_r100_t518400_5M_29d_0h_39m_20s_kagkarlsson.db-scheduler-4a8a28e=com.github.kagkarlsson.scheduler.SchedulerTest.scheduler_should_execute_rescheduled_task_when_exactly_due_output_1590730762,1590732821,1590731100,1721
surefire-batch-sorted-pom-output,JON_50-no-mods-input_r100_t518400_5M_29d_0h_39m_20s_knightliao.disconf-2ac5c82=com.baidu.disconf.client.test.DisconfMgrTestCase.demo_output_1590730762,1590731866,1590731106,760
surefire-batch-sorted-pom-output,JON_50-no-mods-input_r100_t518400_5M_29d_0h_39m_20s_lcw2004.one-7b9b249=com.lcw.one.main.EmailServiceTest.sendEmailList_output_1590730762,1590731957,1590731100,857
surefire-batch-sorted-pom-output,JON_50-no-mods-input_r100_t518400_5M_29d_0h_39m_20s_looly.hutool-91565d0=cn.hutool.cron.test.CronTest.matchAllTest_output_1590730762,1590731519,1590731108,411
surefire-batch-sorted-pom-output,JON_50-no-mods-input_r100_t518400_5M_29d_0h_39m_20s_marcosbarbero.spring-cloud-zuul-ratelimit-ae9603f=com.marcosbarbero.tests.it.Bucket4jInfinispanApplicationTestIT.testExceedingQuotaCapacityRequest_output_1590730762,1590731545,1590731128,417
surefire-batch-sorted-pom-output,JON_50-no-mods-input_r100_t518400_5M_29d_0h_39m_20s_nationalsecurityagency.timely-3a8cbd3=timely.store.iterators.TimeSeriesGroupingIteratorTest.testMultipleTimeSeriesMovingAverage_output_1590730762,1590733503,1590731047,2456
surefire-batch-sorted-pom-output,JON_50-no-mods-input_r100_t518400_5M_29d_0h_39m_20s_odrotbohm.sos-d4ed68a=example.sos.modulith.orders.EmailNotificationTest.completingAnOrderUpdatesInventory_output_1590730762,1590732342,1590731008,1334
surefire-batch-sorted-pom-output,JON_50-no-mods-input_r100_t518400_5M_29d_0h_39m_20s_oracle.oci-java-sdk-2e9982f=com.oracle.bmc.objectstorage.transfer.ProgressTrackerTest.multipartUploadProgressTrackerFactory_simulateRealLifeScenario_output_1590730762,1590733332,1590731042,2290
surefire-batch-sorted-pom-output,JON_50-no-mods-input_r100_t518400_5M_29d_0h_39m_20s_orbit.orbit-c4904af=cloud.orbit.actors.extensions.test.LengthFieldHandlerTest.randomMessages_output_1590730762,1590732506,1590731108,1398
surefire-batch-sorted-pom-output,JON_50-no-mods-input_r100_t518400_5M_29d_0h_39m_20s_oryxproject.oryx-72ae4bb=com.cloudera.oryx.common.io.IOUtilsTest.testDistinctFreePorts_output_1590730762,1590734647,1590731108,3539
surefire-batch-sorted-pom-output,JON_50-no-mods-input_r100_t518400_5M_29d_0h_39m_20s_outbrain.aletheia-024a4b7=com.outbrain.aletheia.DatumAuditorStressTest.test_breadcrumbDispatcher_under_load_output_1590730762,1590731728,1590731053,675
surefire-batch-sorted-pom-output,JON_50-no-mods-input_r100_t518400_5M_29d_0h_39m_20s_pippo-java.pippo-ae898b6=ro.pippo.session.jedis.JedisSessionDataStorageTest.testDelete_output_1590730762,1590731603,1590731053,550
surefire-batch-sorted-pom-output,JON_50-no-mods-input_r100_t518400_5M_29d_0h_39m_20s_pippo-java.pippo-ae898b6=ro.pippo.session.mongodb.MongoDBSessionDataStorageTest.testCreate_output_1590730762,1590731464,1590731058,406
surefire-batch-sorted-pom-output,JON_50-no-mods-input_r100_t518400_5M_29d_0h_39m_20s_ppiastucki.recast4j-01d478e=org.recast4j.detour.tilecache.TileCacheTest.testPerformance_output_1590730762,1590734124,1590731058,3066
surefire-batch-sorted-pom-output,JON_50-no-mods-input_r100_t518400_5M_29d_0h_39m_20s_querydsl.querydsl-2bf234c=com.querydsl.hibernate.search.SearchQueryTest.count_output_1590730762,1590732407,1590731108,1299
surefire-batch-sorted-pom-output,JON_50-no-mods-input_r100_t518400_5M_29d_0h_39m_20s_spinn3r.noxy-d53a494=com.spinn3r.noxy.discovery.zookeeper.ZKTest.testBulkClusterJoining_output_1590730762,1590737066,1590731058,6008
surefire-batch-sorted-pom-output,JON_50-no-mods-input_r100_t518400_5M_29d_0h_39m_20s_square.retrofit-ae28c3d=retrofit2.CallTest.cancelOkHttpRequest_output_1590730762,1590732162,1590731111,1051
surefire-batch-sorted-pom-output,JON_50-no-mods-input_r100_t518400_5M_29d_0h_39m_20s_square.retrofit-ae28c3d=retrofit2.adapter.rxjava.CancelDisposeTest.cancelDoesNotDispose_output_1590730762,1590731895,1590731111,784
surefire-batch-sorted-pom-output,JON_50-no-mods-input_r100_t518400_5M_29d_0h_39m_20s_tootallnate.java-websocket-fa3909c=org.java_websocket.issues.Issue256Test.runReconnectBlockingScenario0_output_1590730762,1590732713,1590731122,1591
surefire-batch-sorted-pom-output,JON_50-no-mods-input_r100_t518400_5M_29d_0h_39m_20s_undertow-io.undertow-d0efffa=io.undertow.websockets.jsr.test.JsrWebSocketServer07Test.testErrorHandling_output_1590730762,1590734499,1590731116,3383
surefire-batch-sorted-pom-output,JON_50-no-mods-input_r100_t518400_5M_29d_0h_39m_20s_vert-x3.vertx-rabbitmq-client-7305bcd=io.vertx.rabbitmq.RabbitMQClientReconnectTest.testReconnect_output_1590730762,1590732353,1590731059,1294
surefire-batch-sorted-pom-output,JON_50-no-mods-input_r100_t518400_5M_29d_0h_39m_20s_vmware.admiral-e4b0293=com.vmware.admiral.adapter.registry.service.RegistryAdapterServiceProxyTest.testInitWithProxyWithList_output_1590730762,1590734466,1590731061,3405
surefire-batch-sorted-pom-output,JON_50-no-mods-input_r100_t518400_5M_29d_0h_39m_20s_wro4j.wro4j-185ab60=ro.isdc.wro.extensions.processor.TestBourbonCssProcessor.shouldBeThreadSafe_output_1590730762,1590738157,1590731111,7046
surefire-batch-sorted-pom-output,JON_50-no-mods-input_r100_t518400_5M_29d_0h_39m_20s_wso2.carbon-apimgt-a82213e=org.wso2.carbon.apimgt.throttling.siddhi.extension.ThrottleTimeBatchWindowTestCase.throttleTimeWindowBatchTest1_output_1590730762,1590734362,1590731061,3301
surefire-batch-sorted-pom-output,JON_50-no-mods-input_r100_t518400_5M_29d_0h_39m_20s_zalando.riptide-8277e11=org.zalando.riptide.backup.BackupRequestPluginTest.shouldUseBackupRequest_output_1590730762,1590733760,1590731061,2699
surefire-batch-sorted-pom-output,JON_50-no-mods-input_r100_t518400_5M_29d_0h_39m_20s_zalando.riptide-8277e11=org.zalando.riptide.failsafe.RetryAfterDelayFunctionTest.shouldRetryOnDemandWithDynamicDelay_output_1590730762,1590733936,1590731061,2875
surefire-batch-sorted-pom-output,JON_50-no-mods-input_r100_t518400_5M_29d_0h_4m_20s_alibaba.fastjson-e05e9c5=com.alibaba.json.bvt.bug.Issue_717.test_for_issue_output_1590728662,1590756608,1590729049,27559
surefire-batch-sorted-pom-output,JON_50-no-mods-input_r100_t518400_5M_29d_0h_4m_20s_apache.hbase-801fc05=org.apache.hadoop.hbase.procedure2.TestProcedureSkipPersistence.test_output_1590728662,1590745180,1590729030,16150
surefire-batch-sorted-pom-output,JON_50-no-mods-input_r100_t518400_5M_29d_0h_4m_20s_apache.incubator-dubbo-737f7a7=org.apache.dubbo.remoting.exchange.support.header.HeartbeatHandlerTest.testHeartbeat_output_1590728662,1590734047,1590729030,5017
surefire-batch-sorted-pom-output,JON_50-no-mods-input_r100_t518400_5M_29d_0h_4m_20s_apache.incubator-dubbo-737f7a7=org.apache.dubbo.rpc.protocol.dubbo.DubboLazyConnectTest.testSticky1_output_1590728662,1590744953,1590729038,15915
surefire-batch-sorted-pom-output,JON_50-no-mods-input_r100_t518400_5M_29d_0h_4m_20s_apache.incubator-dubbo-737f7a7=org.apache.dubbo.rpc.protocol.http.HttpProtocolTest.testGenericInvokeWithNativeJava_output_1590728662,1590730019,1590729030,989
surefire-batch-sorted-pom-output,JON_50-no-mods-input_r100_t518400_5M_29d_0h_4m_20s_apereo.java-cas-client-574b74f=org.jasig.cas.client.validation.AssertionImplTests.testAssertionValidity_output_1590728662,1590729964,1590729006,958
surefire-batch-sorted-pom-output,JON_50-no-mods-input_r100_t518400_5M_29d_0h_4m_20s_c2mon.c2mon-d80687b=cern.c2mon.daq.filter.dynamic.DiffTimeDeadbandActivatorTest.testNoActivationOnFirstRecord_output_1590728662,1590730486,1590729012,1474
surefire-batch-sorted-pom-output,JON_50-no-mods-input_r100_t518400_5M_29d_0h_4m_20s_c2mon.c2mon-d80687b=cern.c2mon.server.common.republisher.RepublisherImplTest.testMultipleExceptions_output_1590728662,1590730050,1590729027,1023
surefire-batch-sorted-pom-output,JON_50-no-mods-input_r100_t518400_5M_29d_0h_4m_20s_cescoffier.vertx-completable-future-011d3cd=me.escoffier.vertx.completablefuture.VertxCompletableFutureTest.testAcceptEitherAsyncWithExecutor_output_1590728662,1590732318,1590729023,3295
surefire-batch-sorted-pom-output,JON_50-no-mods-input_r100_t518400_5M_29d_0h_4m_20s_codingchili.excelastic-6bb7884=com.codingchili.TestWriter.shouldWriteToElasticPort_output_1590728662,1590729635,1590728940,695
surefire-batch-sorted-pom-output,JON_50-no-mods-input_r100_t518400_5M_29d_0h_4m_20s_davidmoten.rxjava2-extras-d0315b6=com.github.davidmoten.rx2.SpecializedMspcLinkedQueueTest.testPushPoll_output_1590728662,1590735533,1590728945,6588
surefire-batch-sorted-pom-output,JON_50-no-mods-input_r100_t518400_5M_29d_0h_4m_20s_eclipse-ee4j.tyrus-d86e0cb=org.glassfish.tyrus.test.e2e.non_deployable.ServerExecutorsManagementTest.testExecutorServicesGetClosed_output_1590728662,1590730510,1590728998,1512
surefire-batch-sorted-pom-output,JON_50-no-mods-input_r100_t518400_5M_29d_0h_4m_20s_elasticjob.elastic-job-lite-b022898=io.elasticjob.lite.event.rdb.JobEventRdbSearchTest.assertFindJobExecutionEventsWithTime_output_1590728662,1590732819,1590729038,3781
surefire-batch-sorted-pom-output,JON_50-no-mods-input_r100_t518400_5M_29d_0h_4m_20s_elasticjob.elastic-job-lite-b022898=io.elasticjob.lite.lifecycle.api.JobAPIFactoryTest.assertCreateJobStatisticsAPI_output_1590728662,1590729994,1590729036,958
surefire-batch-sorted-pom-output,JON_50-no-mods-input_r100_t518400_5M_29d_0h_4m_20s_espertechinc.esper-590fa9c=com.espertech.esper.example.rfidassetzone.TestLRMovingSimMain.testSim_output_1590728662,1590730266,1590729015,1251
surefire-batch-sorted-pom-output,JON_50-no-mods-input_r100_t518400_5M_29d_0h_4m_20s_feroult.yawp-b3bcf9c=io.yawp.testing.appengine.pipes.flow.FlowDropsTest.testFlowDropsToSameSink_output_1590728662,1590729827,1590729020,807
surefire-batch-sorted-pom-output,JON_50-no-mods-input_r100_t518400_5M_29d_0h_4m_20s_flaxsearch.luwak-c27ec08=uk.co.flax.luwak.matchers.TestParallelMatcher.testParallelSlowLog_output_1590728662,1590730903,1590729020,1883
surefire-batch-sorted-pom-output,JON_50-no-mods-input_r100_t518400_5M_29d_0h_4m_20s_fluent.fluent-logger-java-da14ec3=org.fluentd.logger.TestFluentLogger.testReconnection_output_1590728662,1590732843,1590729030,3813
surefire-batch-sorted-pom-output,JON_50-no-mods-input_r100_t518400_5M_29d_0h_4m_20s_fromage.redpipe-0aff891=net.redpipe.discovery.DiscoveryTest.checkWebClient_output_1590728662,1590729609,1590729017,592
surefire-batch-sorted-pom-output,JON_50-no-mods-input_r100_t518400_5M_29d_0h_4m_20s_fromage.redpipe-0aff891=net.redpipe.engine.swagger.SwaggerApiTest.checkSwagger_output_1590728662,1590731174,1590729063,2111
surefire-batch-sorted-pom-output,JON_50-no-mods-input_r100_t518400_5M_29d_0h_4m_20s_fromage.redpipe-0aff891=net.redpipe.templating.freemarker.ApiTest.checkMail_output_1590728662,1590729746,1590729023,723
surefire-batch-sorted-pom-output,JON_50-no-mods-input_r100_t518400_5M_29d_0h_4m_20s_javadelight.delight-nashorn-sandbox-da35edc=delight.nashornsandbox.TestGetFunction.test_output_1590728662,1590731908,1590729025,2883
surefire-batch-sorted-pom-output,JON_50-no-mods-input_r100_t518400_5M_29d_0h_4m_20s_kagkarlsson.db-scheduler-4a8a28e=com.github.kagkarlsson.scheduler.SchedulerTest.scheduler_should_execute_rescheduled_task_when_exactly_due_output_1590728662,1590730734,1590729028,1706
surefire-batch-sorted-pom-output,JON_50-no-mods-input_r100_t518400_5M_29d_0h_4m_20s_knightliao.disconf-2ac5c82=com.baidu.disconf.client.test.DisconfMgrTestCase.demo_output_1590728662,1590729842,1590729033,809
surefire-batch-sorted-pom-output,JON_50-no-mods-input_r100_t518400_5M_29d_0h_4m_20s_lcw2004.one-7b9b249=com.lcw.one.main.EmailServiceTest.sendEmailList_output_1590728662,1590729919,1590729028,891
surefire-batch-sorted-pom-output,JON_50-no-mods-input_r100_t518400_5M_29d_0h_4m_20s_looly.hutool-91565d0=cn.hutool.cron.test.CronTest.matchAllTest_output_1590728662,1590729491,1590729033,458
surefire-batch-sorted-pom-output,JON_50-no-mods-input_r100_t518400_5M_29d_0h_4m_20s_marcosbarbero.spring-cloud-zuul-ratelimit-ae9603f=com.marcosbarbero.tests.it.Bucket4jInfinispanApplicationTestIT.testExceedingQuotaCapacityRequest_output_1590728662,1590729487,1590729055,432
surefire-batch-sorted-pom-output,JON_50-no-mods-input_r100_t518400_5M_29d_0h_4m_20s_nationalsecurityagency.timely-3a8cbd3=timely.store.iterators.TimeSeriesGroupingIteratorTest.testMultipleTimeSeriesMovingAverage_output_1590728662,1590731414,1590728894,2520
surefire-batch-sorted-pom-output,JON_50-no-mods-input_r100_t518400_5M_29d_0h_4m_20s_odrotbohm.sos-d4ed68a=example.sos.modulith.orders.EmailNotificationTest.completingAnOrderUpdatesInventory_output_1590728662,1590730085,1590728910,1175
surefire-batch-sorted-pom-output,JON_50-no-mods-input_r100_t518400_5M_29d_0h_4m_20s_oracle.oci-java-sdk-2e9982f=com.oracle.bmc.objectstorage.transfer.ProgressTrackerTest.multipartUploadProgressTrackerFactory_simulateRealLifeScenario_output_1590728662,1590731257,1590728923,2334
surefire-batch-sorted-pom-output,JON_50-no-mods-input_r100_t518400_5M_29d_0h_4m_20s_orbit.orbit-c4904af=cloud.orbit.actors.extensions.test.LengthFieldHandlerTest.randomMessages_output_1590728662,1590730488,1590729041,1447
surefire-batch-sorted-pom-output,JON_50-no-mods-input_r100_t518400_5M_29d_0h_4m_20s_oryxproject.oryx-72ae4bb=com.cloudera.oryx.common.io.IOUtilsTest.testDistinctFreePorts_output_1590728662,1590732652,1590729038,3614
surefire-batch-sorted-pom-output,JON_50-no-mods-input_r100_t518400_5M_29d_0h_4m_20s_outbrain.aletheia-024a4b7=com.outbrain.aletheia.DatumAuditorStressTest.test_breadcrumbDispatcher_under_load_output_1590728662,1590729714,1590728927,787
surefire-batch-sorted-pom-output,JON_50-no-mods-input_r100_t518400_5M_29d_0h_4m_20s_pippo-java.pippo-ae898b6=ro.pippo.session.jedis.JedisSessionDataStorageTest.testDelete_output_1590728662,1590729523,1590728932,591
surefire-batch-sorted-pom-output,JON_50-no-mods-input_r100_t518400_5M_29d_0h_4m_20s_pippo-java.pippo-ae898b6=ro.pippo.session.mongodb.MongoDBSessionDataStorageTest.testCreate_output_1590728662,1590729397,1590728934,463
surefire-batch-sorted-pom-output,JON_50-no-mods-input_r100_t518400_5M_29d_0h_4m_20s_ppiastucki.recast4j-01d478e=org.recast4j.detour.tilecache.TileCacheTest.testPerformance_output_1590728662,1590731895,1590728932,2963
surefire-batch-sorted-pom-output,JON_50-no-mods-input_r100_t518400_5M_29d_0h_4m_20s_querydsl.querydsl-2bf234c=com.querydsl.hibernate.search.SearchQueryTest.count_output_1590728662,1590730461,1590729038,1423
surefire-batch-sorted-pom-output,JON_50-no-mods-input_r100_t518400_5M_29d_0h_4m_20s_spinn3r.noxy-d53a494=com.spinn3r.noxy.discovery.zookeeper.ZKTest.testBulkClusterJoining_output_1590728662,1590735231,1590728934,6297
surefire-batch-sorted-pom-output,JON_50-no-mods-input_r100_t518400_5M_29d_0h_4m_20s_square.retrofit-ae28c3d=retrofit2.adapter.rxjava.CancelDisposeTest.cancelDoesNotDispose_output_1590728662,1590729896,1590729041,855
surefire-batch-sorted-pom-output,JON_50-no-mods-input_r100_t518400_5M_29d_0h_4m_20s_square.retrofit-ae28c3d=retrofit2.CallTest.cancelOkHttpRequest_output_1590728662,1590730158,1590729041,1117
surefire-batch-sorted-pom-output,JON_50-no-mods-input_r100_t518400_5M_29d_0h_4m_20s_tootallnate.java-websocket-fa3909c=org.java_websocket.issues.Issue256Test.runReconnectBlockingScenario0_output_1590728662,1590730665,1590729049,1616
surefire-batch-sorted-pom-output,JON_50-no-mods-input_r100_t518400_5M_29d_0h_4m_20s_undertow-io.undertow-d0efffa=io.undertow.websockets.jsr.test.JsrWebSocketServer07Test.testErrorHandling_output_1590728662,1590732913,1590729049,3864
surefire-batch-sorted-pom-output,JON_50-no-mods-input_r100_t518400_5M_29d_0h_4m_20s_vert-x3.vertx-rabbitmq-client-7305bcd=io.vertx.rabbitmq.RabbitMQClientReconnectTest.testReconnect_output_1590728662,1590730430,1590729007,1423
surefire-batch-sorted-pom-output,JON_50-no-mods-input_r100_t518400_5M_29d_0h_4m_20s_vmware.admiral-e4b0293=com.vmware.admiral.adapter.registry.service.RegistryAdapterServiceProxyTest.testInitWithProxyWithList_output_1590728662,1590733372,1590729003,4369
surefire-batch-sorted-pom-output,JON_50-no-mods-input_r100_t518400_5M_29d_0h_4m_20s_wro4j.wro4j-185ab60=ro.isdc.wro.extensions.processor.TestBourbonCssProcessor.shouldBeThreadSafe_output_1590728662,1590735884,1590729043,6841
surefire-batch-sorted-pom-output,JON_50-no-mods-input_r100_t518400_5M_29d_0h_4m_20s_wso2.carbon-apimgt-a82213e=org.wso2.carbon.apimgt.throttling.siddhi.extension.ThrottleTimeBatchWindowTestCase.throttleTimeWindowBatchTest1_output_1590728662,1590732391,1590729007,3384
surefire-batch-sorted-pom-output,JON_50-no-mods-input_r100_t518400_5M_29d_0h_4m_20s_zalando.riptide-8277e11=org.zalando.riptide.backup.BackupRequestPluginTest.shouldUseBackupRequest_output_1590728662,1590731857,1590729010,2847
surefire-batch-sorted-pom-output,JON_50-no-mods-input_r100_t518400_5M_29d_0h_4m_20s_zalando.riptide-8277e11=org.zalando.riptide.failsafe.RetryAfterDelayFunctionTest.shouldRetryOnDemandWithDynamicDelay_output_1590728662,1590732093,1590729010,3083
surefire-batch-sorted-pom-output,JON_50-no-mods-input_r100_t518400_5M_29d_0h_9m_20s_alibaba.fastjson-e05e9c5=com.alibaba.json.bvt.bug.Issue_717.test_for_issue_output_1590728963,1590757990,1590729251,28739
surefire-batch-sorted-pom-output,JON_50-no-mods-input_r100_t518400_5M_29d_0h_9m_20s_apache.hbase-801fc05=org.apache.hadoop.hbase.procedure2.TestProcedureSkipPersistence.test_output_1590728963,1590745799,1590729235,16564
surefire-batch-sorted-pom-output,JON_50-no-mods-input_r100_t518400_5M_29d_0h_9m_20s_apache.incubator-dubbo-737f7a7=org.apache.dubbo.remoting.exchange.support.header.HeartbeatHandlerTest.testHeartbeat_output_1590728963,1590734300,1590729237,5063
surefire-batch-sorted-pom-output,JON_50-no-mods-input_r100_t518400_5M_29d_0h_9m_20s_apache.incubator-dubbo-737f7a7=org.apache.dubbo.rpc.protocol.dubbo.DubboLazyConnectTest.testSticky1_output_1590728963,1590745177,1590729243,15934
surefire-batch-sorted-pom-output,JON_50-no-mods-input_r100_t518400_5M_29d_0h_9m_20s_apache.incubator-dubbo-737f7a7=org.apache.dubbo.rpc.protocol.http.HttpProtocolTest.testGenericInvokeWithNativeJava_output_1590728963,1590730280,1590729238,1042
surefire-batch-sorted-pom-output,JON_50-no-mods-input_r100_t518400_5M_29d_0h_9m_20s_apereo.java-cas-client-574b74f=org.jasig.cas.client.validation.AssertionImplTests.testAssertionValidity_output_1590728963,1590730181,1590729226,955
surefire-batch-sorted-pom-output,JON_50-no-mods-input_r100_t518400_5M_29d_0h_9m_20s_c2mon.c2mon-d80687b=cern.c2mon.daq.filter.dynamic.DiffTimeDeadbandActivatorTest.testNoActivationOnFirstRecord_output_1590728963,1590730722,1590729226,1496
surefire-batch-sorted-pom-output,JON_50-no-mods-input_r100_t518400_5M_29d_0h_9m_20s_c2mon.c2mon-d80687b=cern.c2mon.server.common.republisher.RepublisherImplTest.testMultipleExceptions_output_1590728963,1590730253,1590729226,1027
surefire-batch-sorted-pom-output,JON_50-no-mods-input_r100_t518400_5M_29d_0h_9m_20s_cescoffier.vertx-completable-future-011d3cd=me.escoffier.vertx.completablefuture.VertxCompletableFutureTest.testAcceptEitherAsyncWithExecutor_output_1590728963,1590732523,1590729226,3297
surefire-batch-sorted-pom-output,JON_50-no-mods-input_r100_t518400_5M_29d_0h_9m_20s_codingchili.excelastic-6bb7884=com.codingchili.TestWriter.shouldWriteToElasticPort_output_1590728963,1590729940,1590729226,714
surefire-batch-sorted-pom-output,JON_50-no-mods-input_r100_t518400_5M_29d_0h_9m_20s_davidmoten.rxjava2-extras-d0315b6=com.github.davidmoten.rx2.SpecializedMspcLinkedQueueTest.testPushPoll_output_1590728963,1590735655,1590729226,6429
surefire-batch-sorted-pom-output,JON_50-no-mods-input_r100_t518400_5M_29d_0h_9m_20s_eclipse-ee4j.tyrus-d86e0cb=org.glassfish.tyrus.test.e2e.non_deployable.ServerExecutorsManagementTest.testExecutorServicesGetClosed_output_1590728963,1590730744,1590729226,1518
surefire-batch-sorted-pom-output,JON_50-no-mods-input_r100_t518400_5M_29d_0h_9m_20s_elasticjob.elastic-job-lite-b022898=io.elasticjob.lite.event.rdb.JobEventRdbSearchTest.assertFindJobExecutionEventsWithTime_output_1590728963,1590733074,1590729243,3831
surefire-batch-sorted-pom-output,JON_50-no-mods-input_r100_t518400_5M_29d_0h_9m_20s_elasticjob.elastic-job-lite-b022898=io.elasticjob.lite.lifecycle.api.JobAPIFactoryTest.assertCreateJobStatisticsAPI_output_1590728963,1590730261,1590729240,1021
surefire-batch-sorted-pom-output,JON_50-no-mods-input_r100_t518400_5M_29d_0h_9m_20s_espertechinc.esper-590fa9c=com.espertech.esper.example.rfidassetzone.TestLRMovingSimMain.testSim_output_1590728963,1590730486,1590729228,1258
surefire-batch-sorted-pom-output,JON_50-no-mods-input_r100_t518400_5M_29d_0h_9m_20s_feroult.yawp-b3bcf9c=io.yawp.testing.appengine.pipes.flow.FlowDropsTest.testFlowDropsToSameSink_output_1590728963,1590729985,1590729218,767
surefire-batch-sorted-pom-output,JON_50-no-mods-input_r100_t518400_5M_29d_0h_9m_20s_flaxsearch.luwak-c27ec08=uk.co.flax.luwak.matchers.TestParallelMatcher.testParallelSlowLog_output_1590728963,1590731122,1590729228,1894
surefire-batch-sorted-pom-output,JON_50-no-mods-input_r100_t518400_5M_29d_0h_9m_20s_fluent.fluent-logger-java-da14ec3=org.fluentd.logger.TestFluentLogger.testReconnection_output_1590728963,1590733057,1590729232,3825
surefire-batch-sorted-pom-output,JON_50-no-mods-input_r100_t518400_5M_29d_0h_9m_20s_fromage.redpipe-0aff891=net.redpipe.discovery.DiscoveryTest.checkWebClient_output_1590728963,1590729822,1590729232,590
surefire-batch-sorted-pom-output,JON_50-no-mods-input_r100_t518400_5M_29d_0h_9m_20s_fromage.redpipe-0aff891=net.redpipe.engine.swagger.SwaggerApiTest.checkSwagger_output_1590728963,1590731294,1590729229,2065
surefire-batch-sorted-pom-output,JON_50-no-mods-input_r100_t518400_5M_29d_0h_9m_20s_fromage.redpipe-0aff891=net.redpipe.templating.freemarker.ApiTest.checkMail_output_1590728963,1590729927,1590729232,695
surefire-batch-sorted-pom-output,JON_50-no-mods-input_r100_t518400_5M_29d_0h_9m_20s_javadelight.delight-nashorn-sandbox-da35edc=delight.nashornsandbox.TestGetFunction.test_output_1590728963,1590732519,1590729234,3285
surefire-batch-sorted-pom-output,JON_50-no-mods-input_r100_t518400_5M_29d_0h_9m_20s_kagkarlsson.db-scheduler-4a8a28e=com.github.kagkarlsson.scheduler.SchedulerTest.scheduler_should_execute_rescheduled_task_when_exactly_due_output_1590728963,1590730963,1590729234,1729
surefire-batch-sorted-pom-output,JON_50-no-mods-input_r100_t518400_5M_29d_0h_9m_20s_knightliao.disconf-2ac5c82=com.baidu.disconf.client.test.DisconfMgrTestCase.demo_output_1590728963,1590730051,1590729243,808
surefire-batch-sorted-pom-output,JON_50-no-mods-input_r100_t518400_5M_29d_0h_9m_20s_lcw2004.one-7b9b249=com.lcw.one.main.EmailServiceTest.sendEmailList_output_1590728963,1590730123,1590729235,888
surefire-batch-sorted-pom-output,JON_50-no-mods-input_r100_t518400_5M_29d_0h_9m_20s_looly.hutool-91565d0=cn.hutool.cron.test.CronTest.matchAllTest_output_1590728963,1590729713,1590729246,467
surefire-batch-sorted-pom-output,JON_50-no-mods-input_r100_t518400_5M_29d_0h_9m_20s_marcosbarbero.spring-cloud-zuul-ratelimit-ae9603f=com.marcosbarbero.tests.it.Bucket4jInfinispanApplicationTestIT.testExceedingQuotaCapacityRequest_output_1590728963,1590730132,1590729324,808
surefire-batch-sorted-pom-output,JON_50-no-mods-input_r100_t518400_5M_29d_0h_9m_20s_nationalsecurityagency.timely-3a8cbd3=timely.store.iterators.TimeSeriesGroupingIteratorTest.testMultipleTimeSeriesMovingAverage_output_1590728963,1590731702,1590729207,2495
surefire-batch-sorted-pom-output,JON_50-no-mods-input_r100_t518400_5M_29d_0h_9m_20s_odrotbohm.sos-d4ed68a=example.sos.modulith.orders.EmailNotificationTest.completingAnOrderUpdatesInventory_output_1590728963,1590730437,1590729221,1216
surefire-batch-sorted-pom-output,JON_50-no-mods-input_r100_t518400_5M_29d_0h_9m_20s_orbit.orbit-c4904af=cloud.orbit.actors.extensions.test.LengthFieldHandlerTest.randomMessages_output_1590728963,1590730691,1590729240,1451
surefire-batch-sorted-pom-output,JON_50-no-mods-input_r100_t518400_5M_29d_0h_9m_20s_oracle.oci-java-sdk-2e9982f=com.oracle.bmc.objectstorage.transfer.ProgressTrackerTest.multipartUploadProgressTrackerFactory_simulateRealLifeScenario_output_1590728963,1590731603,1590729222,2381
surefire-batch-sorted-pom-output,JON_50-no-mods-input_r100_t518400_5M_29d_0h_9m_20s_oryxproject.oryx-72ae4bb=com.cloudera.oryx.common.io.IOUtilsTest.testDistinctFreePorts_output_1590728963,1590732849,1590729243,3606
surefire-batch-sorted-pom-output,JON_50-no-mods-input_r100_t518400_5M_29d_0h_9m_20s_outbrain.aletheia-024a4b7=com.outbrain.aletheia.DatumAuditorStressTest.test_breadcrumbDispatcher_under_load_output_1590728963,1590729967,1590729222,745
surefire-batch-sorted-pom-output,JON_50-no-mods-input_r100_t518400_5M_29d_0h_9m_20s_pippo-java.pippo-ae898b6=ro.pippo.session.jedis.JedisSessionDataStorageTest.testDelete_output_1590728963,1590729804,1590729224,580
surefire-batch-sorted-pom-output,JON_50-no-mods-input_r100_t518400_5M_29d_0h_9m_20s_pippo-java.pippo-ae898b6=ro.pippo.session.mongodb.MongoDBSessionDataStorageTest.testCreate_output_1590728963,1590729661,1590729224,437
surefire-batch-sorted-pom-output,JON_50-no-mods-input_r100_t518400_5M_29d_0h_9m_20s_ppiastucki.recast4j-01d478e=org.recast4j.detour.tilecache.TileCacheTest.testPerformance_output_1590728963,1590732013,1590729224,2789
surefire-batch-sorted-pom-output,JON_50-no-mods-input_r100_t518400_5M_29d_0h_9m_20s_querydsl.querydsl-2bf234c=com.querydsl.hibernate.search.SearchQueryTest.count_output_1590728963,1590731117,1590729248,1869
surefire-batch-sorted-pom-output,JON_50-no-mods-input_r100_t518400_5M_29d_0h_9m_20s_spinn3r.noxy-d53a494=com.spinn3r.noxy.discovery.zookeeper.ZKTest.testBulkClusterJoining_output_1590728963,1590735113,1590729224,5889
surefire-batch-sorted-pom-output,JON_50-no-mods-input_r100_t518400_5M_29d_0h_9m_20s_square.retrofit-ae28c3d=retrofit2.adapter.rxjava.CancelDisposeTest.cancelDoesNotDispose_output_1590728963,1590730107,1590729258,849
surefire-batch-sorted-pom-output,JON_50-no-mods-input_r100_t518400_5M_29d_0h_9m_20s_square.retrofit-ae28c3d=retrofit2.CallTest.cancelOkHttpRequest_output_1590728963,1590730464,1590729271,1193
surefire-batch-sorted-pom-output,JON_50-no-mods-input_r100_t518400_5M_29d_0h_9m_20s_tootallnate.java-websocket-fa3909c=org.java_websocket.issues.Issue256Test.runReconnectBlockingScenario0_output_1590728963,1590730811,1590729243,1568
surefire-batch-sorted-pom-output,JON_50-no-mods-input_r100_t518400_5M_29d_0h_9m_20s_undertow-io.undertow-d0efffa=io.undertow.websockets.jsr.test.JsrWebSocketServer07Test.testErrorHandling_output_1590728963,1590733134,1590729245,3889
surefire-batch-sorted-pom-output,JON_50-no-mods-input_r100_t518400_5M_29d_0h_9m_20s_vert-x3.vertx-rabbitmq-client-7305bcd=io.vertx.rabbitmq.RabbitMQClientReconnectTest.testReconnect_output_1590728963,1590730687,1590729225,1462
surefire-batch-sorted-pom-output,JON_50-no-mods-input_r100_t518400_5M_29d_0h_9m_20s_vmware.admiral-e4b0293=com.vmware.admiral.adapter.registry.service.RegistryAdapterServiceProxyTest.testInitWithProxyWithList_output_1590728963,1590733369,1590729225,4144
surefire-batch-sorted-pom-output,JON_50-no-mods-input_r100_t518400_5M_29d_0h_9m_20s_wro4j.wro4j-185ab60=ro.isdc.wro.extensions.processor.TestBourbonCssProcessor.shouldBeThreadSafe_output_1590728963,1590736882,1590729264,7618
surefire-batch-sorted-pom-output,JON_50-no-mods-input_r100_t518400_5M_29d_0h_9m_20s_wso2.carbon-apimgt-a82213e=org.wso2.carbon.apimgt.throttling.siddhi.extension.ThrottleTimeBatchWindowTestCase.throttleTimeWindowBatchTest1_output_1590728963,1590732551,1590729225,3326
surefire-batch-sorted-pom-output,JON_50-no-mods-input_r100_t518400_5M_29d_0h_9m_20s_zalando.riptide-8277e11=org.zalando.riptide.backup.BackupRequestPluginTest.shouldUseBackupRequest_output_1590728963,1590731917,1590729226,2691
surefire-batch-sorted-pom-output,JON_50-no-mods-input_r100_t518400_5M_29d_0h_9m_20s_zalando.riptide-8277e11=org.zalando.riptide.failsafe.RetryAfterDelayFunctionTest.shouldRetryOnDemandWithDynamicDelay_output_1590728963,1590732479,1590729226,3253
